src,dst
0,1210
0,2198
0,2239
0,3152
0,3578
0,4337
0,4771
0,5167
0,5372
0,7395
1,107
1,483
1,490
1,856
1,1066
1,1315
1,2113
1,2648
1,3013
1,4259
1,4735
1,5321
1,5433
1,6417
1,6563
1,7128
1,7359
2,1036
2,2152
2,3592
2,3818
2,4183
2,4757
2,6684
2,7558
2,7590
3,260
3,448
3,552
3,1058
3,1575
3,2170
3,2198
3,2239
3,2370
3,3049
3,3152
3,3311
3,3748
3,4086
3,4376
3,4670
3,4805
3,5070
3,5234
3,5258
3,5404
3,5641
3,6424
3,6847
3,6952
3,7467
3,7481
3,7582
4,3474
4,3741
4,3915
4,4143
4,4208
4,4351
4,4673
4,5030
4,6623
4,6653
5,71
5,304
5,305
5,526
5,584
5,587
5,728
5,748
5,785
5,911
5,921
5,934
5,936
5,956
5,1058
5,1291
5,1448
5,1521
5,1978
5,2198
5,2402
5,2404
5,2655
5,2703
5,2903
5,2945
5,3134
5,3270
5,3404
5,3510
5,3513
5,3520
5,3821
5,3839
5,3920
5,4040
5,4067
5,4153
5,4376
5,4541
5,4605
5,4707
5,4805
5,5132
5,5174
5,5556
5,5641
5,5722
5,5756
5,5775
5,6058
5,6067
5,6449
5,6843
5,6909
5,6952
5,7047
5,7077
5,7149
6,2519
6,2700
6,2996
6,3716
6,4311
6,5154
7,399
7,401
7,433
7,491
7,890
7,935
7,1053
7,1213
7,1306
7,1411
7,1852
7,2046
7,2054
7,2180
7,2250
7,2321
7,2504
7,2591
7,3048
7,3057
7,3536
7,3797
7,3806
7,3811
7,3843
7,4126
7,4133
7,4265
7,4623
7,4639
7,4855
7,5161
7,5395
7,5413
7,5427
7,5599
7,5915
7,5977
7,6081
7,6127
7,6151
7,6213
7,6255
7,6357
7,6380
7,6525
7,6641
7,6650
7,6687
7,6763
7,6871
7,7378
8,73
8,748
8,936
8,1225
8,1291
8,2529
8,3404
8,3513
8,3821
8,3978
8,4153
8,6243
8,6547
8,7149
8,7624
9,252
9,564
9,1298
9,1358
9,1435
9,2094
9,2263
9,2378
9,2707
9,2944
9,4277
9,4882
9,5486
9,5933
9,7094
10,335
10,349
10,605
10,641
10,981
10,1038
10,1041
10,1088
10,1264
10,1334
10,1616
10,1696
10,1732
10,1736
10,1881
10,1980
10,2337
10,2364
10,2435
10,2623
10,2777
10,3415
10,3583
10,3678
10,3711
10,3717
10,3749
10,3992
10,4509
10,4548
10,4723
10,4740
10,4829
10,4992
10,5110
10,5341
10,5409
10,5509
10,5828
10,5852
10,5868
10,5929
10,5939
10,6357
10,6557
10,6628
10,6665
10,6876
10,7308
10,7348
10,7437
10,7458
10,7513
11,2168
11,2874
11,7449
12,880
12,2282
12,2297
12,2824
12,4104
12,4850
12,4997
12,7620
13,1160
13,3197
14,85
14,260
14,1210
14,1880
14,1965
14,2129
14,3748
14,3895
14,4095
14,4376
14,4384
14,4616
14,5404
14,5641
14,5707
14,6701
14,7071
15,1153
15,2111
15,2198
15,2239
15,2856
15,3510
15,3559
15,4116
15,4376
15,4805
15,6569
15,6702
15,7130
16,7505
17,120
17,1234
17,1804
17,1909
17,2362
17,2943
17,3988
17,4146
17,5927
17,6130
17,6423
17,6681
17,7291
17,7404
18,3311
18,3895
18,4376
18,5404
18,5455
18,5816
19,204
19,279
19,315
19,342
19,581
19,620
19,686
19,1244
19,1664
19,1772
19,1824
19,1982
19,2064
19,2133
19,2813
19,3151
19,3741
19,3845
19,3903
19,3924
19,4143
19,4181
19,4208
19,4351
19,4357
19,4557
19,5094
19,5131
19,5361
19,5876
19,5877
19,5884
19,6006
19,6278
19,6587
19,6623
19,6712
19,7504
19,7565
20,73
20,162
20,229
20,305
20,495
20,551
20,616
20,629
20,839
20,919
20,1121
20,1453
20,1563
20,1586
20,1679
20,1707
20,2071
20,2179
20,2205
20,2529
20,2663
20,2751
20,3359
20,3394
20,3698
20,4015
20,4168
20,4422
20,4433
20,4986
20,5146
20,5305
20,5346
20,5375
20,5420
20,5467
20,5531
20,5614
20,5650
20,5722
20,5923
20,6105
20,6297
20,6411
20,6451
20,6733
20,6828
20,6951
20,7196
20,7374
21,117
21,241
21,347
21,1010
21,1773
21,1989
21,2034
21,2051
21,2606
21,2702
21,3186
21,3396
21,4000
21,4582
21,4587
21,5358
21,5434
21,5583
21,5656
21,5838
21,6674
21,6926
21,6991
21,7026
21,7224
21,7316
22,273
22,554
22,557
22,794
22,995
22,1079
22,1656
22,1772
22,1845
22,2240
22,2443
22,2757
22,3391
22,3563
22,3741
22,3892
22,3924
22,4143
22,4171
22,4280
22,4426
22,4673
22,4975
22,5686
22,6163
22,6645
22,6653
22,6874
22,7504
23,33
23,77
23,85
23,89
23,124
23,260
23,304
23,346
23,369
23,431
23,473
23,479
23,482
23,522
23,593
23,693
23,800
23,904
23,951
23,1067
23,1113
23,1214
23,1218
23,1226
23,1293
23,1330
23,1415
23,1421
23,1453
23,1456
23,1485
23,1540
23,1545
23,1614
23,1663
23,1684
23,1738
23,1798
23,1840
23,1907
23,1965
23,2013
23,2106
23,2198
23,2290
23,2313
23,2406
23,2432
23,2571
23,2575
23,2671
23,2765
23,2888
23,2911
23,3051
23,3079
23,3093
23,3183
23,3184
23,3226
23,3237
23,3284
23,3363
23,3377
23,3408
23,3538
23,3756
23,3758
23,4074
23,4157
23,4184
23,4210
23,4243
23,4333
23,4355
23,4376
23,4384
23,4465
23,4510
23,4658
23,4806
23,4871
23,4952
23,5015
23,5095
23,5160
23,5201
23,5296
23,5399
23,5404
23,5518
23,5707
23,5756
23,5797
23,5799
23,5955
23,5979
23,5982
23,6024
23,6208
23,6315
23,6461
23,6510
23,6540
23,6551
23,6562
23,6673
23,6678
23,6702
23,6706
23,6707
23,6760
23,6978
23,6992
23,7071
23,7085
23,7170
23,7231
23,7296
23,7353
23,7428
23,7464
23,7465
23,7487
23,7568
23,7572
23,7580
23,7607
24,89
24,366
24,369
24,375
24,400
24,1028
24,1186
24,1467
24,1744
24,1797
24,1850
24,1899
24,2408
24,2689
24,2929
24,3008
24,3081
24,3185
24,3373
24,3439
24,3445
24,3623
24,3683
24,3704
24,3893
24,4415
24,4588
24,4641
24,5050
24,5063
24,5441
24,5469
24,5542
24,5543
24,5734
24,5769
24,5853
24,5897
24,5903
24,5904
24,6330
24,6381
24,6414
24,6526
24,6702
24,7247
24,7280
25,626
25,702
25,838
25,925
25,949
25,3325
25,3699
25,3899
25,4686
25,5964
25,6702
25,6902
25,6940
25,7398
26,134
26,383
26,522
26,592
26,593
26,655
26,658
26,1004
26,1024
26,1236
26,1305
26,1347
26,2059
26,2095
26,2117
26,2198
26,2294
26,2556
26,2778
26,2819
26,2871
26,2931
26,3053
26,3123
26,3221
26,3241
26,3242
26,3243
26,3257
26,3294
26,3438
26,3469
26,3608
26,3657
26,3807
26,4147
26,4217
26,4386
26,4650
26,4791
26,4812
26,4828
26,4848
26,4912
26,4952
26,5061
26,5070
26,5133
26,5234
26,5290
26,5293
26,5302
26,5378
26,5404
26,5442
26,5568
26,5623
26,5932
26,6054
26,6353
26,6371
26,6702
26,6759
26,6790
26,6880
26,6983
26,7097
26,7119
26,7239
26,7276
26,7283
26,7365
26,7398
26,7464
26,7526
26,7534
26,7601
26,7607
27,213
27,258
27,269
27,836
27,1782
27,2039
27,2198
27,2239
27,2614
27,2882
27,3277
27,3359
27,3859
27,3910
27,4154
27,4230
27,4352
27,4522
27,4682
27,5199
27,5707
27,6437
27,6551
27,6702
27,6707
27,6890
27,7290
27,7353
27,7395
27,7510
28,36
28,41
28,48
28,72
28,94
28,105
28,109
28,167
28,262
28,269
28,305
28,306
28,373
28,403
28,438
28,456
28,469
28,485
28,522
28,526
28,659
28,714
28,756
28,835
28,920
28,924
28,966
28,971
28,1034
28,1060
28,1108
28,1182
28,1228
28,1245
28,1280
28,1408
28,1429
28,1470
28,1517
28,1579
28,1585
28,1627
28,1643
28,1661
28,1744
28,1777
28,1797
28,1834
28,1899
28,1905
28,1911
28,1929
28,1961
28,2030
28,2070
28,2093
28,2163
28,2206
28,2220
28,2239
28,2250
28,2262
28,2286
28,2317
28,2400
28,2447
28,2558
28,2581
28,2586
28,2689
28,2738
28,2740
28,2761
28,2776
28,2801
28,2804
28,2871
28,2960
28,3049
28,3051
28,3081
28,3109
28,3138
28,3152
28,3155
28,3221
28,3271
28,3277
28,3278
28,3320
28,3328
28,3331
28,3371
28,3381
28,3385
28,3419
28,3473
28,3512
28,3577
28,3578
28,3585
28,3623
28,3683
28,3689
28,3704
28,3720
28,3849
28,3856
28,3889
28,3916
28,3931
28,4001
28,4033
28,4044
28,4103
28,4161
28,4172
28,4194
28,4196
28,4294
28,4295
28,4390
28,4408
28,4415
28,4479
28,4688
28,4731
28,4805
28,4810
28,4854
28,4900
28,4956
28,5001
28,5063
28,5114
28,5136
28,5209
28,5214
28,5332
28,5343
28,5364
28,5437
28,5445
28,5496
28,5498
28,5500
28,5543
28,5549
28,5615
28,5634
28,5654
28,5664
28,5674
28,5708
28,5880
28,5918
28,5963
28,6078
28,6079
28,6176
28,6282
28,6338
28,6345
28,6381
28,6384
28,6414
28,6433
28,6475
28,6572
28,6600
28,6627
28,6696
28,6730
28,6784
28,6807
28,6834
28,6844
28,6852
28,6947
28,6996
28,7042
28,7132
28,7137
28,7293
28,7297
28,7305
28,7351
28,7364
28,7373
28,7395
28,7402
28,7503
28,7523
28,7526
28,7560
28,7573
29,2647
29,3041
29,3375
29,3988
29,4088
29,5184
29,6290
29,6860
29,7355
30,549
30,600
30,631
30,655
30,669
30,2026
30,2111
30,2585
30,2732
30,3457
30,3510
30,3633
30,4115
30,4533
30,4621
30,4665
30,5501
30,5527
30,6512
30,6569
30,6845
31,1049
31,1123
31,2496
31,3227
31,3967
31,4341
31,4471
31,6352
31,7095
31,7611
31,7620
32,558
32,764
32,5158
33,23
33,183
33,593
33,1226
33,1418
33,1421
33,1798
33,2013
33,2198
33,2553
33,2575
33,3051
33,3184
33,4164
33,4333
33,4680
33,5015
33,5201
33,5756
33,5979
33,6414
33,6673
33,6702
33,7067
33,7079
33,7085
33,7296
33,7464
33,7568
33,7607
34,1058
34,1481
34,2253
34,2704
34,2935
34,3545
34,4160
34,4376
34,4670
34,4805
34,5251
34,5559
34,7116
35,929
35,3541
35,6415
36,28
36,72
36,105
36,403
36,412
36,536
36,644
36,756
36,966
36,970
36,1060
36,1182
36,1280
36,1429
36,1585
36,1627
36,1777
36,1827
36,2250
36,2286
36,2447
36,2740
36,2854
36,2861
36,3024
36,3278
36,3310
36,3326
36,3371
36,3807
36,3928
36,4390
36,4854
36,5114
36,5364
36,5437
36,5500
36,5615
36,5843
36,5953
36,5963
36,6085
36,6807
36,7351
37,1419
37,1773
37,3175
37,4000
37,4760
37,4920
37,5548
38,324
38,453
38,529
38,569
38,779
38,1309
38,1396
38,1459
38,1558
38,1609
38,1706
38,1743
38,2189
38,2552
38,3023
38,3032
38,3570
38,3598
38,4342
38,4938
38,5491
38,5662
38,6275
38,6602
38,6965
38,7368
39,143
39,287
39,295
39,456
39,601
39,629
39,881
39,1185
39,1310
39,1479
39,2113
39,2118
39,2586
39,2626
39,2738
39,2795
39,3320
39,3339
39,3503
39,3990
39,4006
39,4302
39,4735
39,4904
39,4940
39,4987
39,5993
39,6588
39,6717
39,6901
39,7032
39,7323
39,7330
40,51
40,107
40,211
40,217
40,248
40,262
40,305
40,456
40,471
40,483
40,490
40,495
40,606
40,834
40,964
40,1102
40,1139
40,1184
40,1185
40,1212
40,1379
40,1409
40,1472
40,1603
40,1627
40,1725
40,1757
40,1777
40,1896
40,1911
40,1938
40,2024
40,2062
40,2084
40,2113
40,2145
40,2179
40,2198
40,2211
40,2215
40,2273
40,2306
40,2415
40,2588
40,2631
40,2701
40,2901
40,2959
40,3013
40,3054
40,3109
40,3224
40,3351
40,3382
40,3515
40,3577
40,3585
40,3591
40,3643
40,3765
40,4029
40,4031
40,4098
40,4173
40,4259
40,4301
40,4302
40,4569
40,4674
40,4731
40,4735
40,4745
40,4940
40,4991
40,5001
40,5181
40,5216
40,5321
40,5368
40,5433
40,5461
40,5467
40,5474
40,5530
40,5550
40,5674
40,5864
40,5865
40,5953
40,5997
40,6079
40,6096
40,6119
40,6178
40,6301
40,6417
40,6451
40,6511
40,6563
40,6572
40,6683
40,6878
40,6947
40,7128
40,7195
40,7196
40,7293
40,7298
40,7359
40,7556
40,7589
40,7602
41,28
41,526
41,552
41,1058
41,2111
41,2175
41,2198
41,2239
41,2558
41,2798
41,3049
41,3051
41,3114
41,3152
41,4164
41,4304
41,4376
41,4541
41,4670
41,4714
41,4805
41,5068
41,5231
41,5234
41,5312
41,5404
41,5415
41,5531
41,6354
41,6474
41,6630
41,6807
41,6909
41,6945
41,7467
42,258
42,312
42,366
42,592
42,593
42,632
42,727
42,731
42,774
42,836
42,1058
42,1102
42,1152
42,1178
42,1268
42,1415
42,1467
42,1634
42,1690
42,1744
42,1778
42,1796
42,1959
42,2086
42,2095
42,2198
42,2229
42,2239
42,2370
42,2432
42,2471
42,2615
42,2689
42,2736
42,2782
42,2981
42,3074
42,3160
42,3242
42,3279
42,3377
42,3438
42,3459
42,3721
42,3748
42,4071
42,4080
42,4083
42,4091
42,4157
42,4161
42,4164
42,4347
42,4376
42,4384
42,4595
42,4608
42,4688
42,4805
42,4827
42,4846
42,4952
42,4954
42,5037
42,5042
42,5070
42,5222
42,5290
42,5385
42,5404
42,5415
42,5649
42,5651
42,5703
42,5707
42,5734
42,5740
42,5799
42,5833
42,5881
42,5979
42,6039
42,6121
42,6215
42,6321
42,6342
42,6354
42,6414
42,6500
42,6669
42,6692
42,6702
42,6847
42,7008
42,7010
42,7091
42,7105
42,7289
42,7369
42,7464
42,7599
43,630
43,2077
43,2319
43,2505
43,3227
43,3244
43,3437
43,3495
43,4628
43,4906
43,5885
43,6433
43,7507
43,7641
44,565
44,799
44,929
44,1033
44,1553
44,1576
44,1715
44,1844
44,2020
44,2105
44,2188
44,3541
44,3568
44,3857
44,4119
44,4222
44,4389
44,4396
44,5149
44,5794
44,6415
44,6697
44,6926
44,7004
44,7120
44,7499
44,7571
45,53
45,202
45,1952
45,2347
45,2436
45,2453
45,2840
45,3219
45,3281
45,3437
45,3461
45,3662
45,3669
45,4106
45,4452
45,4527
45,4628
45,4646
45,4705
45,5035
45,5093
45,5172
45,5663
45,6117
45,6223
45,6307
45,6393
45,6970
46,1035
46,3571
46,3953
46,4019
46,4646
46,4961
46,6583
46,7041
46,7205
47,334
47,3195
47,4338
47,6546
47,7456
48,28
48,114
48,411
48,456
48,714
48,881
48,920
48,1280
48,1429
48,1929
48,2084
48,2239
48,2586
48,2626
48,3277
48,3834
48,3856
48,3889
48,3983
48,4154
48,4373
48,4522
48,4565
48,6069
48,6604
48,6775
48,6807
48,7020
48,7290
48,7395
48,7510
48,7524
49,212
49,382
49,584
49,1133
49,1287
49,2215
49,3421
49,3513
49,3751
49,3978
49,4584
49,4917
49,5280
49,7131
49,7149
50,3686
50,4668
50,5029
50,5254
50,6015
50,7373
50,7395
50,7644
51,40
51,143
51,161
51,456
51,1076
51,1139
51,1185
51,1820
51,1904
51,2113
51,2225
51,2738
51,3077
51,3179
51,3503
51,4173
51,4294
51,4735
51,4745
51,4940
51,4986
51,5321
51,5801
51,5993
51,6119
51,6452
51,6777
51,7032
51,7330
51,7602
52,157
52,385
52,2051
52,3661
52,5326
52,5580
52,6072
52,6432
52,7026
52,7095
53,45
53,577
53,691
53,791
53,1219
53,1242
53,2126
53,2283
53,2373
53,2473
53,2594
53,2669
53,2840
53,2924
53,3222
53,3425
53,3642
53,3675
53,3823
53,3972
53,4646
53,4656
53,4705
53,4852
53,4926
53,4969
53,5232
53,5239
53,5596
53,5605
53,5826
53,5894
53,5970
53,6300
53,6316
53,6509
53,7031
53,7063
53,7064
53,7237
53,7260
53,7261
53,7606
53,7613
54,932
54,1237
54,1256
54,1728
54,2204
54,2366
54,2439
54,2528
54,2605
54,2939
54,3201
54,3361
54,3412
54,3431
54,3879
54,4237
54,4335
54,4399
54,4618
54,4861
54,6113
54,7460
54,7500
54,7544
55,1606
55,2990
55,5922
56,1035
56,2100
56,3219
56,3352
56,3735
56,4646
56,5024
56,6324
56,6768
57,882
57,1434
57,1969
57,2090
57,2134
57,2260
57,3543
57,4467
57,5448
57,6046
57,6212
59,2204
59,2528
59,3879
59,6138
59,7141
59,7460
60,304
60,317
60,494
60,689
60,1011
60,1106
60,1349
60,1590
60,2275
60,2659
60,2716
60,2967
60,3658
60,3762
60,4086
60,4210
60,4642
60,4872
60,5886
60,6034
60,6537
60,6749
61,89
61,258
61,290
61,369
61,553
61,593
61,632
61,732
61,800
61,1102
61,1249
61,1708
61,1711
61,1738
61,1744
61,1746
61,1899
61,2198
61,2239
61,2406
61,2571
61,2614
61,2689
61,2832
61,3079
61,3359
61,3439
61,3502
61,3532
61,3683
61,3710
61,3782
61,3912
61,4415
61,4421
61,4453
61,4511
61,4522
61,4531
61,4641
61,4680
61,4778
61,4870
61,4983
61,5048
61,5050
61,5214
61,5404
61,5707
61,5797
61,5799
61,5903
61,6069
61,6082
61,6228
61,6414
61,6437
61,6468
61,6484
61,6692
61,6702
61,6707
61,7036
61,7054
61,7097
61,7209
61,7247
61,7289
61,7395
61,7597
61,7617
61,7619
61,7628
62,432
62,495
62,766
62,771
62,1013
62,1091
62,1094
62,1339
62,1472
62,1499
62,2143
62,2299
62,2425
62,2620
62,2993
62,3330
62,3421
62,3578
62,3607
62,3672
62,3866
62,3871
62,3895
62,3959
62,4037
62,4054
62,4223
62,4343
62,4384
62,5869
62,5941
62,5998
62,6098
62,6123
62,6581
62,7067
62,7171
62,7269
62,7478
62,7480
62,7603
64,145
64,297
64,355
64,1149
64,1304
64,1740
64,2168
64,2413
64,2874
64,3122
64,3511
64,4005
64,4093
64,5046
64,5104
64,5803
64,5877
64,6144
64,7220
64,7408
64,7449
64,7472
65,2111
65,4456
65,6916
66,193
66,244
66,530
66,1190
66,1219
66,1288
66,1500
66,1933
66,2014
66,2078
66,2412
66,2512
66,2748
66,2876
66,3159
66,3168
66,3303
66,3833
66,3942
66,4020
66,4068
66,4209
66,4424
66,4677
66,4738
66,4867
66,4963
66,5260
66,5680
66,5817
66,5872
66,6120
66,6223
66,6300
66,6523
66,7260
66,7261
66,7287
66,7316
66,7334
67,150
67,373
67,650
67,873
67,878
67,1009
67,1075
67,2034
67,2074
67,2136
67,2315
67,3208
67,3233
67,3354
67,3534
67,3622
67,3746
67,3993
67,4533
67,5314
67,5358
67,5466
67,5583
67,5656
67,6429
67,6556
67,6991
67,7329
68,354
68,396
68,451
68,452
68,547
68,574
68,792
68,929
68,1025
68,1147
68,1201
68,1208
68,1542
68,1779
68,1837
68,1968
68,1971
68,2278
68,2580
68,2692
68,2696
68,2846
68,3286
68,3301
68,3338
68,3402
68,3522
68,4036
68,4119
68,4444
68,4481
68,4547
68,4550
68,5021
68,5149
68,5196
68,6011
68,6158
68,6455
68,6697
68,6833
68,6883
68,6932
68,7301
68,7350
68,7533
68,7625
69,170
69,479
69,552
69,593
69,629
69,789
69,813
69,841
69,1058
69,1210
69,1211
69,1293
69,1415
69,1453
69,1472
69,1545
69,1620
69,1634
69,1661
69,1798
69,2198
69,2239
69,2340
69,2370
69,2377
69,2410
69,2471
69,2573
69,2600
69,2657
69,2911
69,2981
69,3177
69,3311
69,3459
69,3616
69,3693
69,3748
69,3895
69,4071
69,4095
69,4164
69,4257
69,4290
69,4376
69,4384
69,4392
69,4556
69,4570
69,4787
69,4806
69,5070
69,5132
69,5194
69,5278
69,5296
69,5404
69,5649
69,5816
69,5859
69,5881
69,6284
69,6492
69,6551
69,6702
69,6760
69,6890
69,6892
69,6971
69,7044
69,7071
69,7170
69,7471
69,7481
69,7572
69,7607
69,7612
70,223
70,428
70,1270
70,2036
70,3494
70,4170
70,5506
70,5550
70,5566
71,5
71,73
71,85
71,304
71,728
71,748
71,936
71,1291
71,1368
71,1472
71,1521
71,1739
71,1978
71,2198
71,2215
71,2703
71,2903
71,2911
71,3134
71,3404
71,3506
71,3513
71,3559
71,3784
71,4067
71,4086
71,4153
71,4376
71,4584
71,4605
71,4917
71,5132
71,5174
71,5641
71,5722
71,5775
71,5813
71,6067
71,6296
71,6348
71,6412
71,6427
71,6547
71,6909
71,6920
71,7147
71,7149
71,7240
71,7624
72,28
72,36
72,456
72,471
72,920
72,1111
72,1280
72,1429
72,1457
72,1585
72,1714
72,1905
72,1929
72,2163
72,2239
72,2738
72,2740
72,2801
72,2835
72,2871
72,3157
72,3271
72,3856
72,3916
72,4033
72,4100
72,4522
72,4754
72,5209
72,5343
72,5364
72,5496
72,5504
72,5843
72,6015
72,6237
72,6282
72,6572
72,6807
72,6852
72,7020
72,7550
73,8
73,20
73,71
73,92
73,143
73,149
73,162
73,198
73,229
73,305
73,382
73,466
73,551
73,555
73,606
73,611
73,715
73,919
73,1064
73,1121
73,1133
73,1134
73,1189
73,1258
73,1289
73,1296
73,1432
73,1465
73,1511
73,1563
73,1586
73,1607
73,1679
73,1707
73,1820
73,1896
73,1904
73,1910
73,1922
73,1958
73,2011
73,2028
73,2055
73,2071
73,2225
73,2248
73,2375
73,2384
73,2450
73,2529
73,2648
73,2751
73,2801
73,2821
73,2834
73,2839
73,2905
73,2993
73,3022
73,3124
73,3171
73,3199
73,3298
73,3330
73,3341
73,3503
73,3538
73,3591
73,3688
73,3698
73,3702
73,3832
73,3944
73,4062
73,4097
73,4141
73,4168
73,4228
73,4270
73,4309
73,4317
73,4330
73,4358
73,4386
73,4422
73,4427
73,4433
73,4523
73,4571
73,4692
73,4724
73,4876
73,4879
73,4890
73,4892
73,4904
73,4982
73,4986
73,5305
73,5346
73,5375
73,5397
73,5420
73,5461
73,5467
73,5513
73,5576
73,5614
73,5650
73,5665
73,5772
73,5801
73,5807
73,5842
73,5923
73,5926
73,5936
73,5984
73,6001
73,6105
73,6157
73,6252
73,6296
73,6395
73,6411
73,6412
73,6451
73,6513
73,6563
73,6610
73,6624
73,6733
73,6828
73,6951
73,7131
73,7134
73,7195
73,7196
73,7226
73,7231
73,7305
73,7376
73,7452
73,7584
73,7623
74,481
74,746
74,1509
74,3452
74,4191
74,4411
74,4663
74,6222
74,6609
74,6924
75,339
75,601
75,881
75,1185
75,1409
75,1479
75,2113
75,2299
75,2569
75,2586
75,2626
75,3037
75,3190
75,3503
75,3613
75,3772
75,3870
75,4097
75,4243
75,4490
75,4940
75,4987
75,5022
75,5111
75,5218
75,5263
75,5452
75,5504
75,5993
75,6086
75,6588
75,7032
75,7102
75,7330
76,552
76,1058
76,2198
76,2208
76,2370
76,3521
76,3748
76,4376
76,4805
76,5070
76,5296
76,5415
76,6354
76,6414
76,7289
77,23
77,89
77,258
77,309
77,369
77,469
77,593
77,1210
77,1513
77,1663
77,1684
77,1744
77,1763
77,1796
77,1798
77,1899
77,1997
77,2198
77,2239
77,2313
77,2406
77,2571
77,2661
77,2882
77,2931
77,3051
77,3185
77,3469
77,3720
77,3859
77,4023
77,4164
77,4402
77,4510
77,4522
77,4578
77,4680
77,4768
77,4805
77,5042
77,5139
77,5258
77,5372
77,5518
77,5707
77,5734
77,5756
77,5797
77,5799
77,5881
77,6077
77,6183
77,6313
77,6414
77,6449
77,6551
77,6566
77,6678
77,6702
77,6707
77,6847
77,7003
77,7150
77,7280
77,7294
77,7395
77,7428
77,7464
77,7568
77,7597
77,7607
78,206
78,427
78,459
78,1332
78,1781
78,2022
78,2369
78,3288
78,3416
78,4052
78,4515
78,4721
78,4911
78,4981
78,5005
78,5113
78,5242
78,5252
78,5300
78,5319
78,5416
78,5607
78,5681
78,5871
78,6018
78,6132
78,6218
78,6220
78,6239
78,6273
78,6559
78,6865
78,6918
78,7484
78,7554
78,7642
78,7645
79,593
79,1517
79,1744
79,1899
79,4071
79,5881
79,6673
81,5276
82,840
82,2424
82,2467
82,2582
82,3071
82,3308
82,3413
82,3432
82,3644
82,3752
82,4678
82,4860
82,5687
82,6013
82,6056
82,6238
82,6254
82,6478
82,6541
82,6695
82,6708
83,886
83,1055
83,1410
83,1438
83,1823
83,2877
83,4613
83,5759
83,6410
83,6425
83,6428
83,6816
84,385
84,1049
84,1123
84,1164
84,1419
84,1536
84,2496
84,3175
84,3244
84,3661
84,4646
84,4875
84,5326
84,5684
84,6169
84,7232
84,7575
84,7620
85,14
85,23
85,71
85,103
85,124
85,201
85,220
85,260
85,283
85,304
85,321
85,369
85,421
85,482
85,538
85,553
85,593
85,629
85,657
85,683
85,693
85,789
85,795
85,841
85,869
85,903
85,904
85,942
85,973
85,986
85,1011
85,1067
85,1102
85,1113
85,1129
85,1210
85,1211
85,1218
85,1249
85,1254
85,1268
85,1284
85,1293
85,1330
85,1357
85,1368
85,1370
85,1402
85,1421
85,1427
85,1430
85,1453
85,1478
85,1483
85,1620
85,1621
85,1624
85,1634
85,1665
85,1708
85,1712
85,1775
85,1784
85,1826
85,1840
85,1854
85,1860
85,1862
85,1880
85,1918
85,1954
85,1965
85,2033
85,2039
85,2086
85,2106
85,2120
85,2129
85,2173
85,2194
85,2198
85,2320
85,2339
85,2370
85,2377
85,2406
85,2410
85,2441
85,2479
85,2521
85,2522
85,2537
85,2571
85,2587
85,2617
85,2620
85,2639
85,2657
85,2671
85,2679
85,2711
85,2719
85,2744
85,2763
85,2765
85,2770
85,2772
85,2808
85,2809
85,2852
85,2855
85,2888
85,2911
85,2956
85,2958
85,2974
85,2991
85,3025
85,3068
85,3069
85,3125
85,3177
85,3183
85,3185
85,3225
85,3269
85,3279
85,3284
85,3297
85,3311
85,3334
85,3347
85,3362
85,3370
85,3377
85,3406
85,3408
85,3459
85,3493
85,3502
85,3520
85,3538
85,3602
85,3616
85,3659
85,3692
85,3693
85,3695
85,3734
85,3748
85,3756
85,3758
85,3762
85,3796
85,3808
85,3895
85,3898
85,3926
85,3958
85,3970
85,3996
85,3999
85,4080
85,4095
85,4096
85,4147
85,4167
85,4177
85,4184
85,4190
85,4233
85,4286
85,4303
85,4313
85,4355
85,4376
85,4384
85,4420
85,4465
85,4466
85,4535
85,4595
85,4616
85,4737
85,4773
85,4785
85,4787
85,4801
85,4803
85,4806
85,4865
85,4871
85,4904
85,4919
85,4952
85,4983
85,5058
85,5082
85,5091
85,5095
85,5111
85,5132
85,5143
85,5212
85,5222
85,5223
85,5259
85,5261
85,5278
85,5286
85,5296
85,5344
85,5350
85,5351
85,5404
85,5464
85,5490
85,5507
85,5513
85,5557
85,5593
85,5623
85,5626
85,5630
85,5641
85,5689
85,5704
85,5714
85,5730
85,5732
85,5756
85,5840
85,5855
85,5858
85,5859
85,5865
85,5941
85,5945
85,5952
85,5961
85,5975
85,5976
85,6030
85,6047
85,6054
85,6075
85,6208
85,6216
85,6242
85,6265
85,6303
85,6335
85,6348
85,6400
85,6537
85,6553
85,6562
85,6597
85,6611
85,6618
85,6640
85,6705
85,6736
85,6760
85,6794
85,6802
85,6810
85,6811
85,6848
85,6895
85,6906
85,6933
85,6936
85,6978
85,6981
85,6984
85,7044
85,7071
85,7101
85,7147
85,7197
85,7252
85,7265
85,7280
85,7296
85,7320
85,7331
85,7376
85,7385
85,7401
85,7410
85,7422
85,7465
85,7487
85,7520
85,7537
85,7568
85,7580
85,7582
85,7597
85,7599
85,7612
86,544
86,1934
86,2000
86,2239
86,3329
86,3368
86,3557
86,3573
86,3913
86,4118
86,4482
86,4725
86,5301
86,5422
86,6328
86,6719
86,7579
87,429
87,525
87,548
87,3405
87,3709
87,4823
87,5499
87,5763
87,7087
88,100
88,146
88,225
88,395
88,1052
88,1601
88,2430
88,2897
88,3005
88,3635
88,3778
88,3783
88,3793
88,3907
88,4189
88,4378
88,4400
88,4454
88,4577
88,4687
88,4817
88,5009
88,5170
88,5226
88,6048
88,6114
88,6258
88,6378
88,6651
88,6729
88,6748
88,6766
88,6896
88,6914
88,7077
89,23
89,24
89,61
89,77
89,169
89,258
89,319
89,322
89,366
89,369
89,375
89,392
89,431
89,482
89,562
89,593
89,632
89,633
89,710
89,732
89,774
89,800
89,818
89,906
89,924
89,945
89,989
89,1023
89,1028
89,1050
89,1081
89,1105
89,1351
89,1492
89,1513
89,1540
89,1545
89,1634
89,1639
89,1663
89,1671
89,1684
89,1738
89,1744
89,1746
89,1796
89,1866
89,1899
89,1993
89,2010
89,2030
89,2106
89,2115
89,2166
89,2193
89,2198
89,2239
89,2307
89,2340
89,2380
89,2432
89,2521
89,2540
89,2661
89,2738
89,2801
89,2832
89,2916
89,2979
89,2991
89,3008
89,3051
89,3093
89,3251
89,3277
89,3353
89,3373
89,3377
89,3379
89,3419
89,3428
89,3439
89,3623
89,3683
89,3756
89,3768
89,3832
89,3859
89,3897
89,3910
89,3946
89,3970
89,3987
89,4023
89,4071
89,4074
89,4127
89,4157
89,4161
89,4176
89,4188
89,4203
89,4241
89,4243
89,4307
89,4355
89,4402
89,4415
89,4421
89,4453
89,4463
89,4465
89,4510
89,4531
89,4578
89,4579
89,4586
89,4588
89,4638
89,4641
89,4658
89,4682
89,4688
89,4734
89,4737
89,4782
89,4870
89,4946
89,5008
89,5050
89,5139
89,5199
89,5214
89,5365
89,5372
89,5392
89,5398
89,5399
89,5404
89,5415
89,5510
89,5646
89,5769
89,5797
89,5799
89,5816
89,5903
89,5979
89,5982
89,6039
89,6077
89,6082
89,6183
89,6315
89,6397
89,6407
89,6414
89,6449
89,6462
89,6468
89,6497
89,6510
89,6526
89,6537
89,6551
89,6634
89,6669
89,6678
89,6692
89,6702
89,6706
89,6707
89,6804
89,6850
89,6887
89,6890
89,6921
89,6971
89,7010
89,7097
89,7103
89,7104
89,7105
89,7114
89,7139
89,7170
89,7181
89,7247
89,7280
89,7294
89,7353
89,7395
89,7410
89,7428
89,7520
89,7535
89,7540
89,7607
89,7610
89,7617
89,7619
89,7628
90,160
90,676
90,2709
90,2872
90,3524
90,3647
90,4838
90,4867
90,5802
90,6728
90,7417
90,7442
91,432
91,495
91,587
91,766
91,867
91,904
91,975
91,1013
91,1069
91,1377
91,1414
91,1418
91,1700
91,2198
91,2239
91,2287
91,2339
91,2372
91,2418
91,2427
91,2522
91,2655
91,2763
91,3098
91,3223
91,3518
91,3578
91,3665
91,3671
91,3695
91,3866
91,3887
91,3895
91,4054
91,4223
91,4358
91,4376
91,4570
91,5404
91,5505
91,5538
91,5941
91,5943
91,6028
91,6098
91,6522
91,6536
91,7029
91,7067
91,7467
92,73
92,127
92,149
92,259
92,450
92,604
92,606
92,839
92,843
92,881
92,1296
92,1444
92,1551
92,1603
92,1938
92,1958
92,2011
92,2146
92,2198
92,2239
92,2332
92,2572
92,2738
92,2901
92,2959
92,3171
92,3216
92,3277
92,3359
92,3501
92,3532
92,3593
92,3698
92,3832
92,3834
92,3844
92,3891
92,4039
92,4302
92,4315
92,4356
92,4422
92,4469
92,4565
92,4952
92,5404
92,5685
92,5707
92,5740
92,6161
92,6297
92,6624
92,6947
92,6951
92,7007
92,7032
92,7072
92,7134
92,7330
92,7374
92,7395
92,7510
92,7592
92,7628
93,150
93,878
93,1009
93,1010
93,1057
93,1331
93,1338
93,1500
93,2034
93,2051
93,2074
93,2136
93,2606
93,2742
93,3154
93,3186
93,3354
93,3534
93,3622
93,3746
93,3993
93,4061
93,4346
93,5314
93,5358
93,5466
93,5583
93,5656
93,5671
93,5723
93,5746
93,5913
93,5922
93,5985
93,6299
93,6556
93,6606
93,6674
93,6845
94,28
94,920
94,1152
94,1280
94,1417
94,1585
94,1627
94,1777
94,2198
94,2339
94,3585
94,3692
94,3916
94,4297
94,4376
94,4854
94,5296
94,6847
95,495
95,532
95,1390
95,1726
95,1901
95,2143
95,2565
95,2794
95,3040
95,3864
95,4037
95,4672
95,5652
95,5865
95,5869
95,6098
95,6747
95,6822
95,7067
95,7269
95,7296
95,7466
96,144
96,1140
96,1220
96,1311
96,1676
96,1737
96,1920
96,2109
96,2720
96,3231
96,3747
96,4512
96,4923
96,4980
96,6111
96,6550
96,6791
97,589
97,3792
98,260
98,345
98,869
98,951
98,1210
98,1592
98,1668
98,1862
98,2128
98,2981
98,3051
98,3748
98,4164
98,4376
98,4787
98,5070
98,5330
98,5404
98,5518
98,5612
98,5707
98,6024
98,6449
98,6492
98,6787
98,6968
98,7003
98,7044
98,7166
98,7210
99,1058
99,1357
99,2198
99,4376
99,4805
99,5037
99,5251
99,6990
100,88
100,146
100,250
100,395
100,638
100,648
100,752
100,998
100,1143
100,1519
100,1853
100,1987
100,2261
100,2265
100,2374
100,2430
100,2910
100,3005
100,3554
100,3625
100,3783
100,4084
100,4282
100,4378
100,4454
100,4577
100,4687
100,4817
100,5175
100,5226
100,5248
100,5778
100,5862
100,6048
100,6114
100,6126
100,6165
100,6258
100,6378
100,6651
100,6729
100,6766
100,7087
101,384
101,704
101,873
101,1109
101,1985
101,2078
101,2608
101,2762
101,3281
101,3942
101,3949
101,4272
101,4521
101,4705
101,5035
101,5596
101,5812
101,5826
101,6117
101,6223
101,6300
101,6352
101,7049
101,7160
101,7245
101,7287
101,7329
101,7594
102,1490
102,2061
102,2506
102,3660
102,3986
102,5570
102,6826
102,6950
103,85
103,149
103,226
103,460
103,509
103,573
103,762
103,903
103,916
103,1011
103,1076
103,1113
103,1218
103,1293
103,1427
103,1478
103,1510
103,1549
103,1610
103,1778
103,1961
103,2040
103,2086
103,2106
103,2194
103,2290
103,2331
103,2377
103,2520
103,2521
103,2620
103,2888
103,2956
103,3025
103,3171
103,3183
103,3225
103,3394
103,3408
103,3508
103,3532
103,3602
103,3698
103,3708
103,3712
103,3926
103,4049
103,4062
103,4080
103,4083
103,4091
103,4174
103,4384
103,4420
103,4556
103,4785
103,4803
103,4865
103,4952
103,5222
103,5261
103,5290
103,5661
103,5681
103,5926
103,6039
103,6259
103,6297
103,6462
103,6487
103,6489
103,6510
103,6588
103,6618
103,6640
103,6660
103,6713
103,6738
103,6810
103,7102
103,7182
103,7321
103,7365
103,7580
103,7599
104,354
104,452
104,547
104,915
104,1025
104,1147
104,1542
104,1837
104,1968
104,1971
104,2278
104,2580
104,2846
104,3522
104,4119
104,4319
104,4444
104,4481
104,5021
104,5149
104,5196
104,6158
104,6883
104,7301
104,7533
105,28
105,36
105,920
105,1185
105,1280
105,1429
105,2586
105,3856
105,4033
105,4194
105,5496
105,6211
105,6237
105,6382
105,6807
105,7042
106,143
106,299
106,456
106,629
106,680
106,1185
106,2113
106,2145
106,2415
106,2438
106,2586
106,2626
106,2795
106,2905
106,3194
106,3207
106,3277
106,3339
106,3532
106,3888
106,3990
106,4173
106,4626
106,4735
106,4940
106,4987
106,4991
106,5022
106,5188
106,5936
106,5993
106,5997
106,6159
106,6210
106,6379
106,6452
106,6588
106,6594
106,7020
106,7032
106,7330
107,1
107,40
107,143
107,456
107,1185
107,1245
107,2113
107,2145
107,2415
107,2586
107,2626
107,2809
107,3077
107,3339
107,4033
107,4301
107,4490
107,4735
107,4940
107,4987
107,5511
107,6176
107,6369
107,6452
107,6588
107,6777
107,7330
107,7602
108,195
108,242
108,496
108,941
108,988
108,1035
108,1443
108,1556
108,2078
108,2412
108,2453
108,2608
108,3086
108,3145
108,3227
108,3244
108,3352
108,3823
108,4238
108,5093
108,5310
108,5454
108,5817
108,6433
108,6504
108,6813
108,6970
108,7427
109,28
109,947
109,1058
109,1790
109,1854
109,1979
109,2066
109,2198
109,2239
109,2370
109,3295
109,3331
109,3433
109,3578
109,4164
109,4573
109,4670
109,4693
109,4805
109,4806
109,5108
109,5132
109,5234
109,5404
109,5881
109,6702
109,7467
109,7518
110,2519
110,2996
110,3716
111,495
111,532
111,535
111,985
111,1062
111,1241
111,1343
111,1795
111,1990
111,2032
111,2629
111,2706
111,3336
111,3405
111,3466
111,3578
111,3654
111,3739
111,4562
111,5052
111,5150
111,5179
111,5456
111,5758
111,5781
111,5869
111,6235
111,6422
111,7142
111,7332
111,7478
112,182
112,1065
112,1523
112,1804
112,2328
112,5237
112,5860
112,6130
113,116
113,766
113,1284
113,1753
113,2198
113,2576
113,2816
113,3203
113,3578
113,5132
113,5455
113,6098
113,6409
113,6702
113,7151
113,7280
114,48
114,260
114,411
114,1098
114,2239
114,2572
114,2820
114,3277
114,3561
114,4522
114,4822
114,5404
114,7395
115,552
115,593
115,1058
115,2198
115,3049
115,3384
115,3459
115,4080
115,4164
115,4376
115,4805
115,5132
115,5234
115,5415
115,6354
115,7277
116,113
116,194
116,766
116,1414
116,1546
116,1575
116,1753
116,1875
116,2310
116,2816
116,3049
116,3203
116,3545
116,3672
116,3817
116,3895
116,4371
116,4376
116,4562
116,4670
116,4743
116,4805
116,5132
116,5251
116,5287
116,5455
116,5962
116,6272
116,7216
116,7349
117,21
117,1010
117,1989
117,3396
117,4130
117,5238
117,5723
117,6674
118,137
118,703
118,1586
118,1961
118,2239
118,2547
118,3698
118,3789
118,4373
118,4464
118,5056
119,839
120,17
120,656
120,817
120,982
120,1065
120,1234
120,1326
120,1367
120,1806
120,1903
120,1909
120,2196
120,2362
120,2869
120,2943
120,3084
120,3850
120,4214
120,4382
120,4974
120,4993
120,5011
120,5421
120,5480
120,5673
120,5867
120,5883
120,5927
120,6090
120,6094
120,6396
120,6681
120,7009
120,7275
120,7404
120,7461
121,917
121,2168
121,4237
121,6138
121,6396
121,7460
122,409
122,932
122,1262
122,2318
122,3231
122,3601
122,3879
122,4208
122,4237
122,5611
122,6347
122,6401
122,7230
122,7460
123,502
123,584
123,1058
123,1284
123,1453
123,1478
123,1575
123,1999
123,2198
123,3068
123,3311
123,3698
123,3895
123,4248
123,4376
123,4384
123,4952
123,5132
123,5296
123,5404
123,5446
123,5455
123,6811
123,7096
123,7143
123,7147
123,7252
123,7612
124,23
124,85
124,240
124,260
124,593
124,904
124,1113
124,1210
124,1453
124,1798
124,2013
124,2106
124,2198
124,2313
124,2571
124,2620
124,3184
124,3408
124,3538
124,3748
124,3954
124,4164
124,4578
124,4680
124,4768
124,4952
124,5222
124,5707
124,5756
124,5881
124,6551
124,6646
124,6702
124,7003
124,7067
124,7085
124,7104
124,7170
124,7395
124,7464
124,7465
124,7535
124,7568
124,7582
125,1912
125,4473
126,1115
126,1664
126,1841
126,2366
126,2710
126,4226
126,4673
126,5131
126,6138
126,6199
126,6347
126,6480
126,7460
127,92
127,1058
127,1069
127,1414
127,1575
127,2198
127,2239
127,3330
127,3359
127,3578
127,3607
127,3697
127,3895
127,4054
127,4376
127,4422
127,5022
127,5132
127,5404
127,5987
127,6572
127,7330
127,7349
127,7599
128,252
128,564
128,796
128,822
128,908
128,1358
128,1435
128,1550
128,2027
128,2044
128,2094
128,2096
128,2263
128,2378
128,2707
128,2944
128,3365
128,3478
128,3484
128,3555
128,4277
128,4430
128,4769
128,4882
128,5118
128,5192
128,5486
128,5625
128,5636
128,5933
128,6162
128,6555
128,7094
128,7223
128,7235
128,7393
129,260
129,1898
129,2848
129,2888
129,3748
129,3756
129,4164
129,4376
129,5132
129,5816
130,815
130,2181
130,2726
130,2779
130,6286
130,6550
131,1593
131,1903
131,2101
131,4149
131,4613
131,5256
131,5277
131,5336
131,5736
131,5762
131,6148
131,6366
131,7257
131,7342
131,7631
132,1113
132,2039
132,2198
132,4535
133,671
133,703
133,1693
133,2811
133,3914
133,6472
134,26
134,260
134,383
134,522
134,593
134,1024
134,1092
134,1236
134,1347
134,1744
134,1899
134,1993
134,2095
134,2173
134,2239
134,2294
134,2553
134,2556
134,2819
134,2871
134,2887
134,3053
134,3123
134,3242
134,3469
134,4184
134,4217
134,4345
134,4650
134,4791
134,4805
134,4848
134,5234
134,5568
134,5932
134,6024
134,6039
134,6054
134,6289
134,6702
134,6759
134,7057
134,7276
134,7398
134,7464
134,7534
134,7601
135,1015
135,1565
135,2053
135,2100
135,2230
135,2976
135,3175
135,3191
135,3292
135,3735
135,4258
135,4275
135,5086
135,5548
135,5642
135,5789
135,6205
135,6324
135,6819
135,6875
135,7497
135,7575
135,7620
136,517
136,749
136,972
136,1221
136,2019
136,2037
136,2098
136,2250
136,2357
136,3575
136,4539
136,4666
136,6104
136,6679
136,7255
136,7566
136,7630
137,118
137,162
137,229
137,305
137,391
137,466
137,551
137,611
137,919
137,1058
137,1184
137,1453
137,1563
137,1586
137,1610
137,1679
137,1707
137,1831
137,1961
137,2043
137,2145
137,2164
137,2198
137,2239
137,2460
137,2751
137,2795
137,3022
137,3298
137,3359
137,3394
137,3578
137,3689
137,3698
137,4015
137,4080
137,4163
137,4376
137,4433
137,4700
137,4952
137,5022
137,5132
137,5146
137,5305
137,5375
137,5420
137,5454
137,5467
137,5614
137,5650
137,5772
137,5807
137,6411
137,6511
137,6563
137,6733
137,6737
137,6828
137,6961
137,7196
137,7305
137,7468
137,7612
138,258
138,479
138,542
138,659
138,706
138,717
138,1210
138,1368
138,1671
138,2410
138,2725
138,2808
138,2911
138,3538
138,3748
138,4484
138,4662
138,4806
138,4870
138,5070
138,5404
138,5649
138,6077
138,6354
138,6892
138,6906
138,7071
138,7369
138,7582
139,175
139,202
139,326
139,429
139,525
139,548
139,643
139,2153
139,2231
139,2293
139,2335
139,2416
139,3007
139,3197
139,3405
139,3709
139,4051
139,4172
139,4361
139,4449
139,5062
139,5310
139,5400
139,5802
139,6277
139,6458
139,6493
139,6608
139,6739
139,6908
139,6957
139,7251
140,1451
140,1547
140,1606
140,2178
140,2429
140,3192
140,3200
140,3639
140,3696
140,4018
140,4134
140,4374
140,4597
140,4652
140,4815
140,4929
140,4996
140,5579
140,6167
140,6326
140,6809
140,6820
140,6862
140,7089
140,7199
140,7439
141,5411
141,7620
142,620
142,999
142,2602
142,3845
142,5107
142,5361
142,7080
143,39
143,51
143,73
143,106
143,107
143,211
143,217
143,248
143,262
143,456
143,474
143,490
143,766
143,834
143,964
143,1034
143,1058
143,1069
143,1139
143,1212
143,1245
143,1361
143,1379
143,1409
143,1725
143,1911
143,2024
143,2062
143,2070
143,2084
143,2143
143,2198
143,2205
143,2211
143,2239
143,2586
143,2587
143,2588
143,2610
143,2648
143,2678
143,2701
143,2738
143,3013
143,3194
143,3224
143,3320
143,3501
143,3561
143,3578
143,3585
143,3643
143,3748
143,3849
143,3891
143,4031
143,4098
143,4168
143,4186
143,4259
143,4376
143,4390
143,4569
143,4719
143,4745
143,4805
143,4940
143,4991
143,5001
143,5132
143,5188
143,5216
143,5289
143,5321
143,5368
143,5404
143,5433
143,5455
143,5474
143,5556
143,5674
143,5772
143,5816
143,5864
143,5997
143,6119
143,6176
143,6210
143,6338
143,6417
143,6447
143,6448
143,6563
143,6761
143,6878
143,6947
143,6951
143,7035
143,7293
143,7298
143,7359
143,7556
143,7589
144,96
144,729
144,730
144,997
144,1115
144,1124
144,1262
144,1354
144,1638
144,2366
144,2391
144,2951
144,3128
144,3231
144,4613
144,4923
144,5011
144,5815
144,7011
144,7230
144,7317
144,7356
145,64
145,355
145,2168
145,2413
146,88
146,100
146,761
146,1052
146,1143
146,1181
146,1437
146,1597
146,2374
146,2897
146,3005
146,3778
146,3783
146,4189
146,4378
146,4400
146,4451
146,4577
146,4687
146,4817
146,5009
146,5226
146,5664
146,6114
146,6627
146,6651
146,6674
146,6748
146,6766
146,7304
147,221
147,398
147,425
147,444
147,481
147,510
147,561
147,578
147,618
147,619
147,671
147,679
147,685
147,688
147,690
147,782
147,992
147,1086
147,1096
147,1223
147,1292
147,1365
147,1466
147,1477
147,1509
147,1529
147,1562
147,1683
147,1858
147,1889
147,2012
147,2073
147,2176
147,2238
147,2259
147,2361
147,2395
147,2398
147,2444
147,2449
147,2468
147,2489
147,2491
147,2548
147,2786
147,2805
147,2843
147,2873
147,2896
147,2983
147,3211
147,3255
147,3393
147,3399
147,3411
147,3449
147,3452
147,3479
147,4117
147,4123
147,4151
147,4244
147,4252
147,4353
147,4423
147,4478
147,4487
147,4491
147,4494
147,4498
147,4524
147,4585
147,4607
147,4663
147,4681
147,4703
147,4708
147,4711
147,4761
147,4873
147,4884
147,4914
147,4921
147,4968
147,5016
147,5072
147,5138
147,5228
147,5270
147,5345
147,5357
147,5405
147,5489
147,5573
147,5609
147,5718
147,5721
147,5737
147,5751
147,5784
147,5896
147,5908
147,5972
147,6083
147,6103
147,6168
147,6311
147,6488
147,6508
147,6709
147,6725
147,6829
147,6972
147,7015
147,7024
147,7110
147,7218
147,7263
147,7324
147,7361
147,7444
147,7490
147,7502
147,7531
147,7598
148,630
148,1087
148,1109
148,1166
148,1534
148,2077
148,2236
148,2338
148,2436
148,2477
148,2505
148,2695
148,3495
148,3777
148,3995
148,4108
148,4495
148,4810
148,5137
148,5172
148,5517
148,5690
148,5802
148,5885
148,6433
148,7639
149,73
149,92
149,103
149,260
149,305
149,551
149,606
149,616
149,930
149,1278
149,1347
149,1353
149,1510
149,1544
149,1563
149,1586
149,1757
149,1778
149,1961
149,2239
149,2621
149,2663
149,2871
149,3140
149,3171
149,3256
149,3298
149,3359
149,3394
149,3501
149,3591
149,3698
149,4039
149,4080
149,4422
149,4952
149,5222
149,5296
149,5562
149,5629
149,5772
149,6014
149,6490
149,6572
149,6618
149,6624
149,6726
149,6737
149,7295
149,7305
149,7365
149,7374
149,7437
149,7474
149,7596
149,7599
150,67
150,93
150,200
150,373
150,650
150,872
150,1107
150,1463
150,1534
150,1964
150,2052
150,2136
150,2315
150,2316
150,2505
150,2585
150,2803
150,2830
150,2875
150,3038
150,3145
150,3154
150,3186
150,3208
150,3267
150,3354
150,3767
150,3993
150,3995
150,4328
150,4533
150,4698
150,4875
150,5026
150,5338
150,5358
150,5466
150,5644
150,5918
150,5965
150,6051
150,6337
150,6504
150,6556
150,6599
150,6689
150,6773
150,6817
150,6821
150,6910
150,6991
150,7019
150,7286
150,7329
150,7427
151,878
151,1710
151,1773
151,2914
151,3095
151,3989
151,4906
151,5185
151,5671
151,6270
151,7281
152,260
152,304
152,593
152,1058
152,1999
152,2106
152,2129
152,2198
152,2239
152,2406
152,2586
152,3185
152,3502
152,4054
152,4184
152,4376
152,4384
152,5132
152,5641
152,5979
152,6409
152,6449
152,6551
152,6702
152,7147
152,7572
154,1280
154,2293
155,1322
155,3549
155,4084
155,5234
155,6126
156,430
156,1653
156,2016
156,2169
156,2570
156,2863
156,2880
156,3031
156,3097
156,3397
156,3793
156,4094
156,4913
156,5727
156,5777
156,5796
156,6744
156,6914
157,52
157,385
157,1049
157,1123
157,1395
157,2100
157,2876
157,3156
157,3175
157,3248
157,3735
157,4209
157,4646
157,4810
157,5020
157,5684
157,6169
157,7575
157,7620
158,464
158,781
158,1471
158,1670
158,1852
158,1895
158,2180
158,3048
158,3187
158,3204
158,3263
158,3315
158,3843
158,4265
158,4334
158,4644
158,4855
158,4897
158,5147
158,5236
158,5275
158,6255
158,6390
158,6641
158,6786
158,6891
158,6974
158,7248
159,525
159,548
159,1950
159,2997
159,3709
159,5379
159,6142
159,6548
159,7087
159,7304
159,7498
159,7583
160,90
160,197
160,202
160,586
160,621
160,993
160,1166
160,1340
160,1452
160,1454
160,1674
160,2077
160,2121
160,2218
160,2390
160,2505
160,2524
160,2695
160,2764
160,3239
160,3495
160,3674
160,4019
160,4200
160,4232
160,4628
160,4922
160,4994
160,5014
160,5137
160,5172
160,5454
160,5456
160,5633
160,6245
160,6418
160,6433
160,6460
160,6549
160,6886
160,7160
160,7360
160,7417
160,7442
160,7639
161,51
161,211
161,262
161,456
161,471
161,483
161,490
161,1098
161,1185
161,1228
161,1379
161,1725
161,1911
161,2062
161,2070
161,2084
161,2298
161,2588
161,3013
161,3224
161,4098
161,4186
161,4259
161,4302
161,4569
161,4735
161,4745
161,4822
161,5001
161,5081
161,5188
161,5321
161,6417
161,6878
161,7298
161,7359
162,20
162,73
162,137
162,305
162,616
162,803
162,1158
162,1205
162,1534
162,1679
162,1689
162,1877
162,1961
162,2071
162,2164
162,2201
162,2751
162,2758
162,3139
162,3698
162,3723
162,3802
162,4033
162,4055
162,4163
162,4433
162,4479
162,4701
162,5031
162,5146
162,5268
162,5305
162,5445
162,5467
162,5483
162,5614
162,6078
162,6093
162,6341
162,6494
162,6545
162,6572
162,6737
162,6783
162,6815
162,7305
162,7374
163,2397
164,4875
164,6539
165,1252
165,1270
165,4922
165,4994
165,5506
166,439
166,617
166,709
166,733
166,778
166,884
166,977
166,1065
166,1446
166,1903
166,2064
166,2251
166,2292
166,3104
166,3494
166,4087
166,4925
166,4978
166,5092
166,5256
166,5523
166,5618
166,5738
166,5793
166,5877
166,6094
166,6130
166,6671
166,6873
166,7133
166,7460
167,28
167,456
167,1280
167,1347
167,1389
167,1429
167,1827
167,2113
167,2250
167,3164
167,3856
167,3931
167,4033
167,5022
167,5993
167,6282
167,6807
167,6852
167,7032
167,7035
167,7330
168,3437
168,3735
168,3872
168,4646
168,7620
169,89
169,183
169,278
169,366
169,446
169,593
169,924
169,1018
169,1058
169,1421
169,1513
169,1517
169,1663
169,1684
169,1723
169,1738
169,1744
169,1796
169,1798
169,1899
169,1993
169,2198
169,2239
169,2396
169,2432
169,2541
169,2553
169,2637
169,3049
169,3051
169,3184
169,3363
169,3478
169,3623
169,3648
169,3683
169,3748
169,3799
169,4023
169,4024
169,4157
169,4188
169,4243
169,4350
169,4402
169,4463
169,4578
169,4669
169,4688
169,4805
169,4934
169,4941
169,5015
169,5048
169,5070
169,5105
169,5160
169,5241
169,5255
169,5365
169,5372
169,5385
169,5399
169,5404
169,5518
169,5833
169,5903
169,5966
169,5982
169,6135
169,6183
169,6315
169,6361
169,6414
169,6669
169,6673
169,6702
169,6707
169,6787
169,6847
169,6907
169,7010
169,7021
169,7085
169,7337
169,7369
169,7428
169,7464
169,7477
169,7511
169,7577
170,69
170,260
170,593
170,1058
170,1064
170,1368
170,1415
170,1513
170,1798
170,2198
170,3049
170,3183
170,3748
170,4067
170,4071
170,4164
170,4376
170,4384
170,4466
170,4578
170,4805
170,5296
170,5404
170,5623
170,5641
170,5707
170,5740
170,5816
170,6758
170,6952
170,7252
171,1869
171,2512
171,2608
171,2872
171,3437
171,4452
171,4963
171,5817
171,6117
171,6642
171,7049
172,1656
172,2757
172,4673
172,5686
173,1006
173,3284
173,4384
173,4952
173,6702
174,937
174,1346
174,1709
174,1759
174,1827
174,1867
174,2250
174,2260
174,2281
174,2312
174,2754
174,3217
174,3558
174,4441
174,4666
174,4728
174,5668
174,6091
174,6465
174,6552
174,6603
174,6679
174,7118
174,7566
174,7630
174,7648
175,139
175,1280
175,2335
175,6807
177,932
177,1021
177,1449
177,1675
177,2528
177,3361
177,3431
177,3939
177,4197
177,4237
177,4399
177,4534
177,4861
177,5124
177,5279
177,6138
177,6550
177,7460
177,7544
178,3866
179,481
179,855
179,1622
179,3487
179,3795
179,3904
179,4244
179,4459
179,5038
179,6102
179,6488
179,7383
180,4736
180,4837
180,5822
180,7068
181,4922
181,5506
182,112
182,314
182,1065
182,1446
182,1523
182,1804
182,1909
182,2148
182,2196
182,3656
182,4146
182,4849
182,4943
182,5169
182,6090
182,6130
182,6806
183,33
183,169
183,431
183,455
183,534
183,593
183,599
183,710
183,924
183,1421
183,1447
183,1513
183,1517
183,1684
183,1727
183,1744
183,1792
183,1796
183,1805
183,1899
183,1942
183,1993
183,2124
183,2198
183,2206
183,2262
183,2432
183,2485
183,2553
183,2575
183,2634
183,2637
183,2649
183,2871
183,2888
183,2913
183,3020
183,3051
183,3138
183,3274
183,3623
183,3648
183,3683
183,3704
183,3713
183,3720
183,4074
183,4109
183,4333
183,4538
183,4546
183,4590
183,4669
183,4774
183,4870
183,5015
183,5139
183,5201
183,5241
183,5251
183,5348
183,5359
183,5488
183,5538
183,5543
183,5669
183,5744
183,5853
183,5966
183,5979
183,5982
183,6361
183,6414
183,6449
183,6597
183,6669
183,6673
183,6702
183,6754
183,6849
183,6978
183,7103
183,7203
183,7215
183,7337
183,7428
183,7464
183,7477
183,7511
183,7573
183,7577
184,1058
184,1293
184,2060
184,2215
184,3264
184,3748
184,3897
184,4164
184,5132
185,625
185,766
185,1046
185,1682
185,2143
185,3330
185,3607
185,3866
185,3895
185,4037
185,4343
185,4376
185,6017
185,7067
185,7269
185,7464
185,7603
186,335
186,767
186,1672
186,1785
186,1900
186,2235
186,2667
186,2892
186,2895
186,2899
186,2953
186,3283
186,3961
186,4105
186,4403
186,4666
186,4905
186,5117
186,5668
186,5711
186,5879
186,6250
186,7411
186,7506
187,314
187,409
187,1055
187,1065
187,1247
187,1502
187,1537
187,1823
187,2148
187,2328
187,4145
187,4937
187,4984
187,5697
187,5860
187,6130
187,6401
188,1108
188,1561
188,2239
188,3152
188,5412
188,6582
188,6778
189,316
189,328
189,463
189,517
189,801
189,1122
189,1196
189,1391
189,1434
189,1972
189,2635
189,2768
189,3272
189,3291
189,3305
189,3565
189,3597
189,4070
189,4614
189,4739
189,4758
189,4759
189,6212
189,6391
189,6465
189,6534
189,7272
189,7366
190,1230
190,2515
190,2810
190,3599
190,3740
190,5076
190,5763
190,5890
190,6214
190,6356
190,6905
190,7057
190,7078
191,4961
191,7205
191,7292
192,220
192,240
192,369
192,552
192,593
192,813
192,947
192,1058
192,1113
192,1169
192,1210
192,1414
192,1415
192,1469
192,1634
192,1712
192,1862
192,1959
192,2013
192,2039
192,2198
192,2239
192,2370
192,2377
192,2406
192,2571
192,2663
192,2913
192,3070
192,3079
192,3152
192,3226
192,3459
192,3502
192,3538
192,3713
192,3715
192,3748
192,4154
192,4164
192,4376
192,4422
192,4680
192,4805
192,5015
192,5132
192,5139
192,5404
192,5415
192,5641
192,5732
192,5740
192,5797
192,5816
192,6098
192,6284
192,6400
192,6449
192,6551
192,6646
192,6702
192,6707
192,7010
192,7071
192,7582
193,66
193,209
193,524
193,734
193,1049
193,1117
193,1503
193,3175
193,3571
193,3735
193,3953
193,4235
193,4429
193,4582
193,4961
193,5656
193,5684
193,6025
193,6169
193,6201
193,6514
193,6612
193,6768
193,6814
193,6817
193,7050
193,7081
193,7316
193,7532
193,7620
194,116
194,2198
194,2372
194,2816
194,3203
194,4743
194,6098
194,7151
195,108
195,241
195,530
195,549
195,765
195,851
195,941
195,988
195,1010
195,1057
195,1109
195,1164
195,1175
195,1248
195,1338
195,1416
195,1535
195,1556
195,1629
195,1710
195,1773
195,1952
195,1964
195,2014
195,2052
195,2078
195,2344
195,2416
195,2422
195,2428
195,2512
195,2539
195,2585
195,2606
195,2644
195,2680
195,2702
195,2799
195,3154
195,3168
195,3205
195,3227
195,3244
195,3453
195,3533
195,3568
195,3622
195,3633
195,3729
195,3819
195,3869
195,4051
195,4150
195,4209
195,4239
195,4346
195,4521
195,4560
195,4587
195,4665
195,4867
195,4906
195,5024
195,5026
195,5221
195,5326
195,5638
195,5671
195,5746
195,5838
195,5887
195,6031
195,6089
195,6107
195,6300
195,6436
195,6493
195,6556
195,6621
195,6674
195,6795
195,6845
195,7129
195,7145
195,7224
195,7334
195,7482
195,7507
195,7613
195,7621
195,7622
196,283
196,2653
196,2817
196,3510
196,3545
196,3962
196,4273
196,4376
196,4805
196,7130
197,160
197,384
197,485
197,573
197,676
197,912
197,1252
197,1255
197,1270
197,1385
197,1386
197,1480
197,1515
197,2126
197,2373
197,2473
197,3642
197,3675
197,3792
197,3828
197,4560
197,4656
197,4852
197,4994
197,5232
197,5239
197,5423
197,5566
197,5596
197,5894
197,5910
197,6509
197,6572
197,6757
197,7606
198,73
198,551
198,1896
198,3330
198,3503
198,3895
198,4097
198,4384
198,5650
198,6395
199,791
199,1933
199,1951
199,2373
199,2742
199,2984
199,3603
199,4260
199,4449
199,5043
199,5310
199,5725
199,5970
199,6147
199,6523
199,7367
200,150
200,873
200,878
200,1057
200,1331
200,1338
200,1403
200,2136
200,2316
200,2422
200,2585
200,3186
200,3233
200,3622
200,3647
200,4239
200,4410
200,4533
200,4665
200,4779
200,5358
200,5539
200,5913
200,6436
200,6556
200,7427
200,7442
201,85
201,369
201,593
201,766
201,789
201,1040
201,1058
201,1268
201,1293
201,1368
201,1415
201,1453
201,1575
201,1794
201,1798
201,1999
201,2033
201,2198
201,2215
201,2239
201,2377
201,2617
201,2657
201,2765
201,2770
201,3177
201,3311
201,3362
201,3459
201,3895
201,4067
201,4080
201,4376
201,4384
201,4392
201,4393
201,4578
201,4806
201,4865
201,5132
201,5194
201,5278
201,5296
201,5344
201,5525
201,5641
201,5881
201,5937
201,6098
201,6208
201,6409
201,6551
201,6618
201,6702
201,6707
201,7525
201,7572
202,45
202,139
202,160
202,704
202,1048
202,1175
202,1295
202,1386
202,1416
202,2709
202,2749
202,2799
202,2872
202,3168
202,3239
202,3281
202,3524
202,3662
202,3705
202,3763
202,4628
202,5074
202,5423
202,5616
202,5617
202,5633
202,5872
202,5988
202,6117
202,6415
202,6493
202,6501
202,6554
202,6994
202,7112
202,7160
202,7334
202,7442
203,2589
203,3779
203,4009
203,4116
203,4653
203,4747
203,4967
203,5544
203,6110
203,6512
203,7000
203,7113
203,7130
203,7250
203,7325
204,19
204,554
204,581
204,932
204,968
204,1021
204,1115
204,1131
204,1146
204,1392
204,1664
204,2133
204,2399
204,3201
204,3231
204,3236
204,3361
204,3569
204,3736
204,3741
204,3924
204,4008
204,4143
204,4237
204,4351
204,4391
204,4399
204,4673
204,4861
204,5094
204,5131
204,5587
204,5762
204,5876
204,6113
204,6138
204,6199
204,6347
204,6623
204,6653
204,7264
204,7460
205,1035
205,1536
205,3244
205,4209
205,4906
205,5684
205,7620
206,78
206,459
206,647
206,1781
206,1937
206,2139
206,2369
206,2842
206,3288
206,3350
206,3416
206,4099
206,4175
206,4721
206,4740
206,4911
206,4981
206,5005
206,5113
206,5319
206,5416
206,5681
206,5831
206,5871
206,6132
206,6220
206,6239
206,6559
206,6865
206,6918
206,7431
206,7484
208,2528
208,3879
208,3885
208,4208
208,6133
208,6138
208,6194
208,6347
208,6561
208,6635
208,7460
209,193
209,244
209,524
209,734
209,880
209,894
209,2702
209,3121
209,3829
209,4000
209,4646
209,4916
209,5656
209,5701
209,5970
209,6025
209,6169
209,6612
209,7050
209,7064
209,7112
209,7316
210,6393
211,40
211,143
211,161
211,248
211,456
211,680
211,881
211,1185
211,1315
211,1347
211,2113
211,2415
211,2438
211,2586
211,2738
211,2795
211,2801
211,2831
211,3194
211,3277
211,3339
211,4031
211,4033
211,4173
211,4294
211,4301
211,4373
211,4522
211,4565
211,4569
211,4735
211,4940
211,5181
211,5993
211,5997
211,6015
211,6159
211,6210
211,6379
211,6403
211,6594
211,7020
211,7032
211,7298
211,7420
212,49
212,287
212,382
212,571
212,584
212,628
212,683
212,724
212,808
212,892
212,921
212,936
212,1287
212,1291
212,1448
212,1521
212,1549
212,1733
212,1919
212,1922
212,1978
212,2059
212,2113
212,2186
212,2215
212,2325
212,2402
212,2529
212,2579
212,2673
212,2703
212,2783
212,2903
212,2945
212,3062
212,3078
212,3083
212,3455
212,3506
212,3520
212,3539
212,3559
212,3574
212,3702
212,3978
212,4067
212,4153
212,4220
212,4427
212,4584
212,4811
212,4917
212,5111
212,5120
212,5513
212,5576
212,5798
212,5851
212,5917
212,6001
212,6026
212,6036
212,6059
212,6243
212,6296
212,6348
212,6427
212,6610
212,6699
212,6909
212,6920
212,7047
212,7131
212,7569
213,27
213,269
213,377
213,766
213,2198
213,2239
213,2384
213,2663
213,2743
213,3070
213,3277
213,3359
213,3532
213,3710
213,3866
213,4184
213,4376
213,5404
213,5412
213,5676
213,6551
213,6775
213,7395
213,7510
214,993
214,6441
214,6549
214,6994
214,7334
215,352
215,2624
215,4009
215,4653
215,4747
215,5132
215,5435
215,6110
215,6675
215,7000
215,7113
216,324
216,529
216,1157
216,1412
216,1609
216,1743
216,1811
216,2508
216,2516
216,2860
216,3021
216,3220
216,3640
216,4342
216,4883
216,4938
216,5045
216,5250
216,5272
216,5465
216,5602
216,5662
216,6250
216,6532
216,6670
216,6765
216,6965
216,7073
217,40
217,143
217,456
217,1185
217,2084
217,2113
217,2299
217,2438
217,2586
217,2678
217,2738
217,2795
217,2801
217,2955
217,3179
217,3339
217,3888
217,4173
217,4294
217,4301
217,4373
217,4735
217,4940
217,4987
217,5504
217,5936
217,5993
217,6369
217,6389
217,6403
217,6452
217,6588
217,7032
217,7330
218,606
218,1757
218,1938
218,3394
218,3501
218,3698
218,3712
218,4302
219,932
219,1256
219,1400
219,2079
219,2133
219,2329
219,3431
219,3494
219,3879
219,4599
219,4647
219,4925
219,6199
219,6347
219,6550
219,6975
219,7460
219,7565
220,85
220,192
220,260
220,593
220,1058
220,1415
220,1453
220,1663
220,1798
220,2106
220,2198
220,2239
220,2370
220,2972
220,3183
220,3226
220,3311
220,3693
220,3748
220,3861
220,4071
220,4164
220,4376
220,4384
220,4805
220,4806
220,5132
220,5139
220,5251
220,5296
220,5404
220,5707
220,5816
220,5881
220,6284
220,6551
220,6702
220,6707
220,7003
220,7046
220,7071
220,7280
220,7464
220,7572
220,7582
221,147
221,398
221,481
221,561
221,746
221,943
221,1223
221,1509
221,1683
221,2073
221,3211
221,3449
221,4244
221,4663
221,4711
221,6103
221,6311
221,6488
221,6609
221,6625
221,7383
221,7598
222,819
222,1061
222,1354
222,1410
222,1533
222,1638
222,2877
222,3231
222,3431
222,5297
222,5537
222,6113
222,6428
222,7230
223,70
223,310
223,650
223,752
223,1252
223,1261
223,1270
223,1275
223,1335
223,1984
223,2149
223,2213
223,2392
223,2416
223,2524
223,2527
223,3240
223,3327
223,3351
223,3566
223,4174
223,4255
223,4282
223,5101
223,5254
223,5506
223,5550
223,5571
223,5661
223,6005
223,6123
223,6314
223,6558
223,6590
223,7107
223,7109
223,7416
224,638
224,3240
224,4268
224,4805
225,88
225,283
225,526
225,584
225,669
225,813
225,986
225,1058
225,1196
225,1733
225,1810
225,2002
225,2026
225,2111
225,2215
225,2279
225,2402
225,2903
225,2945
225,3125
225,3457
225,3510
225,4069
225,4115
225,4189
225,5115
225,6036
225,6296
225,6610
225,6715
225,6904
225,6909
225,7077
225,7130
225,7322
225,7486
225,7512
225,7608
226,103
226,593
226,875
226,1377
226,1427
226,1444
226,1472
226,1513
226,1524
226,1663
226,1866
226,1935
226,2106
226,2239
226,3330
226,3428
226,3532
226,3602
226,3607
226,4230
226,4285
226,4384
226,5292
226,6447
226,7054
226,7067
226,7114
226,7269
226,7330
226,7357
226,7535
227,5702
227,6433
229,20
229,73
229,137
229,305
229,551
229,803
229,1377
229,1586
229,1700
229,1831
229,1877
229,1958
229,1975
229,2071
229,2164
229,2332
229,2384
229,3042
229,3072
229,3212
229,3664
229,3698
229,3723
229,4055
229,4406
229,4479
229,5375
229,5376
229,5397
229,5772
229,6001
229,6078
229,6494
229,6545
229,6737
229,6815
229,7305
229,7344
230,902
230,1375
230,1857
230,2366
230,2528
230,3879
230,4516
230,4647
230,5027
230,5163
231,1055
231,1354
231,1410
231,1638
231,1823
231,2951
231,6410
231,6816
232,1508
233,366
233,593
233,1513
233,1684
233,1744
233,1899
233,2198
233,2239
233,2553
233,3049
233,3051
233,4164
233,4578
233,4805
233,5404
233,5979
233,6414
233,6702
233,7010
234,452
234,1201
234,2688
234,6535
234,6782
234,7156
235,260
235,304
235,552
235,766
235,776
235,1058
235,1357
235,1414
235,1453
235,1472
235,1575
235,2143
235,2198
235,2239
235,3049
235,3311
235,3359
235,3718
235,3748
235,4080
235,4376
235,4384
235,4466
235,4479
235,4608
235,4680
235,5037
235,5132
235,5404
235,5415
235,5707
235,5740
235,5816
235,5881
235,6098
235,6284
235,6551
235,6553
235,6707
235,7067
235,7252
235,7296
235,7582
236,850
236,914
236,1282
236,1396
236,1969
236,2250
236,2281
236,2728
236,2975
236,3099
236,5849
236,5906
236,6010
236,6046
236,6250
236,6363
236,7238
237,420
237,615
237,1061
237,1923
237,2168
237,3494
237,3774
237,3915
237,4993
237,5107
237,5419
237,5553
237,6173
237,6355
237,6796
238,396
238,406
238,799
238,915
238,929
238,1025
238,1033
238,1208
238,1968
238,2020
238,2442
238,3029
238,3055
238,3517
238,4059
238,4119
238,4319
238,4396
238,4481
238,5149
238,5196
238,6498
238,6932
238,7466
239,1072
239,3107
239,3735
239,3872
239,3972
239,6109
239,6768
239,7081
239,7117
239,7586
239,7620
240,124
240,192
240,260
240,304
240,593
240,762
240,795
240,973
240,1113
240,1210
240,1293
240,1330
240,1402
240,1414
240,1453
240,1540
240,1708
240,1712
240,1735
240,1798
240,2106
240,2198
240,2239
240,2410
240,2571
240,2620
240,3183
240,3225
240,3311
240,3408
240,3428
240,3844
240,3895
240,3958
240,3996
240,4080
240,4086
240,4184
240,4190
240,4303
240,4376
240,4384
240,4556
240,4806
240,4952
240,5015
240,5404
240,5740
240,5840
240,5976
240,6228
240,6462
240,6487
240,6551
240,6646
240,6702
240,6810
240,6889
240,7044
240,7170
240,7369
240,7582
240,7607
241,21
241,195
241,472
241,545
241,827
241,1107
241,1381
241,1443
241,1536
241,1964
241,1989
241,2051
241,2052
241,2316
241,2608
241,3145
241,3227
241,3244
241,3267
241,3354
241,3396
241,3993
241,3995
241,4501
241,4587
241,4810
241,4875
241,5238
241,5337
241,5644
241,6599
241,6813
241,7620
242,108
242,1035
242,1190
242,1248
242,1288
242,1578
242,1816
242,2308
242,2379
242,2748
242,2870
242,3814
242,3824
242,4150
242,5298
242,5861
242,6031
242,6109
242,6316
242,6583
242,7292
242,7316
242,7367
242,7622
243,260
243,304
243,369
243,593
243,1513
243,1663
243,1684
243,1798
243,2553
243,4023
243,4578
243,4934
243,5042
243,5816
243,6702
243,7280
243,7428
243,7464
243,7607
244,66
244,209
244,941
244,1035
244,1788
244,2412
244,3227
244,3352
244,3735
244,3953
244,4235
244,4646
244,4961
244,5684
244,6169
244,7049
244,7532
244,7620
245,696
245,1291
245,2198
245,3469
245,5132
245,5234
245,6811
246,331
246,552
246,846
246,852
246,1745
246,1999
246,4320
246,4362
246,4549
246,4725
246,5604
246,5743
246,6328
246,6867
246,7153
247,491
247,890
247,1213
247,1306
247,1411
247,1852
247,2054
247,2180
247,2321
247,2504
247,3048
247,3057
247,3843
247,4126
247,4133
247,5161
247,5395
247,5427
247,5599
247,5915
247,6127
247,6151
247,6213
247,6380
247,6525
247,6650
247,6763
247,7092
247,7378
248,40
248,143
248,211
248,456
248,881
248,1185
248,1486
248,2113
248,2145
248,2415
248,2438
248,2586
248,2626
248,2738
248,2795
248,2801
248,3179
248,3207
248,3277
248,3339
248,3888
248,3889
248,4031
248,4033
248,4173
248,4301
248,4373
248,4522
248,4735
248,4940
248,4991
248,5022
248,5181
248,5474
248,5504
248,5993
248,5997
248,6159
248,6210
248,6379
248,6403
248,6452
248,6594
248,7020
248,7032
248,7330
249,297
249,355
249,376
249,932
249,1149
249,1151
249,1445
249,1692
249,1740
249,2168
249,2217
249,2318
249,2413
249,2874
249,3135
249,3147
249,3214
249,3486
249,3511
249,4005
249,4322
249,4611
249,4744
249,5046
249,5140
249,5803
249,6113
249,6402
249,6524
249,6988
249,7108
249,7408
249,7449
249,7460
249,7509
250,100
250,747
250,752
250,1931
250,2150
250,2198
250,2274
250,2430
250,2897
250,2910
250,3004
250,3240
250,3731
250,3937
250,4368
250,5078
250,5550
250,5598
250,5765
250,6165
250,6729
250,7479
250,7588
251,331
251,3521
251,3952
251,5301
252,9
252,128
252,564
252,796
252,908
252,1358
252,1435
252,1550
252,2027
252,2044
252,2094
252,2096
252,2263
252,2378
252,2707
252,2944
252,3365
252,3478
252,3484
252,3555
252,4277
252,4430
252,4769
252,4882
252,5118
252,5192
252,5486
252,5625
252,5636
252,5933
252,6162
252,6555
252,7094
252,7235
252,7393
253,1990
253,2629
253,3405
253,5863
254,593
254,1712
254,1798
254,2198
254,2406
254,3322
254,3330
254,3578
254,4384
254,6449
254,6702
254,6774
255,1237
255,2151
255,3087
255,3412
255,3939
255,5163
255,6113
255,7500
256,314
256,420
256,615
256,617
256,695
256,740
256,745
256,1446
256,1455
256,1502
256,1537
256,1617
256,1649
256,1804
256,1808
256,1909
256,1923
256,2148
256,2328
256,2333
256,2534
256,2790
256,2792
256,2850
256,3084
256,3127
256,3143
256,3258
256,3424
256,3530
256,3905
256,4145
256,4146
256,4443
256,4615
256,4943
256,5011
256,5034
256,5153
256,5169
256,5419
256,5523
256,5675
256,5698
256,5793
256,5867
256,5927
256,6090
256,6094
256,6130
256,6173
256,6200
256,6362
256,6376
256,6482
256,6652
256,6855
256,7404
256,7559
256,7631
257,1728
257,3041
257,4197
257,4748
257,6366
257,7500
257,7609
258,27
258,42
258,61
258,77
258,89
258,138
258,269
258,309
258,319
258,359
258,366
258,369
258,377
258,393
258,456
258,469
258,482
258,522
258,593
258,633
258,711
258,720
258,780
258,800
258,811
258,868
258,1102
258,1105
258,1195
258,1206
258,1214
258,1239
258,1281
258,1286
258,1305
258,1431
258,1485
258,1492
258,1513
258,1548
258,1569
258,1582
258,1684
258,1690
258,1708
258,1711
258,1738
258,1746
258,1763
258,1776
258,1782
258,1796
258,1798
258,1866
258,1883
258,1899
258,1925
258,1993
258,1997
258,2010
258,2017
258,2030
258,2060
258,2102
258,2106
258,2198
258,2239
258,2307
258,2313
258,2342
258,2380
258,2407
258,2510
258,2540
258,2541
258,2614
258,2618
258,2640
258,2661
258,2743
258,2782
258,2859
258,2868
258,2916
258,2931
258,2979
258,2995
258,3008
258,3051
258,3105
258,3185
258,3251
258,3257
258,3262
258,3277
258,3306
258,3359
258,3364
258,3380
258,3436
258,3502
258,3594
258,3620
258,3670
258,3683
258,3703
258,3768
258,3856
258,3859
258,3897
258,3946
258,3947
258,3951
258,3987
258,4074
258,4111
258,4114
258,4127
258,4156
258,4161
258,4203
258,4241
258,4243
258,4267
258,4306
258,4347
258,4352
258,4380
258,4388
258,4393
258,4402
258,4421
258,4422
258,4453
258,4465
258,4484
258,4510
258,4511
258,4522
258,4578
258,4586
258,4630
258,4682
258,4688
258,4734
258,4768
258,4806
258,4870
258,4941
258,4946
258,4954
258,5006
258,5022
258,5039
258,5042
258,5103
258,5105
258,5139
258,5148
258,5199
258,5201
258,5205
258,5214
258,5255
258,5290
258,5311
258,5324
258,5372
258,5376
258,5381
258,5404
258,5493
258,5518
258,5584
258,5651
258,5669
258,5689
258,5734
258,5756
258,5797
258,5799
258,5979
258,6069
258,6077
258,6082
258,6180
258,6183
258,6215
258,6322
258,6335
258,6397
258,6414
258,6434
258,6449
258,6468
258,6497
258,6507
258,6551
258,6582
258,6604
258,6634
258,6669
258,6678
258,6692
258,6702
258,6707
258,6759
258,6787
258,6800
258,6850
258,6887
258,6890
258,6907
258,7032
258,7059
258,7071
258,7097
258,7103
258,7114
258,7139
258,7150
258,7203
258,7204
258,7231
258,7247
258,7280
258,7290
258,7294
258,7311
258,7353
258,7395
258,7440
258,7464
258,7501
258,7536
258,7568
258,7607
258,7610
258,7619
259,92
259,450
259,780
259,875
259,881
259,1377
259,1444
259,1961
259,2198
259,2239
259,3277
259,3359
259,3532
259,3834
259,4154
259,4230
259,4315
259,4406
259,5998
259,6437
259,6551
259,6775
259,7330
259,7395
259,7510
260,3
260,14
260,23
260,85
260,98
260,114
260,124
260,129
260,134
260,149
260,152
260,170
260,220
260,235
260,240
260,243
260,267
260,272
260,287
260,304
260,345
260,346
260,369
260,377
260,415
260,421
260,431
260,449
260,455
260,475
260,479
260,482
260,527
260,540
260,542
260,553
260,566
260,593
260,693
260,726
260,789
260,795
260,800
260,811
260,813
260,836
260,841
260,863
260,869
260,942
260,951
260,967
260,986
260,989
260,1011
260,1040
260,1058
260,1067
260,1104
260,1105
260,1113
260,1152
260,1170
260,1210
260,1214
260,1254
260,1268
260,1284
260,1293
260,1330
260,1350
260,1368
260,1399
260,1415
260,1421
260,1431
260,1453
260,1456
260,1485
260,1513
260,1526
260,1545
260,1575
260,1592
260,1621
260,1624
260,1634
260,1663
260,1668
260,1712
260,1735
260,1747
260,1798
260,1833
260,1840
260,1842
260,1860
260,1862
260,1880
260,1935
260,1945
260,1959
260,1978
260,1991
260,1996
260,2013
260,2030
260,2033
260,2039
260,2042
260,2048
260,2106
260,2115
260,2129
260,2166
260,2198
260,2215
260,2239
260,2313
260,2320
260,2340
260,2370
260,2377
260,2396
260,2406
260,2410
260,2441
260,2479
260,2537
260,2571
260,2573
260,2586
260,2587
260,2595
260,2600
260,2626
260,2657
260,2661
260,2671
260,2725
260,2744
260,2766
260,2770
260,2812
260,2855
260,2881
260,2882
260,2888
260,2911
260,2938
260,2961
260,2974
260,2991
260,3070
260,3074
260,3079
260,3125
260,3132
260,3149
260,3178
260,3185
260,3196
260,3226
260,3234
260,3235
260,3237
260,3245
260,3251
260,3297
260,3347
260,3362
260,3363
260,3373
260,3428
260,3456
260,3459
260,3493
260,3538
260,3646
260,3659
260,3710
260,3713
260,3748
260,3756
260,3758
260,3782
260,3804
260,3808
260,3895
260,3897
260,3926
260,3954
260,3958
260,4024
260,4080
260,4086
260,4095
260,4114
260,4157
260,4177
260,4184
260,4203
260,4210
260,4249
260,4257
260,4286
260,4290
260,4303
260,4350
260,4355
260,4366
260,4376
260,4381
260,4384
260,4392
260,4453
260,4465
260,4466
260,4525
260,4535
260,4556
260,4570
260,4578
260,4595
260,4608
260,4616
260,4642
260,4787
260,4801
260,4803
260,4806
260,4827
260,4877
260,4983
260,5008
260,5049
260,5058
260,5160
260,5194
260,5195
260,5199
260,5278
260,5286
260,5296
260,5311
260,5316
260,5344
260,5362
260,5399
260,5404
260,5468
260,5490
260,5507
260,5531
260,5551
260,5623
260,5626
260,5641
260,5649
260,5707
260,5710
260,5714
260,5740
260,5756
260,5799
260,5840
260,5855
260,5859
260,5881
260,5937
260,5945
260,5949
260,5955
260,5961
260,5976
260,6024
260,6075
260,6082
260,6100
260,6149
260,6156
260,6184
260,6202
260,6208
260,6216
260,6228
260,6265
260,6354
260,6400
260,6449
260,6484
260,6485
260,6492
260,6540
260,6551
260,6553
260,6562
260,6597
260,6610
260,6704
260,6707
260,6760
260,6787
260,6801
260,6804
260,6810
260,6848
260,6890
260,6892
260,6906
260,6933
260,6952
260,6971
260,6981
260,7003
260,7008
260,7023
260,7044
260,7046
260,7071
260,7105
260,7170
260,7174
260,7180
260,7197
260,7231
260,7280
260,7320
260,7331
260,7353
260,7369
260,7395
260,7410
260,7424
260,7428
260,7465
260,7471
260,7487
260,7501
260,7520
260,7537
260,7568
260,7569
260,7572
260,7580
260,7582
260,7607
261,484
261,593
261,659
261,706
261,811
261,1194
261,1899
261,2030
261,2408
261,2649
261,2981
261,3287
261,3547
261,3683
261,4211
261,4630
261,4816
261,5054
261,5148
261,5216
261,5330
261,5518
261,5543
261,5679
261,5734
261,6024
261,6066
261,6381
261,6492
261,6526
261,6528
261,6702
261,6787
261,6907
261,6930
261,6968
261,7215
261,7346
262,28
262,40
262,143
262,161
262,456
262,471
262,920
262,1185
262,1280
262,1777
262,1911
262,2062
262,2415
262,2586
262,2738
262,2795
262,2801
262,3157
262,3179
262,3328
262,3339
262,3888
262,3931
262,3966
262,4031
262,4033
262,4173
262,4294
262,4940
262,5081
262,5181
262,5504
262,5674
262,5708
262,6015
262,6079
262,6237
262,6852
262,6947
262,7020
262,7032
263,1555
263,4244
263,6106
263,6488
263,6969
264,835
264,1514
264,1645
264,1915
264,2066
264,2239
264,2317
264,2559
264,3103
264,3249
264,3331
264,3433
264,3578
264,4116
264,5213
264,5335
264,5889
264,7076
264,7312
264,7523
265,4024
265,4781
266,677
266,1268
266,1453
266,1472
266,1524
266,1628
266,1927
266,1999
266,2198
266,2755
266,2763
266,2765
266,2770
266,2780
266,2883
266,3269
266,3311
266,3520
266,3608
266,3692
266,3895
266,3948
266,4029
266,4147
266,4301
266,4376
266,4384
266,4864
266,4940
266,5010
266,5082
266,5132
266,5222
266,5455
266,5709
266,5952
266,6022
266,6030
266,6266
266,6409
266,6811
266,6966
266,7288
266,7296
266,7401
266,7572
266,7616
267,260
267,294
267,369
267,431
267,482
267,593
267,1545
267,1798
267,1907
267,2396
267,3051
267,3188
267,3897
267,4074
267,4157
267,4350
267,4578
267,4590
267,4669
267,5518
267,5734
267,5816
267,5979
267,6082
267,6414
267,6702
267,6706
267,7170
267,7280
267,7353
267,7464
267,7610
268,280
268,577
268,805
268,873
268,1998
268,2252
268,2769
268,3813
268,4360
268,4520
268,5134
268,5322
268,5988
268,6469
268,6595
268,6925
268,7034
268,7488
268,7647
269,27
269,28
269,213
269,258
269,276
269,312
269,319
269,593
269,639
269,714
269,731
269,759
269,800
269,947
269,1097
269,1586
269,1661
269,1782
269,2030
269,2198
269,2239
269,2384
269,2586
269,2614
269,2650
269,2743
269,2950
269,3070
269,3093
269,3152
269,3277
269,3359
269,3373
269,3459
269,3488
269,3670
269,3834
269,3856
269,3859
269,3987
269,4049
269,4154
269,4161
269,4167
269,4182
269,4203
269,4373
269,4422
269,4522
269,4531
269,4565
269,4586
269,4682
269,4768
269,4771
269,4940
269,5007
269,5039
269,5199
269,5214
269,5376
269,5398
269,5412
269,5873
269,5945
269,6069
269,6345
269,6403
269,6451
269,6551
269,6579
269,6614
269,6702
269,6778
269,7247
269,7290
269,7295
269,7395
269,7467
270,1936
270,1939
270,1951
270,3244
270,4906
270,7081
271,286
271,300
271,623
271,1008
271,2141
271,2464
271,3314
271,3945
271,4377
271,5244
271,6364
272,260
272,1058
272,1268
272,1284
272,2198
272,2339
272,2848
272,3748
272,4080
272,4164
272,4376
272,4384
272,4466
272,4578
272,4805
272,5194
272,5258
272,5404
272,5577
272,5641
272,5707
272,5816
272,7147
272,7568
273,22
273,315
273,554
273,557
273,737
273,794
273,965
273,995
273,1073
273,1079
273,1656
273,1845
273,2226
273,2240
273,2382
273,2757
273,3064
273,3376
273,3391
273,3619
273,3881
273,4008
273,4208
273,4280
273,4426
273,4673
273,4802
273,5686
273,5774
273,5914
273,6052
273,6125
273,6623
273,6653
273,6874
273,7314
274,4344
274,5484
274,5634
274,5664
274,7467
275,316
275,328
275,463
275,570
275,698
275,749
275,767
275,801
275,828
275,909
275,928
275,1037
275,1054
275,1122
275,1360
275,1391
275,1412
275,1583
275,1609
275,1648
275,1696
275,1736
275,1759
275,1766
275,1849
275,2090
275,2103
275,2134
275,2147
275,2189
275,2260
275,2446
275,2508
275,2596
275,2603
275,2717
275,3305
275,3324
275,3346
275,3543
275,3565
275,3597
275,3640
275,3649
275,3663
275,3678
275,3714
275,3722
275,3820
275,4048
275,4070
275,4142
275,4245
275,4412
275,4548
275,4614
275,4704
275,4739
275,4881
275,4938
275,4960
275,4972
275,5045
275,5069
275,5409
275,5448
275,5602
275,5662
275,5706
275,5828
275,5848
275,5856
275,6164
275,6212
275,6357
275,6391
275,6534
275,6765
275,6771
275,6772
275,6842
275,7061
275,7073
275,7255
275,7272
275,7555
276,269
276,486
276,495
276,593
276,1058
276,1610
276,2198
276,2239
276,2287
276,2823
276,3152
276,3359
276,3433
276,3578
276,3856
276,4016
276,4194
276,4307
276,4458
276,4573
276,4746
276,4805
276,4835
276,5056
276,5132
276,5155
276,5213
276,5234
276,5404
276,6345
276,6664
276,6702
276,7395
276,7467
277,1704
277,3629
277,5672
277,7140
278,169
278,1798
278,3478
278,4024
278,4594
279,19
279,3236
279,3741
279,4351
279,4726
279,5876
279,6623
280,268
280,577
280,805
280,1598
280,3360
280,4520
280,5394
280,7034
280,7620
281,348
281,354
281,407
281,452
281,547
281,823
281,1114
281,1147
281,1168
281,1201
281,1231
281,1300
281,1542
281,1557
281,1571
281,1602
281,1754
281,1837
281,1971
281,2029
281,2203
281,2278
281,2580
281,2642
281,2696
281,2841
281,2934
281,2936
281,3110
281,3182
281,3301
281,3314
281,3402
281,3418
281,3522
281,3943
281,4119
281,4166
281,4481
281,4550
281,4568
281,4977
281,4998
281,5021
281,5196
281,5233
281,5353
281,6158
281,6292
281,6375
281,6455
281,6638
281,6710
281,6782
281,6833
281,6883
281,7028
281,7083
281,7148
281,7533
281,7571
281,7625
282,873
282,1998
282,2178
282,2252
282,3200
282,3208
282,4520
282,4793
282,4878
282,5988
282,6065
282,7199
282,7329
283,85
283,196
283,225
283,526
283,584
283,593
283,911
283,986
283,1268
283,1284
283,1287
283,1293
283,1521
283,1810
283,1854
283,2059
283,2198
283,2215
283,2239
283,2402
283,2461
283,2536
283,2703
283,2903
283,2945
283,3506
283,3510
283,3559
283,3574
283,3748
283,3985
283,4067
283,4080
283,4115
283,4153
283,4584
283,5115
283,5132
283,5170
283,5231
283,5641
283,6047
283,6078
283,6296
283,6412
283,6427
283,6610
283,6909
283,6933
283,6981
283,7003
283,7077
283,7512
284,458
284,519
284,554
284,557
284,572
284,797
284,983
284,995
284,1079
284,1233
284,1656
284,1772
284,2240
284,2654
284,2757
284,3064
284,3376
284,3563
284,3741
284,3924
284,3941
284,4077
284,4143
284,4208
284,4280
284,4426
284,4673
284,5291
284,5627
284,6385
284,6653
284,6657
285,593
285,1467
285,2198
285,3946
285,5881
285,6702
285,7395
286,271
286,300
286,623
286,2082
286,2141
286,2721
286,3314
286,3945
286,4377
286,5244
286,6364
287,39
287,212
287,260
287,304
287,474
287,490
287,526
287,593
287,766
287,1091
287,1196
287,1215
287,1293
287,1337
287,1379
287,1409
287,1862
287,1899
287,2113
287,2198
287,2239
287,2701
287,2703
287,3320
287,3578
287,4029
287,4067
287,4164
287,4186
287,4384
287,4719
287,5022
287,5216
287,5263
287,5296
287,5455
287,5550
287,5641
287,5676
287,5864
287,6001
287,6301
287,6412
287,6572
287,7054
287,7589
288,2986
288,4273
289,2323
289,2397
289,2727
289,3676
289,4646
289,4906
289,4994
289,6504
289,7620
290,61
290,687
290,1102
290,1210
290,1249
290,1708
290,2198
290,2553
290,3502
290,3782
290,4376
290,4590
290,4983
290,5381
290,5707
290,5782
290,6024
290,6702
290,7209
290,7597
291,2659
291,2719
291,3762
291,6537
291,7395
292,1117
292,3894
293,863
293,2668
293,2890
293,4768
293,4952
293,6551
294,267
294,369
294,431
294,593
294,1350
294,1663
294,1798
294,2396
294,3782
294,3897
294,4350
294,4578
294,5160
294,5399
294,7280
294,7464
295,39
295,629
295,1064
295,1212
295,1722
295,2118
295,2257
295,2454
295,2626
295,2701
295,4719
295,4876
295,4892
295,5216
295,5396
295,5993
295,6301
295,6898
295,6901
295,7007
295,7409
296,1280
296,1525
296,1741
296,2565
296,3724
296,3744
296,3969
296,4295
296,7453
297,64
297,249
297,307
297,996
297,1149
297,2168
297,2413
297,2534
297,2874
297,3135
297,3147
297,3477
297,4202
297,4322
297,5104
297,6144
297,7108
297,7449
297,7472
297,7509
298,425
298,481
298,1622
298,2548
298,3795
298,4663
298,5357
298,6488
298,6625
298,7383
298,7489
298,7598
299,106
299,456
299,766
299,1215
299,1379
299,1409
299,1725
299,1831
299,2198
299,2290
299,2795
299,3578
299,3849
299,4098
299,4153
299,5022
299,5263
299,5674
299,5864
299,7298
299,7589
300,271
300,286
300,623
300,2082
300,2141
300,3945
300,4377
300,5244
300,6364
301,514
301,764
301,829
301,1080
301,1156
301,1653
301,1832
301,2016
301,2169
301,2288
301,2570
301,2863
301,3358
301,3397
301,3793
301,4486
301,4762
301,4817
301,4913
301,5226
301,5664
301,5796
301,5899
301,5912
301,6420
301,6481
301,6744
301,6914
302,1035
302,2293
302,2379
302,4810
302,4906
302,5563
302,7117
303,2038
303,4293
303,4748
303,6062
304,5
304,23
304,60
304,71
304,85
304,152
304,235
304,240
304,243
304,260
304,287
304,317
304,321
304,345
304,380
304,415
304,421
304,479
304,482
304,553
304,593
304,635
304,711
304,722
304,727
304,780
304,795
304,811
304,836
304,863
304,869
304,904
304,951
304,1011
304,1058
304,1067
304,1094
304,1102
304,1106
304,1154
304,1167
304,1203
304,1211
304,1224
304,1245
304,1249
304,1293
304,1368
304,1415
304,1432
304,1453
304,1472
304,1548
304,1590
304,1634
304,1668
304,1708
304,1784
304,1798
304,1840
304,1842
304,1854
304,1880
304,1965
304,1971
304,1999
304,2059
304,2086
304,2115
304,2198
304,2275
304,2278
304,2310
304,2370
304,2372
304,2375
304,2406
304,2427
304,2531
304,2571
304,2580
304,2595
304,2617
304,2659
304,2696
304,2716
304,2725
304,2755
304,2855
304,2938
304,2956
304,2961
304,2967
304,2981
304,3039
304,3160
304,3184
304,3185
304,3225
304,3234
304,3245
304,3264
304,3284
304,3297
304,3311
304,3334
304,3347
304,3370
304,3403
304,3522
304,3547
304,3713
304,3748
304,3756
304,3762
304,3895
304,3925
304,4036
304,4067
304,4080
304,4090
304,4097
304,4132
304,4184
304,4210
304,4223
304,4234
304,4241
304,4253
304,4290
304,4376
304,4384
304,4465
304,4481
304,4500
304,4525
304,4565
304,4568
304,4570
304,4578
304,4616
304,4642
304,4658
304,4737
304,4787
304,4806
304,4811
304,4864
304,4871
304,4919
304,4934
304,4983
304,5021
304,5073
304,5082
304,5098
304,5120
304,5132
304,5194
304,5246
304,5259
304,5286
304,5296
304,5344
304,5351
304,5353
304,5404
304,5455
304,5507
304,5518
304,5576
304,5593
304,5626
304,5641
304,5646
304,5734
304,5931
304,5955
304,5976
304,6022
304,6024
304,6034
304,6066
304,6067
304,6098
304,6183
304,6208
304,6303
304,6313
304,6395
304,6449
304,6484
304,6492
304,6537
304,6551
304,6553
304,6562
304,6615
304,6638
304,6678
304,6692
304,6702
304,6704
304,6705
304,6731
304,6787
304,6794
304,6804
304,6833
304,6863
304,6877
304,6883
304,6892
304,6909
304,6930
304,6938
304,6943
304,6960
304,6971
304,7010
304,7023
304,7032
304,7044
304,7071
304,7079
304,7102
304,7103
304,7166
304,7174
304,7197
304,7239
304,7280
304,7296
304,7320
304,7338
304,7353
304,7385
304,7410
304,7428
304,7464
304,7501
304,7537
304,7568
304,7572
304,7582
304,7607
305,5
305,20
305,28
305,40
305,73
305,137
305,149
305,162
305,229
305,308
305,443
305,456
305,597
305,616
305,751
305,803
305,841
305,919
305,930
305,989
305,1174
305,1184
305,1185
305,1280
305,1347
305,1417
305,1442
305,1510
305,1551
305,1563
305,1586
305,1679
305,1689
305,1707
305,1757
305,1767
305,1877
305,1896
305,1961
305,1981
305,2071
305,2164
305,2198
305,2201
305,2202
305,2239
305,2250
305,2332
305,2334
305,2346
305,2522
305,2529
305,2563
305,2621
305,2663
305,2700
305,2751
305,2801
305,2950
305,2993
305,2996
305,3022
305,3042
305,3101
305,3109
305,3170
305,3212
305,3224
305,3302
305,3334
305,3359
305,3381
305,3394
305,3419
305,3507
305,3698
305,3716
305,3723
305,3802
305,3856
305,3887
305,3889
305,3890
305,3891
305,4015
305,4021
305,4039
305,4055
305,4092
305,4141
305,4163
305,4168
305,4187
305,4223
305,4301
305,4317
305,4422
305,4433
305,4440
305,4464
305,4479
305,4692
305,4900
305,4957
305,5031
305,5146
305,5156
305,5268
305,5305
305,5375
305,5376
305,5397
305,5420
305,5445
305,5467
305,5608
305,5614
305,5654
305,5694
305,5708
305,5772
305,5807
305,5865
305,5984
305,6001
305,6078
305,6105
305,6114
305,6157
305,6282
305,6297
305,6308
305,6341
305,6411
305,6451
305,6490
305,6494
305,6511
305,6545
305,6572
305,6620
305,6733
305,6737
305,6779
305,6783
305,6815
305,6828
305,6835
305,6852
305,6904
305,6951
305,7032
305,7090
305,7137
305,7196
305,7305
305,7309
305,7373
305,7374
305,7478
305,7526
306,28
306,920
306,1185
306,1280
306,1417
306,1429
306,1929
306,1961
306,2201
306,2663
306,2795
306,3359
306,3856
306,4021
306,4033
306,4956
306,5364
306,5496
306,5610
306,5615
306,5791
306,6338
306,6756
306,6807
306,6904
306,7290
306,7305
306,7373
307,297
307,355
307,996
307,1149
307,1151
307,2168
307,2413
307,2874
307,3147
307,3214
307,3486
307,4005
307,4202
307,5046
307,5803
307,6144
307,7449
307,7509
308,305
308,495
308,597
308,766
308,771
308,1069
308,1245
308,1321
308,1343
308,1418
308,1426
308,1520
308,1546
308,1551
308,1572
308,1608
308,1623
308,1673
308,1802
308,1817
308,1966
308,2031
308,2055
308,2143
308,2258
308,2356
308,2358
308,2427
308,2576
308,2625
308,3052
308,3203
308,3218
308,3223
308,3295
308,3404
308,3421
308,3480
308,3578
308,3695
308,3866
308,3871
308,3895
308,3922
308,3994
308,4054
308,4790
308,4863
308,4890
308,5150
308,5287
308,5378
308,5455
308,5589
308,5676
308,5948
308,5957
308,5962
308,5981
308,6189
308,6211
308,6246
308,6531
308,6675
308,6815
308,6864
308,7005
308,7022
308,7226
308,7307
308,7584
308,7624
309,77
309,258
309,400
309,484
309,633
309,659
309,774
309,849
309,924
309,1357
309,1476
309,1517
309,1744
309,1899
309,2198
309,2206
309,2239
309,2380
309,2689
309,3138
309,3623
309,3683
309,3859
309,4241
309,4388
309,4662
309,4870
309,4946
309,5037
309,5042
309,5199
309,5205
309,5372
309,5518
309,5734
309,5797
309,5853
309,5979
309,6024
309,6152
309,6596
309,6702
309,6787
309,6887
309,7003
309,7021
309,7097
309,7181
309,7215
309,7582
310,223
310,370
310,586
310,621
310,1159
310,1452
310,1534
310,1701
310,2221
310,2505
310,2524
310,2709
310,2712
310,2867
310,3009
310,3085
310,3136
310,3173
310,3400
310,3472
310,3490
310,3690
310,3770
310,3826
310,3865
310,3995
310,4200
310,4383
310,4410
310,4752
310,4783
310,5200
310,5367
310,5387
310,5901
310,5994
310,6312
310,6367
310,7639
311,443
311,652
311,1961
311,2519
311,3507
311,3716
312,42
312,269
312,593
312,2198
312,2239
312,2484
312,3698
312,3856
312,4870
312,4952
312,5042
312,7395
312,7535
313,723
313,2233
313,2239
313,2295
313,3578
313,4073
313,4273
314,182
314,187
314,256
314,695
314,708
314,740
314,933
314,1065
314,1446
314,1502
314,1523
314,1804
314,1909
314,2148
314,2328
314,2792
314,3258
314,3530
314,3656
314,4145
314,4146
314,4937
314,5169
314,5237
314,5697
314,5698
314,5860
314,5867
314,6090
314,6130
314,6138
314,6200
314,6376
314,6652
314,6806
315,19
315,273
315,342
315,557
315,581
315,737
315,758
315,884
315,915
315,932
315,968
315,1079
315,1131
315,1244
315,1664
315,1721
315,1762
315,1771
315,1772
315,1920
315,2133
315,2654
315,2756
315,2757
315,3030
315,3266
315,3366
315,3741
315,3892
315,3903
315,3924
315,3997
315,4008
315,4125
315,4143
315,4181
315,4208
315,4226
315,4280
315,4351
315,4426
315,4599
315,4673
315,4899
315,4923
315,4984
315,5019
315,5030
315,5131
315,5515
315,5587
315,5757
315,5968
315,6111
315,6194
315,6199
315,6278
315,6347
315,6550
315,6623
315,6653
315,6712
315,6948
315,7157
315,7314
315,7451
315,7460
315,7504
315,7565
316,189
316,275
316,328
316,463
316,516
316,801
316,846
316,909
316,928
316,1016
316,1391
316,1504
316,1685
316,1696
316,1759
316,1803
316,1849
316,1969
316,1983
316,2090
316,2260
316,2281
316,2387
316,2622
316,2635
316,2768
316,3272
316,3305
316,3324
316,3528
316,3553
316,3558
316,3597
316,3663
316,3820
316,4142
316,4467
316,4614
316,4619
316,4666
316,4739
316,5448
316,5555
316,5828
316,6046
316,6091
316,6212
316,6519
316,6534
316,6679
316,7061
316,7118
316,7255
316,7272
317,60
317,304
317,593
317,1058
317,2198
317,2275
317,2659
317,2967
317,4210
317,4376
317,6537
318,2198
318,4768
318,5372
318,5404
318,6551
318,6702
318,6707
318,7395
319,89
319,258
319,269
319,359
319,375
319,593
319,633
319,811
319,818
319,1165
319,1186
319,1206
319,1351
319,1429
319,1467
319,1513
319,1796
319,1797
319,1993
319,2197
319,2198
319,2239
319,2307
319,2380
319,2598
319,2649
319,2689
319,3138
319,3185
319,3277
319,3373
319,3439
319,3683
319,3704
319,3720
319,3859
319,3946
319,4243
319,4380
319,4415
319,4522
319,4641
319,4946
319,5214
319,5324
319,5469
319,5495
319,5518
319,5543
319,5734
319,5769
319,5797
319,5853
319,6183
319,6330
319,6381
319,6526
319,6614
319,6702
319,6850
319,6887
319,6953
319,6968
319,7097
319,7247
319,7294
319,7302
319,7339
320,527
320,593
320,1210
320,1415
320,2198
320,2377
320,2406
320,2479
320,3050
320,3063
320,3160
320,3183
320,3623
320,4376
320,4384
320,4680
320,5372
320,5404
320,5415
320,5577
320,5623
320,5707
320,5740
320,5816
320,5881
320,6039
320,6140
320,6400
320,6847
320,7289
321,85
321,304
321,593
321,1050
321,1472
321,1999
321,3593
321,3748
321,3895
321,4384
321,4864
321,5455
321,5881
321,6313
321,6702
321,6909
321,7067
321,7464
321,7572
322,89
322,593
322,710
322,732
322,906
322,924
322,947
322,1018
322,1210
322,1429
322,1513
322,1738
322,1744
322,1796
322,1899
322,2198
322,2239
322,2432
322,2485
322,2541
322,2553
322,2689
322,3050
322,3051
322,4024
322,4641
322,4688
322,4805
322,4870
322,5050
322,5132
322,5136
322,5139
322,5214
322,5404
322,5415
322,5799
322,5903
322,5979
322,5982
322,6077
322,6183
322,6414
322,6504
322,6634
322,6702
322,6807
322,6887
322,7097
322,7337
322,7395
323,1865
323,4175
323,4675
323,5565
323,7515
324,38
324,216
324,453
324,749
324,1157
324,1309
324,1412
324,1428
324,1609
324,1648
324,1696
324,1743
324,1811
324,1977
324,2090
324,2326
324,2508
324,2516
324,2860
324,3021
324,3220
324,3316
324,3640
324,3649
324,3722
324,3830
324,4048
324,4070
324,4245
324,4412
324,4883
324,4938
324,4960
324,4972
324,5045
324,5069
324,5250
324,5272
324,5436
324,5465
324,5602
324,5662
324,5753
324,5848
324,5856
324,6250
324,6357
324,6363
324,6372
324,6532
324,6670
324,6765
324,6965
324,7073
325,1906
325,2121
325,3705
325,4646
325,6433
325,6821
325,7367
325,7507
326,139
326,526
326,559
326,643
326,1465
326,2231
326,2392
326,2488
326,3083
326,5062
326,6922
326,7006
326,7107
326,7175
326,7354
326,7454
326,7637
327,452
327,1201
327,1602
327,1635
327,2203
327,2464
327,2693
327,2747
327,2936
327,3144
327,3522
327,3728
327,3917
327,4550
327,4568
327,4749
327,5353
327,5443
327,6267
327,6455
327,6782
327,7083
327,7161
327,7242
327,7381
328,189
328,275
328,316
328,463
328,516
328,570
328,698
328,786
328,787
328,801
328,806
328,828
328,882
328,909
328,928
328,1016
328,1038
328,1041
328,1122
328,1360
328,1391
328,1504
328,1505
328,1583
328,1685
328,1696
328,1759
328,1803
328,1849
328,1969
328,1972
328,1983
328,2090
328,2103
328,2114
328,2132
328,2134
328,2147
328,2189
328,2260
328,2281
328,2446
328,2474
328,2596
328,2622
328,2635
328,2717
328,2768
328,3272
328,3291
328,3305
328,3324
328,3346
328,3392
328,3565
328,3597
328,3640
328,3663
328,3714
328,3722
328,4034
328,4070
328,4142
328,4281
328,4467
328,4504
328,4548
328,4554
328,4614
328,4739
328,4751
328,4759
328,4881
328,5245
328,5409
328,5448
328,5555
328,5602
328,5662
328,5753
328,5828
328,5978
328,6164
328,6212
328,6391
328,6534
328,6771
328,6772
328,6793
328,6842
328,6997
328,7061
328,7144
328,7272
328,7366
328,7555
329,648
329,1261
329,1394
329,1436
329,1596
329,1731
329,2213
329,2414
329,2527
329,2574
329,2767
329,2997
329,3351
329,3625
329,4255
329,4282
329,4462
329,4823
329,5550
329,5571
329,6548
329,6558
329,6721
329,7087
329,7267
329,7414
330,636
330,1116
330,1216
330,1235
330,1755
330,1921
330,2082
330,2301
330,3129
330,3977
330,4898
330,5622
330,5770
330,6643
330,7192
331,246
331,251
331,462
331,585
331,707
331,784
331,846
331,1297
331,1596
331,1669
331,1718
331,1745
331,1764
331,1904
331,2000
331,2314
331,3232
331,3259
331,3313
331,3521
331,3631
331,3650
331,3913
331,3952
331,4178
331,4320
331,4362
331,4482
331,4725
331,4757
331,5301
331,5604
331,5907
331,6263
331,6328
331,6460
331,6491
331,6619
331,6946
331,6967
331,7153
331,7191
331,7375
332,871
332,999
332,2813
332,3064
332,3236
332,5300
332,6623
333,1230
333,3740
333,4121
333,4750
333,5763
333,7078
333,7529
334,47
334,495
334,2714
334,4338
334,6546
334,7456
335,10
335,186
335,1264
335,1785
335,1900
335,2364
335,2667
335,2892
335,2899
335,2953
335,4105
335,4403
335,4905
335,5117
335,5619
335,6250
335,6357
335,7411
335,7506
336,495
336,766
336,1069
336,1339
336,1407
336,1418
336,1426
336,1496
336,1817
336,1966
336,1979
336,2089
336,2106
336,2143
336,2977
336,3223
336,3295
336,3578
336,3739
336,3869
336,3922
336,4185
336,4189
336,4480
336,4805
336,4851
336,6048
336,6098
336,7222
336,7467
336,7486
337,890
337,935
337,1213
337,1306
337,1852
337,3048
337,3315
337,3843
337,4126
337,5395
337,5599
337,5915
337,6081
337,6127
337,6151
337,6525
337,6650
337,6763
337,7378
338,401
338,1694
338,2050
338,3130
338,5102
338,5569
338,6853
338,6865
338,7027
339,75
339,881
339,7330
340,478
340,1346
340,2250
340,2854
340,3024
340,5066
340,6099
340,6479
340,7014
341,1011
341,1453
341,1521
341,1624
341,2215
341,2370
341,2441
341,3506
341,3559
341,3748
341,3781
341,4067
341,4384
341,4952
341,5132
341,5641
341,5651
341,6430
341,6952
341,7147
341,7582
342,19
342,315
342,915
342,1664
342,1772
342,3997
342,4125
342,4208
342,4319
342,6111
342,6194
342,6623
342,7565
343,1915
343,5700
344,593
344,3185
344,3277
345,98
345,260
345,304
345,431
345,593
345,869
345,951
345,1058
345,1067
345,1268
345,1663
345,1798
345,1959
345,2106
345,2198
345,2618
345,2981
345,3132
345,3172
345,3177
345,3235
345,3951
345,4376
345,4384
345,4578
345,4670
345,4806
345,4816
345,5132
345,5371
345,5707
345,5881
345,6492
345,6848
345,7003
345,7023
345,7210
345,7280
345,7353
345,7464
345,7578
346,23
346,260
346,593
346,1058
346,1293
346,1415
346,1453
346,1575
346,1798
346,2106
346,2198
346,2215
346,2370
346,2410
346,2571
346,2848
346,3330
346,3693
346,3748
346,3895
346,4080
346,4113
346,4164
346,4376
346,4384
346,4578
346,4680
346,4805
346,4806
346,5251
346,5404
346,5707
346,5816
346,5881
346,6140
346,6551
346,6702
346,6936
346,7003
346,7071
346,7280
346,7395
346,7572
347,21
347,588
347,827
347,1049
347,1419
347,1536
347,2272
347,3107
347,3227
347,3248
347,3396
347,3735
347,4209
347,4235
347,4587
347,4646
347,4907
347,4961
347,5473
347,5684
347,6169
347,6307
347,6514
347,6768
347,6813
347,7178
347,7532
347,7620
348,281
348,354
348,452
348,547
348,594
348,792
348,799
348,823
348,929
348,1025
348,1147
348,1201
348,1203
348,1208
348,1231
348,1265
348,1366
348,1462
348,1542
348,1571
348,1576
348,1837
348,1968
348,1971
348,2203
348,2278
348,2403
348,2580
348,2642
348,2696
348,2846
348,2858
348,3402
348,3522
348,3671
348,3769
348,3943
348,4036
348,4119
348,4132
348,4139
348,4166
348,4481
348,4550
348,4568
348,4977
348,4998
348,5021
348,5055
348,5196
348,5233
348,5712
348,6158
348,6375
348,6498
348,6659
348,6697
348,6710
348,6863
348,6883
348,6943
348,7028
348,7148
348,7301
348,7533
348,7625
349,10
349,605
349,981
349,1041
349,1264
349,1334
349,1736
349,1881
349,1980
349,2337
349,2623
349,2777
349,3102
349,3649
349,3678
349,3711
349,3749
349,4723
349,4829
349,4905
349,4992
349,5110
349,5509
349,5868
349,5929
349,5939
349,6250
349,6357
349,6557
349,6665
349,6876
349,7348
349,7437
349,7513
350,367
350,932
350,1124
350,2710
350,3231
351,593
351,1350
351,1663
351,1684
351,1796
351,2102
351,2198
351,3704
351,3799
351,4805
351,5734
351,5833
351,5881
351,6702
352,215
352,526
352,655
352,696
352,713
352,808
352,809
352,911
352,994
352,1176
352,1196
352,1291
352,1518
352,1581
352,1780
352,1919
352,1922
352,2059
352,2111
352,2186
352,2273
352,2363
352,2376
352,2402
352,2487
352,2529
352,2536
352,2632
352,2650
352,2655
352,2871
352,2917
352,3134
352,3250
352,3296
352,3328
352,3469
352,3473
352,3506
352,3510
352,3520
352,3559
352,3725
352,4067
352,4069
352,4217
352,4502
352,4609
352,4696
352,4754
352,4957
352,5170
352,5174
352,5204
352,5234
352,5739
352,6029
352,6036
352,6038
352,6131
352,6296
352,6464
352,6547
352,6569
352,6630
352,6732
352,6824
352,6909
352,6917
352,7240
352,7322
352,7328
352,7336
352,7512
352,7608
352,7634
353,593
353,2198
353,3183
353,3264
353,3698
353,4253
353,4384
353,5278
353,6551
353,7280
354,68
354,104
354,281
354,348
354,407
354,451
354,452
354,457
354,547
354,594
354,624
354,635
354,792
354,799
354,823
354,929
354,1114
354,1147
354,1154
354,1168
354,1199
354,1201
354,1203
354,1229
354,1231
354,1265
354,1300
354,1312
354,1318
354,1366
354,1387
354,1462
354,1542
354,1557
354,1571
354,1576
354,1590
354,1602
354,1605
354,1713
354,1715
354,1754
354,1779
354,1837
354,1968
354,1971
354,2029
354,2203
354,2276
354,2278
354,2403
354,2578
354,2580
354,2642
354,2692
354,2696
354,2716
354,2747
354,2841
354,2846
354,2858
354,2919
354,3055
354,3110
354,3254
354,3286
354,3301
354,3314
354,3338
354,3402
354,3418
354,3522
354,3556
354,3769
354,3943
354,4011
354,4036
354,4119
354,4132
354,4139
354,4166
354,4327
354,4331
354,4359
354,4389
354,4481
354,4547
354,4550
354,4568
354,4627
354,4749
354,4825
354,4841
354,4844
354,4859
354,4927
354,4977
354,4998
354,5021
354,5055
354,5073
354,5112
354,5149
354,5193
354,5196
354,5233
354,5246
354,5353
354,5407
354,5479
354,5590
354,5695
354,5712
354,5766
354,6011
354,6158
354,6204
354,6292
354,6375
354,6455
354,6638
354,6659
354,6697
354,6710
354,6833
354,6863
354,6883
354,6938
354,6963
354,7028
354,7148
354,7152
354,7168
354,7301
354,7350
354,7533
354,7567
354,7571
354,7625
355,64
355,145
355,249
355,307
355,543
355,884
355,968
355,996
355,1149
355,1151
355,1304
355,1445
355,1692
355,1740
355,1807
355,1808
355,2064
355,2168
355,2413
355,2874
355,2947
355,3135
355,3147
355,3214
355,3266
355,3477
355,3486
355,3511
355,3614
355,4005
355,4093
355,4202
355,4279
355,4288
355,4322
355,4611
355,4796
355,4925
355,5046
355,5104
355,5128
355,5803
355,6130
355,6144
355,6396
355,6524
355,6806
355,6988
355,7108
355,7220
355,7408
355,7449
355,7460
355,7472
355,7509
356,2867
356,3490
356,4410
356,5994
356,6070
356,6367
357,693
357,1284
357,1575
357,1854
357,2595
357,3796
357,4384
357,4622
357,5143
357,5212
358,446
358,494
358,552
358,593
358,599
358,803
358,905
358,1152
358,1472
358,1744
358,1796
358,1899
358,1927
358,2198
358,2406
358,2913
358,3049
358,3138
358,3295
358,3546
358,3578
358,3692
358,4576
358,4680
358,4805
358,5234
358,5340
358,5641
358,6409
358,6414
358,6424
358,6673
358,6702
358,6909
358,7021
358,7090
358,7096
358,7266
358,7288
358,7573
359,258
359,319
359,593
359,633
359,780
359,868
359,1513
359,1663
359,1796
359,1798
359,2198
359,2239
359,3185
359,3380
359,4578
359,4630
359,4895
359,4954
359,5324
359,5797
359,6183
359,6551
359,6702
359,7150
359,7280
359,7353
359,7464
359,7535
360,526
360,713
360,2093
360,2170
360,2198
360,2239
360,2376
360,2581
360,3510
360,3670
360,3902
360,4016
360,4116
360,4588
360,4754
360,4805
360,5132
360,5544
360,5556
360,7233
360,7250
361,440
361,577
361,591
361,826
361,873
361,1998
361,2252
361,2619
361,3208
361,4135
361,4520
361,4878
361,5322
361,5988
361,6304
361,6469
361,6595
361,6694
361,7034
361,7132
361,7329
362,665
362,2347
362,2762
362,5232
362,5596
362,6147
362,6509
362,7031
363,1961
363,3369
363,3507
363,3600
363,3802
363,4440
363,5483
363,6105
364,1255
364,1385
364,1480
364,3524
364,4994
364,5517
364,5596
364,5617
364,5894
364,5910
364,6433
364,6509
364,7112
365,791
365,1681
365,1939
365,2075
365,4108
365,5043
365,5337
365,5382
365,5970
365,6523
365,7237
365,7618
366,24
366,42
366,89
366,169
366,233
366,258
366,369
366,482
366,593
366,622
366,632
366,710
366,732
366,906
366,924
366,1429
366,1513
366,1663
366,1684
366,1723
366,1744
366,1746
366,1796
366,1899
366,2198
366,2239
366,2380
366,2432
366,2832
366,3051
366,3353
366,3359
366,3377
366,3623
366,3946
366,4023
366,4127
366,4376
366,4578
366,4588
366,4641
366,4805
366,4895
366,4954
366,5050
366,5139
366,5199
366,5214
366,5372
366,5385
366,5404
366,5441
366,5740
366,5797
366,5799
366,5903
366,5979
366,5982
366,6077
366,6183
366,6414
366,6551
366,6634
366,6669
366,6692
366,6702
366,6807
366,6921
366,7010
366,7021
366,7170
366,7247
366,7353
366,7395
366,7440
366,7477
366,7607
366,7619
367,350
367,6268
367,7460
368,451
368,1387
368,1398
368,1848
368,1986
368,2167
368,2278
368,2351
368,2459
368,2501
368,2699
368,3200
368,3519
368,3639
368,3694
368,3790
368,3863
368,3921
368,3971
368,4299
368,4364
368,4370
368,4597
368,4929
368,4955
368,5900
368,6150
368,6529
368,6781
368,6862
368,6934
368,6977
368,7002
368,7089
368,7185
368,7199
368,7358
368,7429
368,7567
369,23
369,24
369,61
369,77
369,85
369,89
369,192
369,201
369,243
369,258
369,260
369,267
369,294
369,366
369,392
369,455
369,479
369,593
369,659
369,711
369,774
369,795
369,869
369,903
369,1011
369,1018
369,1040
369,1067
369,1081
369,1113
369,1152
369,1210
369,1293
369,1350
369,1357
369,1368
369,1415
369,1421
369,1431
369,1447
369,1476
369,1478
369,1479
369,1485
369,1513
369,1540
369,1545
369,1584
369,1621
369,1663
369,1668
369,1684
369,1690
369,1723
369,1738
369,1796
369,1798
369,1805
369,1840
369,1874
369,1899
369,1907
369,1942
369,1945
369,1970
369,1993
369,2013
369,2086
369,2106
369,2193
369,2198
369,2307
369,2340
369,2365
369,2377
369,2396
369,2406
369,2476
369,2521
369,2541
369,2549
369,2553
369,2571
369,2661
369,2671
369,2744
369,2755
369,2812
369,2832
369,2881
369,2882
369,2921
369,3025
369,3039
369,3184
369,3185
369,3196
369,3269
369,3297
369,3362
369,3363
369,3377
369,3408
369,3502
369,3538
369,3627
369,3648
369,3748
369,3756
369,3808
369,3859
369,3882
369,3895
369,3897
369,3926
369,3947
369,3970
369,3996
369,4023
369,4024
369,4097
369,4114
369,4127
369,4157
369,4167
369,4184
369,4188
369,4241
369,4243
369,4253
369,4257
369,4286
369,4303
369,4313
369,4350
369,4355
369,4376
369,4384
369,4392
369,4402
369,4408
369,4453
369,4463
369,4465
369,4466
369,4510
369,4578
369,4590
369,4608
369,4616
369,4638
369,4641
369,4658
369,4734
369,4782
369,4787
369,4806
369,4934
369,4946
369,5008
369,5058
369,5103
369,5160
369,5194
369,5222
369,5261
369,5278
369,5296
369,5348
369,5359
369,5365
369,5372
369,5399
369,5518
369,5557
369,5626
369,5646
369,5707
369,5714
369,5730
369,5740
369,5756
369,5797
369,5799
369,5816
369,5881
369,5945
369,5955
369,5961
369,5976
369,5982
369,6024
369,6047
369,6075
369,6076
369,6077
369,6082
369,6135
369,6156
369,6183
369,6208
369,6315
369,6319
369,6397
369,6400
369,6407
369,6449
369,6497
369,6507
369,6540
369,6551
369,6597
369,6634
369,6640
369,6678
369,6692
369,6702
369,6705
369,6706
369,6707
369,6714
369,6801
369,6804
369,6810
369,6830
369,6887
369,6890
369,6892
369,6895
369,6921
369,6933
369,6968
369,6971
369,6978
369,7008
369,7010
369,7021
369,7036
369,7044
369,7085
369,7097
369,7101
369,7103
369,7174
369,7231
369,7278
369,7280
369,7320
369,7352
369,7353
369,7385
369,7428
369,7464
369,7511
369,7535
369,7568
369,7597
369,7607
370,310
370,1425
370,2221
370,2546
370,2867
370,3490
370,4054
370,5994
370,6367
370,7455
371,1085
371,3200
371,4134
371,6150
371,6456
371,7199
371,7429
372,551
372,881
372,1069
372,1999
372,2143
372,2198
372,2215
372,2239
372,4223
372,4384
372,4680
372,4952
372,6001
372,7067
372,7330
373,28
373,67
373,150
373,545
373,650
373,872
373,1026
373,1057
373,1075
373,1541
373,1924
373,1946
373,2034
373,2136
373,2164
373,2315
373,2422
373,2606
373,2830
373,2875
373,2880
373,2986
373,3208
373,3233
373,3746
373,3901
373,4533
373,5177
373,5314
373,5338
373,5375
373,5466
373,5713
373,5723
373,6005
373,6187
373,6241
373,6431
373,6606
373,6821
373,6991
373,7286
374,593
374,868
374,1763
374,2198
374,3185
374,4928
374,6850
374,7353
374,7607
375,24
375,89
375,319
375,593
375,1467
375,1663
375,1796
375,2106
375,2198
375,2239
375,3277
375,3359
375,3946
375,4127
375,4184
375,4380
375,4522
375,4578
375,4641
375,4688
375,5050
375,5372
375,5799
375,6551
375,6702
375,6707
375,7247
375,7290
375,7395
375,7607
376,249
376,1692
376,2168
376,2874
376,3135
376,4322
376,6144
376,6988
376,7108
377,213
377,258
377,260
377,449
377,659
377,720
377,1798
377,1899
377,2030
377,2239
377,2380
377,2614
377,2995
377,3532
377,3547
377,3859
377,3910
377,4662
377,4682
377,4805
377,4946
377,5070
377,5199
377,5372
377,5797
377,6077
377,6887
377,6890
377,7003
377,7071
377,7097
377,7294
378,1332
378,2139
378,2737
378,3119
378,3940
378,4052
378,4175
378,4298
378,4425
378,5426
378,5431
378,6218
378,6865
378,7645
379,1323
379,3564
379,4544
380,304
380,1058
380,1899
380,2198
380,4680
380,5455
381,462
381,525
381,1132
381,1290
381,1522
381,2416
381,3524
381,4136
381,4172
381,4178
381,5253
381,5318
381,5907
381,6263
381,6908
381,7200
382,49
382,73
382,212
382,584
382,674
382,724
382,748
382,1133
382,1189
382,1287
382,1291
382,1335
382,1465
382,1479
382,1607
382,1910
382,1919
382,1922
382,1978
382,2186
382,2215
382,2325
382,2579
382,2632
382,2673
382,2703
382,3083
382,3351
382,3404
382,3506
382,3513
382,3539
382,3559
382,3574
382,3702
382,3751
382,3781
382,3821
382,3920
382,3978
382,4067
382,4153
382,4282
382,4427
382,4584
382,4653
382,4893
382,4917
382,4986
382,5375
382,5798
382,5851
382,5917
382,5926
382,6026
382,6243
382,6412
382,6427
382,6713
382,6835
382,6872
382,6920
382,6966
382,7131
382,7149
382,7322
382,7345
382,7569
383,26
383,134
383,419
383,522
383,816
383,1236
383,1591
383,2095
383,2117
383,2819
383,2871
383,3123
383,3241
383,3257
383,3621
383,4013
383,4217
383,4243
383,4650
383,4812
383,4848
383,5061
383,5133
383,5302
383,5372
383,5442
383,5518
383,5595
383,5932
383,6759
383,6887
383,6983
383,7276
383,7398
384,101
384,197
384,454
384,560
384,703
384,891
384,912
384,1385
384,1386
384,1441
384,1454
384,1515
384,2347
384,2373
384,3676
384,3894
384,3979
384,4628
384,4994
384,5210
384,5475
384,5596
384,6433
385,52
385,84
385,157
385,2876
385,3429
385,3860
385,6072
385,6122
385,6432
385,6577
385,7026
386,4718
386,5063
386,6897
387,1565
387,3244
388,1296
388,2000
388,2290
388,3370
388,5296
388,6740
389,1098
389,1872
389,2062
389,2239
389,2572
389,2820
389,3152
389,3216
389,3578
389,3866
389,3912
389,4154
389,4822
389,5289
389,5404
389,7290
389,7298
389,7395
390,1584
390,4213
391,137
391,567
391,2145
391,2788
391,3128
391,4535
391,7356
392,89
392,369
392,593
392,1796
392,2198
392,4023
392,4578
392,4934
392,5241
392,5567
392,6414
392,6449
392,6702
392,7010
392,7353
392,7477
393,258
393,490
393,1098
393,1239
393,1700
393,1872
393,2198
393,2239
393,3013
393,3557
393,4230
393,6878
393,7344
394,941
394,988
394,993
394,1416
394,1443
394,2014
394,2056
394,2078
394,2136
394,2412
394,2428
394,2585
394,2608
394,2833
394,2907
394,3086
394,3107
394,3159
394,3227
394,3244
394,3396
394,3425
394,3442
394,3729
394,3798
394,3819
394,3869
394,3949
394,4235
394,4738
394,4906
394,5035
394,5185
394,5221
394,5331
394,5454
394,5638
394,5872
394,6433
394,6621
394,6642
394,6813
394,6910
394,6970
395,88
395,100
395,761
395,1052
395,1143
395,1181
395,2374
395,2430
395,2570
395,2897
395,3635
395,3778
395,3783
395,3793
395,3956
395,4189
395,4378
395,4400
395,4454
395,4577
395,4817
395,5009
395,5226
395,5638
395,5664
395,6048
395,6114
395,6165
395,6258
395,6378
395,6458
395,6651
395,6729
395,6748
395,6766
395,6896
395,6914
396,68
396,238
396,547
396,565
396,574
396,792
396,799
396,1147
396,1208
396,1265
396,1369
396,1384
396,1542
396,1837
396,1971
396,2020
396,2442
396,2466
396,2687
396,2692
396,2846
396,3200
396,4059
396,4119
396,4319
396,4444
396,4481
396,4547
396,4929
396,5021
396,5149
396,5196
396,5695
396,6498
396,6883
396,6932
396,6943
396,7040
396,7199
396,7301
397,584
397,1252
397,2703
397,3539
397,3665
397,3821
397,5174
397,7624
398,147
398,221
398,481
398,578
398,618
398,688
398,746
398,901
398,1086
398,1223
398,1466
398,1622
398,1683
398,2012
398,2491
398,2499
398,2786
398,2873
398,3211
398,3449
398,3452
398,3733
398,3904
398,4117
398,4244
398,4411
398,4485
398,4494
398,4663
398,4711
398,4884
398,5072
398,5974
398,6103
398,6106
398,6311
398,6488
398,6609
398,7015
398,7263
398,7383
398,7489
398,7598
399,7
399,441
399,853
399,991
399,1053
399,1460
399,1852
399,2046
399,2050
399,2180
399,2255
399,2321
399,2957
399,3048
399,3130
399,3420
399,3536
399,3730
399,3806
399,3811
399,3843
399,4224
399,4265
399,5161
399,5600
399,5977
399,6213
399,6380
399,6525
399,6650
399,6687
399,6894
399,7027
400,24
400,309
400,593
400,774
400,1152
400,1744
400,1899
400,2198
400,2615
400,3049
400,3623
400,4347
400,4388
400,4954
400,5399
400,5881
400,6702
400,7036
401,7
401,338
401,459
401,1694
401,1781
401,1799
401,1937
401,2050
401,2180
401,2472
401,3048
401,3119
401,3350
401,3420
401,3843
401,3940
401,4175
401,4224
401,4265
401,4298
401,4425
401,4675
401,4911
401,4981
401,5102
401,5113
401,5416
401,5426
401,5565
401,5569
401,5600
401,5831
401,5995
401,6559
401,6687
401,6853
401,7027
402,1340
402,2077
402,2390
402,2436
402,2505
402,2695
402,2924
402,3281
402,3495
402,4449
402,4628
402,4646
402,4730
402,4810
402,4906
402,4994
402,6245
402,6433
403,28
403,36
403,480
403,920
403,971
403,1280
403,1429
403,1579
403,2163
403,2244
403,2286
403,2581
403,2740
403,2804
403,3271
403,3856
403,4015
403,4033
403,4100
403,5209
403,5343
403,5364
403,5437
403,5496
403,5504
403,5708
403,6187
403,6237
403,6504
403,6696
403,6773
403,6807
403,6852
403,7190
404,3191
404,6979
405,1243
405,1648
405,2250
405,2849
405,3825
406,238
406,451
406,703
406,799
406,915
406,929
406,1025
406,1208
406,1265
406,1693
406,1968
406,1971
406,2278
406,2466
406,2580
406,2802
406,2846
406,2858
406,3029
406,3055
406,3402
406,3914
406,3943
406,4036
406,4119
406,4396
406,4444
406,4481
406,5021
406,5149
406,5196
406,6158
406,6472
406,6498
406,6697
406,6932
407,281
407,354
407,452
407,636
407,1116
407,1180
407,1201
407,1314
407,1393
407,1506
407,1530
407,1755
407,1921
407,2082
407,2198
407,2301
407,2464
407,3402
407,3668
407,4432
407,4437
407,4690
407,4841
407,4898
407,5159
407,5207
407,5622
407,5767
407,5770
407,6053
407,6158
407,6346
407,6826
407,6869
407,7123
407,7168
408,1453
408,1621
408,3060
408,3965
408,4384
408,4680
408,4864
408,5576
408,5709
408,5996
408,7296
408,7401
409,122
409,187
409,959
409,1055
409,1823
409,1920
409,2109
409,2140
409,2409
409,2720
409,2837
409,3231
409,3601
409,3747
409,3755
409,3801
409,4144
409,4379
409,4896
409,4950
409,4980
409,5421
409,5829
409,6231
409,6333
409,6401
409,6550
409,6635
409,6718
409,6791
409,6948
409,7126
409,7243
410,593
410,1284
410,1291
410,1521
410,2198
410,2215
410,2586
410,2856
410,3049
410,3469
410,3704
410,4067
410,4376
410,4641
410,4805
410,5037
410,5115
410,5132
410,5404
410,5641
410,5881
410,6038
410,6408
410,6952
410,7250
411,48
411,114
411,590
411,1479
411,1776
411,1782
411,2198
411,2239
411,2572
411,2586
411,2743
411,3216
411,3277
411,3532
411,3561
411,3834
411,3983
411,4154
411,4289
411,4373
411,4522
411,4565
411,4822
411,6069
411,6210
411,6369
411,6604
411,6775
411,7020
411,7032
411,7290
411,7357
411,7395
411,7510
411,7524
411,7592
412,36
412,570
412,698
412,749
412,787
412,882
412,1243
412,1531
412,1648
412,1732
412,1734
412,1759
412,1827
412,1969
412,1977
412,2134
412,2192
412,2235
412,2250
412,2324
412,2609
412,2822
412,2854
412,2861
412,2895
412,2975
412,3091
412,3116
412,3326
412,3346
412,3371
412,3529
412,3805
412,4048
412,4256
412,4274
412,4312
412,4375
412,4412
412,4496
412,4603
412,4960
412,5257
412,5465
412,5512
412,5540
412,5658
412,5691
412,5849
412,5882
412,6010
412,6099
412,6143
412,6250
412,6363
412,7086
412,7241
413,947
413,1302
413,2239
413,2295
413,2385
413,2927
413,3387
413,3578
413,4344
413,4685
413,5123
413,5354
413,5664
413,5682
413,6897
413,7467
414,1288
414,1559
414,1632
414,1713
414,1765
414,1839
414,2467
414,2616
414,3752
414,3764
414,4192
414,4818
414,5800
414,5848
414,6056
414,6057
414,6238
414,6616
414,6812
414,7189
414,7256
414,7595
415,260
415,304
415,942
415,1113
415,1210
415,1293
415,1453
415,1456
415,1621
415,1862
415,2129
415,2370
415,2441
415,2911
415,3183
415,3311
415,3713
415,3748
415,3895
415,3996
415,4080
415,4177
415,4376
415,4384
415,4608
415,4830
415,4952
415,5222
415,5296
415,5623
415,5641
415,5649
415,6551
415,6707
415,6760
415,7147
415,7369
415,7464
415,7465
415,7582
416,547
416,792
416,1147
416,1542
416,1837
416,1968
416,1971
416,2278
416,2403
416,2580
416,2692
416,2846
416,3402
416,3522
416,3943
416,4036
416,4481
416,5196
416,6158
416,6659
416,6883
416,6943
416,7301
416,7533
417,1026
417,1729
417,1984
417,2214
417,2218
417,2277
417,2392
417,2546
417,4234
417,5101
417,5177
417,5947
417,6178
417,6266
417,7107
417,7109
417,7175
417,7389
417,7455
417,7498
419,383
419,592
419,593
419,739
419,1082
419,1194
419,1236
419,1591
419,1744
419,2095
419,2198
419,2556
419,2685
419,2778
419,2887
419,3063
419,3243
419,3247
419,3294
419,3657
419,3720
419,3923
419,4082
419,4217
419,4345
419,4828
419,4848
419,4912
419,5133
419,5234
419,5293
419,5703
419,5958
419,6175
419,6343
419,6371
419,6790
419,7119
419,7276
419,7283
419,7601
420,237
420,256
420,620
420,709
420,778
420,884
420,1791
420,2064
420,2133
420,2251
420,3845
420,3879
420,4181
420,4208
420,4237
420,4382
420,4925
420,5618
420,5793
420,6042
420,6090
420,6130
420,6623
420,6712
420,6806
420,7343
420,7565
421,85
421,260
421,304
421,593
421,1058
421,1210
421,1249
421,1284
421,1453
421,1575
421,1624
421,1665
421,1798
421,2039
421,2143
421,2198
421,2215
421,2370
421,2377
421,2586
421,2738
421,2848
421,3183
421,3538
421,3698
421,3895
421,4067
421,4080
421,4164
421,4177
421,4376
421,4384
421,4805
421,4952
421,5132
421,5223
421,5296
421,5641
421,5707
421,5816
421,5881
421,6098
421,6510
421,6551
421,7003
421,7147
421,7269
422,2168
422,2874
422,3147
422,4322
422,5104
422,6144
423,1262
423,1806
423,1855
423,2130
423,2362
423,5480
423,5673
424,4537
425,147
425,298
425,481
425,561
425,619
425,746
425,943
425,1223
425,1292
425,1646
425,2395
425,2398
425,2548
425,2843
425,2853
425,3211
425,3255
425,3449
425,3479
425,3504
425,4191
425,4252
425,4423
425,4564
425,4663
425,4703
425,4708
425,4711
425,5228
425,5230
425,5357
425,5721
425,5751
425,5928
425,5972
425,6222
425,6311
425,6609
425,6625
425,6725
425,6924
425,7383
425,7426
425,7598
427,78
427,1332
427,1781
427,2022
427,2139
427,2369
427,3288
427,3416
427,4515
427,4965
427,5113
427,6018
427,6239
427,6273
427,6865
427,6918
427,7645
428,70
428,1270
428,5506
428,5566
429,87
429,139
429,548
429,634
429,1181
429,1261
429,2481
429,2527
429,2902
429,2997
429,3176
429,3485
429,4118
429,4172
429,4804
429,4823
429,4922
429,5063
429,5183
429,5185
429,5379
429,5506
429,5739
429,6142
429,6283
429,6481
429,6548
429,6558
429,6861
429,7087
429,7251
429,7267
429,7583
430,156
430,829
430,1188
430,2355
430,2570
430,2879
430,2898
430,3793
430,4040
430,4094
430,4617
430,5574
430,5771
430,5796
430,6058
430,6724
430,6856
431,23
431,89
431,183
431,260
431,267
431,294
431,345
431,482
431,593
431,659
431,710
431,1018
431,1040
431,1058
431,1254
431,1268
431,1293
431,1350
431,1357
431,1415
431,1431
431,1447
431,1453
431,1472
431,1513
431,1663
431,1684
431,1723
431,1738
431,1744
431,1796
431,1798
431,1899
431,1907
431,1993
431,2013
431,2106
431,2129
431,2198
431,2340
431,2377
431,2396
431,2406
431,2553
431,2575
431,2812
431,2882
431,2888
431,3051
431,3105
431,3178
431,3403
431,3408
431,3459
431,3538
431,3593
431,3648
431,3748
431,3897
431,4023
431,4024
431,4080
431,4157
431,4350
431,4376
431,4465
431,4578
431,4616
431,4688
431,4712
431,4870
431,4952
431,5015
431,5042
431,5132
431,5160
431,5241
431,5351
431,5365
431,5372
431,5399
431,5404
431,5612
431,5651
431,5707
431,5710
431,5740
431,5756
431,5797
431,5799
431,5881
431,5982
431,6135
431,6156
431,6183
431,6188
431,6398
431,6449
431,6551
431,6597
431,6669
431,6673
431,6692
431,6702
431,6707
431,6847
431,6921
431,7010
431,7021
431,7044
431,7085
431,7097
431,7170
431,7296
431,7353
431,7428
431,7464
431,7477
431,7511
431,7536
431,7568
431,7607
432,62
432,91
432,583
432,766
432,1058
432,1069
432,1094
432,1339
432,1494
432,1500
432,1619
432,1802
432,1817
432,2143
432,2198
432,2239
432,2368
432,2427
432,2577
432,2977
432,3223
432,3330
432,3578
432,3607
432,3672
432,3695
432,3887
432,3890
432,3895
432,3925
432,4037
432,4109
432,4223
432,4230
432,4376
432,4805
432,5111
432,5125
432,5676
432,5749
432,5941
432,5962
432,5987
432,5998
432,6098
432,6128
432,6309
432,6437
432,6581
432,6642
432,6770
432,7067
432,7171
432,7269
432,7486
432,7603
432,7635
433,7
433,441
433,1460
433,2256
433,2957
433,3420
433,3536
433,4265
433,4883
433,4938
433,5600
433,5848
433,6687
433,6894
434,549
434,613
434,1027
434,1343
434,1560
434,1795
434,1817
434,1832
434,2089
434,3578
434,4222
434,4665
434,4805
434,4867
434,6845
434,7467
434,7486
435,593
435,2198
435,3132
435,3951
435,5552
435,6075
435,6613
435,7280
435,7568
436,4027
436,4482
436,4555
436,4725
437,608
437,798
437,1257
437,1352
437,1848
437,2167
437,2289
437,3200
437,3694
437,3696
437,3971
437,4134
437,4339
437,4401
437,4794
437,5683
437,6167
437,6809
437,6862
437,7199
437,7429
437,7439
438,28
438,526
438,669
438,684
438,1280
438,1429
438,1744
438,2111
438,2198
438,3049
438,3510
438,4116
438,4390
438,4805
438,5264
438,5335
438,5428
438,5544
438,5734
438,6038
438,6388
438,6458
438,6481
438,6569
438,6702
438,6909
438,7250
439,166
439,1537
439,3041
439,3084
439,3143
439,3375
439,3494
439,3905
439,5419
439,5877
439,5927
439,6130
439,7404
440,361
440,826
440,873
440,1998
440,2252
440,2619
440,3208
440,4520
440,5322
440,5988
440,5991
440,7132
440,7329
441,399
441,433
441,890
441,1053
441,1694
441,1852
441,2046
441,2255
441,2321
441,3420
441,3536
441,3730
441,3811
441,3843
441,4126
441,4224
441,4265
441,5161
441,5569
441,5915
441,6213
441,6380
441,6525
441,6650
441,6687
441,6763
442,517
442,556
442,661
442,786
442,828
442,882
442,1016
442,1504
442,1696
442,1759
442,1766
442,1983
442,2019
442,2114
442,2260
442,2281
442,2324
442,2327
442,2717
442,2806
442,3099
442,3291
442,3523
442,3840
442,3874
442,4300
442,4619
442,4666
442,4704
442,4751
442,5529
442,5692
442,6164
442,6465
442,6502
442,6679
442,6772
442,7060
442,7255
442,7566
443,305
443,311
443,652
443,1877
443,2519
443,2604
443,2700
443,4295
443,5154
443,5181
443,6751
443,7550
444,147
444,481
444,510
444,561
444,837
444,1086
444,1223
444,1509
444,1529
444,1562
444,1622
444,1646
444,1683
444,2468
444,2499
444,2853
444,3180
444,3211
444,3393
444,3411
444,3449
444,3452
444,3733
444,4117
444,4191
444,4244
444,4353
444,4411
444,4485
444,4494
444,4524
444,4663
444,4681
444,4873
444,5138
444,5270
444,5345
444,5357
444,5405
444,5573
444,5784
444,5974
444,6103
444,6106
444,6311
444,6488
444,7110
444,7383
444,7489
444,7502
444,7598
445,1453
445,2198
445,2913
445,3692
445,4680
445,5132
445,6702
446,169
446,358
446,469
446,552
446,593
446,696
446,770
446,789
446,818
446,836
446,924
446,1011
446,1058
446,1106
446,1330
446,1333
446,1399
446,1453
446,1472
446,1634
446,1665
446,1671
446,1744
446,1927
446,1999
446,2171
446,2198
446,2205
446,2206
446,2239
446,2287
446,2310
446,2377
446,2406
446,2432
446,2471
446,2485
446,2595
446,2645
446,2730
446,2736
446,2770
446,2772
446,2804
446,2882
446,2913
446,2931
446,3049
446,3081
446,3160
446,3183
446,3269
446,3322
446,3578
446,3623
446,3704
446,3721
446,3748
446,3882
446,3930
446,4062
446,4296
446,4373
446,4376
446,4573
446,4670
446,4746
446,4768
446,4805
446,5039
446,5082
446,5108
446,5132
446,5155
446,5234
446,5372
446,5385
446,5398
446,5404
446,5412
446,5470
446,5543
446,5641
446,5707
446,5808
446,5833
446,5853
446,5873
446,5878
446,5975
446,6004
446,6078
446,6140
446,6353
446,6409
446,6551
446,6649
446,6702
446,6787
446,6807
446,6847
446,6968
446,7003
446,7096
446,7173
446,7266
446,7288
446,7289
446,7448
446,7573
446,7628
447,1326
447,2456
447,3431
447,4647
447,5480
447,7388
448,3
448,1453
448,2198
448,3068
448,4067
448,5446
448,7252
449,260
449,377
449,1492
449,2198
449,2239
449,2510
449,3594
449,3912
449,4267
449,4768
449,4952
449,5199
449,5404
449,5412
449,5707
449,5816
449,6551
449,6890
449,7395
450,92
450,259
450,1377
450,2143
450,2198
450,2239
450,3171
450,3532
450,3607
450,3895
450,5404
450,6437
450,7067
450,7330
450,7395
450,7510
451,68
451,354
451,368
451,406
451,452
451,547
451,624
451,1071
451,1147
451,1154
451,1201
451,1265
451,1387
451,1542
451,1605
451,1837
451,1968
451,1971
451,2278
451,2351
451,2403
451,2580
451,2696
451,2846
451,3228
451,3254
451,3286
451,3390
451,3402
451,3519
451,3522
451,3535
451,3694
451,3863
451,4036
451,4119
451,4481
451,4929
451,5021
451,5096
451,5149
451,5196
451,5590
451,5956
451,6158
451,6455
451,6833
451,6863
451,6883
451,6932
451,7301
451,7358
451,7533
451,7567
451,7625
452,68
452,104
452,234
452,281
452,327
452,348
452,354
452,407
452,451
452,547
452,594
452,624
452,635
452,792
452,799
452,823
452,929
452,1025
452,1059
452,1114
452,1147
452,1154
452,1168
452,1199
452,1201
452,1203
452,1208
452,1231
452,1265
452,1300
452,1312
452,1318
452,1366
452,1462
452,1479
452,1542
452,1557
452,1571
452,1576
452,1602
452,1713
452,1754
452,1779
452,1837
452,1968
452,1971
452,2029
452,2203
452,2253
452,2276
452,2278
452,2403
452,2578
452,2580
452,2642
452,2692
452,2696
452,2716
452,2747
452,2841
452,2858
452,2934
452,2936
452,3055
452,3110
452,3144
452,3254
452,3286
452,3301
452,3314
452,3338
452,3402
452,3418
452,3522
452,3556
452,3769
452,3917
452,3943
452,4011
452,4036
452,4119
452,4132
452,4139
452,4166
452,4331
452,4359
452,4389
452,4396
452,4404
452,4444
452,4481
452,4547
452,4550
452,4568
452,4627
452,4749
452,4825
452,4841
452,4844
452,4927
452,4977
452,4998
452,5021
452,5055
452,5073
452,5149
452,5196
452,5233
452,5246
452,5353
452,5470
452,5479
452,5590
452,5712
452,5766
452,6011
452,6158
452,6204
452,6267
452,6292
452,6375
452,6455
452,6498
452,6638
452,6659
452,6697
452,6710
452,6782
452,6833
452,6863
452,6883
452,6938
452,7028
452,7083
452,7094
452,7148
452,7152
452,7156
452,7168
452,7301
452,7350
452,7381
452,7393
452,7533
452,7567
452,7571
452,7625
453,38
453,324
453,529
453,569
453,749
453,779
453,1309
453,1459
453,1706
453,1743
453,1969
453,2189
453,2326
453,2552
453,3032
453,3570
453,3598
453,4666
453,5250
453,5491
453,5662
453,5848
453,6275
453,6602
453,6670
453,6965
453,7073
453,7646
454,384
454,912
454,918
454,1255
454,1385
454,2373
454,2473
454,2702
454,3303
454,3729
454,4994
454,5506
454,5596
454,5910
454,6509
455,183
455,260
455,369
455,593
455,1152
455,1415
455,1447
455,1513
455,1723
455,1727
455,1796
455,1798
455,1899
455,1993
455,2039
455,2198
455,2370
455,2553
455,2571
455,2906
455,3138
455,3648
455,3703
455,3713
455,3720
455,4210
455,4538
455,4641
455,4669
455,4934
455,5132
455,5139
455,5234
455,5241
455,5286
455,5372
455,5404
455,5412
455,5518
455,5734
455,5799
455,5881
455,5937
455,5979
455,5982
455,6381
455,6414
455,6551
455,6669
455,6678
455,6702
455,6707
455,6909
455,7003
455,7071
455,7215
455,7280
455,7337
455,7352
455,7353
455,7477
455,7572
455,7577
455,7607
456,28
456,39
456,40
456,48
456,51
456,72
456,106
456,107
456,143
456,161
456,167
456,211
456,217
456,248
456,258
456,262
456,299
456,305
456,471
456,474
456,483
456,490
456,495
456,526
456,536
456,552
456,680
456,756
456,785
456,802
456,834
456,847
456,881
456,905
456,964
456,1034
456,1058
456,1098
456,1139
456,1163
456,1184
456,1185
456,1228
456,1245
456,1253
456,1280
456,1315
456,1337
456,1379
456,1409
456,1470
456,1585
456,1603
456,1627
456,1722
456,1725
456,1757
456,1776
456,1777
456,1894
456,1896
456,1899
456,1911
456,1929
456,1938
456,1948
456,1962
456,1975
456,1979
456,1981
456,2024
456,2043
456,2045
456,2062
456,2070
456,2084
456,2089
456,2113
456,2198
456,2211
456,2239
456,2250
456,2294
456,2306
456,2310
456,2346
456,2400
456,2415
456,2438
456,2447
456,2536
456,2586
456,2588
456,2597
456,2626
456,2627
456,2648
456,2649
456,2701
456,2703
456,2738
456,2761
456,2795
456,2901
456,2905
456,2917
456,2961
456,3013
456,3022
456,3050
456,3109
456,3138
456,3157
456,3160
456,3194
456,3224
456,3278
456,3320
456,3328
456,3334
456,3339
456,3382
456,3510
456,3515
456,3561
456,3577
456,3578
456,3585
456,3591
456,3623
456,3643
456,3698
456,3726
456,3750
456,3757
456,3775
456,3849
456,3854
456,3888
456,3891
456,3916
456,3931
456,3964
456,3966
456,4031
456,4039
456,4044
456,4098
456,4120
456,4173
456,4182
456,4185
456,4186
456,4206
456,4217
456,4294
456,4295
456,4301
456,4302
456,4376
456,4434
456,4450
456,4479
456,4569
456,4670
456,4685
456,4715
456,4719
456,4731
456,4745
456,4805
456,4822
456,4854
456,4900
456,4940
456,4991
456,5001
456,5081
456,5155
456,5188
456,5208
456,5263
456,5289
456,5304
456,5317
456,5321
456,5332
456,5364
456,5368
456,5396
456,5420
456,5433
456,5454
456,5461
456,5474
456,5500
456,5504
456,5530
456,5543
456,5598
456,5651
456,5674
456,5728
456,5772
456,5843
456,5864
456,5953
456,5963
456,5997
456,6015
456,6079
456,6096
456,6119
456,6131
456,6134
456,6140
456,6176
456,6210
456,6269
456,6282
456,6301
456,6338
456,6369
456,6381
456,6382
456,6389
456,6409
456,6417
456,6450
456,6451
456,6511
456,6563
456,6572
456,6594
456,6683
456,6726
456,6761
456,6775
456,6784
456,6815
456,6847
456,6852
456,6878
456,6904
456,6911
456,6947
456,6960
456,6968
456,7020
456,7032
456,7035
456,7048
456,7072
456,7125
456,7224
456,7293
456,7298
456,7351
456,7359
456,7430
456,7440
456,7481
456,7503
456,7589
457,354
457,624
457,929
457,1147
457,1208
457,1713
457,1837
457,2029
457,2278
457,2580
457,2642
457,2858
457,3338
457,3943
457,4119
457,4481
457,4977
457,5073
457,6158
457,6292
457,6697
458,284
458,519
458,557
458,983
458,1073
458,1233
458,4101
458,5291
458,5627
459,78
459,206
459,401
459,647
459,1313
459,1332
459,1694
459,1781
459,1937
459,2022
459,2139
459,3288
459,3350
459,3416
459,4298
459,4515
459,4721
459,4740
459,4911
459,4981
459,5113
459,5319
459,5416
459,5607
459,5681
459,5954
459,6018
459,6132
459,6220
459,6239
459,6273
459,6559
459,6865
459,7484
459,7642
459,7645
460,103
460,766
460,1284
460,1291
460,2239
460,3341
460,4067
460,4376
460,4952
460,7330
461,495
461,501
461,764
461,766
461,1181
461,1241
461,1417
461,1572
461,1595
461,1795
461,1962
461,2372
461,2425
461,2559
461,3098
461,3187
461,3203
461,3295
461,3578
461,3654
461,3739
461,3743
461,3866
461,3922
461,4185
461,4324
461,5022
461,5150
461,5378
461,5504
461,5524
461,5652
461,5664
461,5758
461,6235
461,6308
461,6904
461,7305
461,7456
461,7584
462,331
462,381
462,585
462,846
462,980
462,1032
462,1297
462,1669
462,1688
462,1764
462,2210
462,2254
462,3141
462,3313
462,3650
462,3952
462,4078
462,4178
462,4320
462,4362
462,5907
462,5986
462,5992
462,6263
462,6328
462,6358
462,6491
462,6619
462,6684
462,7153
462,7200
462,7576
462,7579
463,189
463,275
463,316
463,328
463,516
463,661
463,928
463,1391
463,1504
463,1696
463,1759
463,1849
463,1969
463,1983
463,2090
463,2114
463,2281
463,2387
463,2622
463,2768
463,3090
463,3272
463,3324
463,3528
463,3553
463,3597
463,3820
463,4281
463,4583
463,4614
463,4666
463,4739
463,5448
463,5825
463,5828
463,6046
463,6534
463,6679
463,7061
463,7255
464,158
464,491
464,645
464,1213
464,1411
464,1564
464,1613
464,2046
464,2054
464,2504
464,3057
464,3843
464,4035
464,4363
464,5236
464,5427
464,5599
464,5846
464,6763
464,6871
464,7306
464,7378
465,1035
465,2379
465,3107
465,4501
465,4810
465,4961
465,7205
465,7292
466,73
466,137
466,551
466,1958
466,2332
466,3689
466,5420
466,5513
466,5650
466,7330
467,2091
467,6154
467,6476
468,470
468,1041
468,1425
468,2723
468,5149
468,5868
468,6710
469,28
469,77
469,258
469,446
469,593
469,766
469,1492
469,1634
469,1663
469,1738
469,1798
469,1899
469,1993
469,2198
469,2239
469,2913
469,3138
469,3277
469,3364
469,3438
469,3623
469,3693
469,4156
469,4164
469,4376
469,4522
469,4768
469,4805
469,4870
469,5042
469,5048
469,5286
469,5324
469,5372
469,5404
469,5903
469,5979
469,6077
469,6183
469,6551
469,6702
469,6887
469,6890
469,7003
469,7204
469,7395
469,7464
469,7607
470,468
470,1025
470,1425
470,2135
470,4752
470,7372
471,40
471,72
471,161
471,262
471,456
471,970
471,1185
471,1228
471,1347
471,1714
471,2145
471,2415
471,2738
471,2795
471,2871
471,3054
471,3157
471,3179
471,3339
471,3966
471,4031
471,4033
471,4098
471,4173
471,4294
471,5181
471,5368
471,5461
471,5504
471,6119
471,6237
471,6379
471,6572
471,6777
471,6852
471,7020
471,7365
471,7409
471,7550
472,241
472,1075
472,1710
472,2344
472,2385
472,2535
472,3095
472,3387
472,3651
472,3680
472,4656
472,4906
472,6084
472,6642
472,7176
472,7190
473,23
473,1058
473,1210
473,1415
473,1453
473,1798
473,2198
473,2239
473,2573
473,2586
473,3177
473,3183
473,3748
473,3895
473,4071
473,4164
473,4376
473,4384
473,4422
473,4805
473,4806
473,5132
473,5194
473,5258
473,5296
473,5404
473,5707
473,5740
473,5816
473,5881
473,7046
473,7572
473,7582
474,143
474,287
474,456
474,629
474,930
474,1184
474,1586
474,1612
474,2164
474,2415
474,2586
474,2795
474,2801
474,2831
474,3073
474,3339
474,3359
474,3503
474,3689
474,4097
474,4173
474,4422
474,4626
474,4892
474,4904
474,4918
474,4982
474,4987
474,5504
474,5772
474,5807
474,5984
474,6210
474,6451
474,6660
474,7032
474,7121
474,7330
474,7465
475,260
475,479
475,542
475,904
475,1058
475,1113
475,1170
475,1293
475,1784
475,1798
475,1840
475,1862
475,2013
475,2106
475,2120
475,2129
475,2198
475,2239
475,2370
475,2671
475,2725
475,2888
475,3357
475,3359
475,3408
475,3538
475,3606
475,3748
475,3958
475,3970
475,4326
475,4369
475,4376
475,4384
475,4847
475,4952
475,5243
475,5641
475,5707
475,5816
475,5859
475,5955
475,6100
475,6265
475,6551
475,6673
475,6707
475,6801
475,6802
475,6825
475,6906
475,7296
475,7464
475,7537
475,7582
475,7607
476,1284
476,1444
476,2198
476,2239
476,2241
476,3049
476,3070
476,3152
476,3277
476,3607
476,4154
476,4174
476,4952
476,5799
476,6228
476,7395
476,7510
477,1464
478,340
478,512
478,1243
478,1280
478,1709
478,2250
478,2854
478,2861
478,3024
478,3371
478,5066
478,6099
478,6479
478,7014
479,23
479,69
479,138
479,260
479,304
479,369
479,475
479,542
479,593
479,727
479,735
479,1058
479,1170
479,1268
479,1293
479,1368
479,1663
479,1784
479,1798
479,1908
479,2010
479,2013
479,2106
479,2198
479,2313
479,2370
479,2521
479,2571
479,2618
479,2725
479,2888
479,2921
479,3051
479,3149
479,3184
479,3226
479,3235
479,3362
479,3408
479,3456
479,3693
479,3748
479,3867
479,3909
479,3958
479,3996
479,4086
479,4167
479,4376
479,4680
479,4806
479,5015
479,5084
479,5258
479,5296
479,5344
479,5404
479,5640
479,5641
479,5707
479,5816
479,5859
479,5881
479,5955
479,6075
479,6100
479,6413
479,6449
479,6484
479,6492
479,6537
479,6551
479,6701
479,6702
479,6707
479,6877
479,6892
479,6906
479,6933
479,6971
479,6981
479,7071
479,7104
479,7150
479,7231
479,7280
479,7353
479,7464
479,7487
479,7537
479,7568
479,7572
480,403
480,1107
480,2830
480,3534
480,4346
481,74
481,147
481,179
481,221
481,298
481,398
481,425
481,444
481,510
481,561
481,578
481,609
481,618
481,619
481,653
481,663
481,671
481,679
481,685
481,688
481,744
481,782
481,812
481,837
481,855
481,943
481,969
481,992
481,1086
481,1096
481,1223
481,1292
481,1365
481,1466
481,1475
481,1477
481,1509
481,1529
481,1555
481,1562
481,1622
481,1637
481,1683
481,1889
481,1917
481,1944
481,2012
481,2067
481,2073
481,2137
481,2176
481,2238
481,2259
481,2352
481,2361
481,2383
481,2395
481,2444
481,2449
481,2468
481,2489
481,2491
481,2499
481,2548
481,2658
481,2786
481,2805
481,2827
481,2843
481,2873
481,2896
481,2926
481,2983
481,3047
481,3180
481,3211
481,3255
481,3393
481,3399
481,3411
481,3441
481,3449
481,3452
481,3479
481,3487
481,3584
481,3733
481,3737
481,3904
481,3984
481,4117
481,4123
481,4151
481,4244
481,4252
481,4310
481,4353
481,4397
481,4411
481,4423
481,4459
481,4475
481,4478
481,4485
481,4487
481,4491
481,4494
481,4498
481,4524
481,4585
481,4604
481,4607
481,4663
481,4681
481,4703
481,4708
481,4761
481,4873
481,4884
481,4886
481,4914
481,4921
481,4968
481,5038
481,5072
481,5138
481,5228
481,5270
481,5345
481,5357
481,5405
481,5476
481,5489
481,5573
481,5609
481,5718
481,5721
481,5737
481,5750
481,5751
481,5784
481,5896
481,5908
481,5972
481,6033
481,6083
481,6092
481,6103
481,6106
481,6168
481,6227
481,6288
481,6311
481,6488
481,6496
481,6508
481,6567
481,6609
481,6709
481,6829
481,6924
481,6972
481,7012
481,7015
481,7024
481,7033
481,7110
481,7214
481,7263
481,7324
481,7361
481,7383
481,7426
481,7444
481,7469
481,7489
481,7490
481,7502
481,7531
481,7598
482,23
482,85
482,89
482,258
482,260
482,267
482,304
482,366
482,431
482,562
482,593
482,1058
482,1350
482,1415
482,1513
482,1614
482,1621
482,1634
482,1663
482,1684
482,1723
482,1738
482,1744
482,1796
482,1798
482,1899
482,1959
482,1993
482,2013
482,2030
482,2106
482,2198
482,2239
482,2396
482,2541
482,2553
482,2575
482,2661
482,2812
482,2832
482,3008
482,3184
482,3237
482,3693
482,3897
482,4023
482,4080
482,4184
482,4350
482,4376
482,4384
482,4538
482,4578
482,4712
482,4806
482,4934
482,5015
482,5037
482,5241
482,5399
482,5404
482,5689
482,5707
482,5740
482,5756
482,5799
482,5816
482,5881
482,5979
482,6077
482,6135
482,6156
482,6183
482,6315
482,6398
482,6449
482,6551
482,6669
482,6678
482,6702
482,6787
482,6887
482,6921
482,6968
482,7071
482,7085
482,7353
482,7369
482,7464
482,7535
482,7568
482,7577
482,7607
483,1
483,40
483,161
483,456
483,1066
483,2113
483,2145
483,2415
483,2795
483,3503
483,4259
483,4735
483,4940
483,4987
483,6417
483,7032
483,7128
483,7330
483,7359
484,261
484,309
484,633
484,706
484,774
484,1165
484,1467
484,1744
484,2198
484,2380
484,2598
484,2649
484,2981
484,3020
484,3138
484,3373
484,3547
484,3683
484,4023
484,4211
484,4243
484,5037
484,5054
484,5311
484,5330
484,5518
484,5543
484,5612
484,5679
484,5734
484,5853
484,6024
484,6066
484,6492
484,6526
484,6787
484,6907
484,6930
484,6968
484,7003
484,7021
484,7070
484,7215
484,7320
484,7346
485,28
485,197
485,536
485,644
485,751
485,931
485,970
485,1060
485,1111
485,1253
485,1353
485,1408
485,1454
485,1457
485,1458
485,1610
485,1633
485,1654
485,1905
485,1930
485,1961
485,1981
485,2163
485,2561
485,2746
485,3035
485,3278
485,3310
485,3605
485,3787
485,3928
485,4106
485,4152
485,4959
485,5249
485,5360
485,5437
485,5498
485,5615
485,5696
485,5843
485,5953
485,5963
485,6085
485,6134
485,6323
485,6450
485,6572
485,6593
485,6726
485,6807
485,6827
485,6996
485,7373
485,7526
485,7596
486,276
486,2239
486,2505
486,4691
487,573
487,862
487,1961
487,2998
487,3139
487,3499
487,4295
487,5156
487,5191
488,4199
489,756
489,764
489,1280
489,1429
489,2198
489,3331
489,3433
489,3545
489,3578
489,3817
489,4573
489,4805
489,5213
489,5664
489,7467
489,7587
490,1
490,40
490,143
490,161
490,287
490,393
490,456
490,881
490,1066
490,2113
490,2298
490,2299
490,2586
490,2626
490,2648
490,2809
490,2955
490,3013
490,3077
490,3339
490,3503
490,3990
490,4031
490,4173
490,4259
490,4294
490,4735
490,4940
490,4987
490,5022
490,5993
490,6417
490,6452
490,6563
490,6588
490,7330
490,7359
491,7
491,247
491,464
491,1204
491,1471
491,1636
491,1852
491,1895
491,2180
491,2475
491,2504
491,3048
491,3204
491,3263
491,3315
491,3489
491,4035
491,4334
491,4363
491,4598
491,4600
491,4639
491,4648
491,4795
491,4897
491,5147
491,5236
491,5275
491,5393
491,5755
491,6255
491,6390
491,6607
491,6641
491,6680
491,6763
491,6891
492,3044
492,3095
492,3483
492,4574
493,1000
493,1678
493,2239
493,2451
493,2469
493,3337
494,60
494,358
494,689
494,1524
494,2198
494,2275
494,4805
494,6034
494,6749
495,20
495,40
495,62
495,91
495,95
495,111
495,276
495,308
495,334
495,336
495,456
495,461
495,501
495,535
495,766
495,858
495,952
495,960
495,974
495,985
495,1030
495,1069
495,1091
495,1130
495,1183
495,1185
495,1241
495,1339
495,1343
495,1414
495,1418
495,1426
495,1442
495,1494
495,1499
495,1546
495,1608
495,1610
495,1619
495,1673
495,1682
495,1753
495,1769
495,1794
495,1901
495,1915
495,1958
495,1962
495,1990
495,2028
495,2032
495,2055
495,2089
495,2202
495,2258
495,2278
495,2317
495,2354
495,2358
495,2368
495,2372
495,2425
495,2494
495,2509
495,2565
495,2626
495,2627
495,2664
495,2697
495,2714
495,2889
495,3049
495,3155
495,3203
495,3275
495,3295
495,3407
495,3466
495,3492
495,3556
495,3578
495,3581
495,3612
495,3654
495,3671
495,3672
495,3695
495,3739
495,3785
495,3832
495,3866
495,3886
495,3887
495,3890
495,3922
495,3925
495,4042
495,4054
495,4109
495,4185
495,4194
495,4343
495,4344
495,4358
495,4371
495,4376
495,4419
495,4519
495,4562
495,4672
495,4715
495,4722
495,4733
495,4735
495,4790
495,4805
495,5052
495,5144
495,5150
495,5171
495,5179
495,5378
495,5455
495,5459
495,5485
495,5505
495,5511
495,5524
495,5667
495,5676
495,5695
495,5758
495,5865
495,5873
495,5880
495,5941
495,5987
495,5998
495,6017
495,6029
495,6098
495,6128
495,6211
495,6235
495,6308
495,6309
495,6422
495,6437
495,6747
495,6770
495,6815
495,7005
495,7018
495,7022
495,7054
495,7142
495,7171
495,7222
495,7226
495,7370
495,7406
495,7443
495,7466
495,7467
495,7478
495,7480
495,7481
495,7587
495,7623
495,7632
495,7635
496,108
496,765
496,1248
496,1340
496,1403
496,1681
496,1750
496,1816
496,1952
496,2512
496,3205
496,3222
496,3524
496,3633
496,3647
496,3729
496,3823
496,4705
496,4867
496,5074
496,5391
496,6556
496,6583
496,6606
496,7334
496,7442
496,7594
496,7621
497,757
497,764
497,2686
497,3433
497,3817
497,4777
497,5158
498,984
498,4254
498,6637
499,669
499,761
499,785
499,898
499,1120
499,1196
499,1426
499,1539
499,1761
499,1810
499,1966
499,1979
499,2026
499,2111
499,2279
499,2404
499,3062
499,3539
499,3757
499,4069
499,5115
499,6067
499,6296
499,6512
499,6879
499,7250
499,7512
499,7608
500,593
500,958
500,1058
500,1478
500,1798
500,2198
500,2239
500,2571
500,2600
500,3183
500,3408
500,3693
500,4080
500,4164
500,4384
500,4420
500,5296
500,5816
500,6618
500,6702
500,7330
500,7535
500,7638
501,461
501,495
501,766
501,1343
501,1546
501,1753
501,1795
501,2239
501,2356
501,2372
501,2425
501,3578
501,3773
501,3866
501,3922
501,4073
501,4102
501,4185
501,4985
501,5150
501,5378
501,5455
501,6012
501,6235
501,6448
501,7029
501,7226
501,7456
501,7467
501,7584
502,123
502,506
502,1091
502,1133
502,1189
502,1296
502,1361
502,1432
502,1453
502,1499
502,1572
502,1843
502,1910
502,1990
502,2007
502,2028
502,2143
502,2205
502,2370
502,2375
502,2490
502,2763
502,2993
502,3574
502,3672
502,3895
502,3959
502,4376
502,4384
502,4427
502,4466
502,4890
502,5667
502,5926
502,6086
502,6409
502,6624
502,7067
502,7134
502,7222
502,7234
502,7239
502,7252
502,7269
502,7401
502,7612
503,2492
503,7063
503,7606
504,2292
504,5877
505,593
505,814
505,3034
505,3093
505,4384
505,5979
506,502
506,2007
506,3751
506,4046
507,2976
507,4906
507,6205
507,7575
508,3292
508,6776
508,6979
508,7575
508,7620
509,103
509,762
509,2106
509,3359
509,3408
509,3748
509,4174
509,4384
509,4952
509,7182
509,7599
510,147
510,444
510,481
510,561
510,690
510,1086
510,1223
510,1646
510,1858
510,2843
510,3180
510,3393
510,4244
510,4411
510,4564
510,4663
510,4711
510,5345
510,5573
510,5737
510,5972
510,5974
510,6106
510,6311
510,6488
510,6609
510,6625
510,6924
510,7383
510,7489
510,7531
510,7598
511,880
511,1043
511,1440
511,2282
511,2824
511,4000
511,4104
511,4677
511,4850
511,6025
511,7620
512,478
512,1389
512,1767
512,1827
512,2250
512,2801
512,4035
512,4958
512,5274
512,6124
512,6479
512,7035
512,7248
512,7258
513,2746
513,3035
513,5209
513,6730
513,6807
513,7137
514,301
514,613
514,829
514,1653
514,2016
514,2288
514,2465
514,2570
514,2880
514,3145
514,3265
514,3358
514,3793
514,4094
514,4451
514,4486
514,4501
514,4762
514,4817
514,4862
514,4913
514,5912
514,6351
514,6744
515,2198
515,2199
515,3004
515,3998
515,7492
516,316
516,328
516,463
516,828
516,1016
516,1221
516,1391
516,1505
516,1630
516,1717
516,1732
516,1759
516,1849
516,1969
516,2114
516,2281
516,2327
516,2357
516,2387
516,2446
516,2474
516,2622
516,3090
516,3291
516,3528
516,3553
516,4034
516,4281
516,4300
516,4566
516,4583
516,4614
516,4666
516,4739
516,5448
516,5588
516,6046
516,6465
516,6502
516,6534
516,6679
516,6842
516,7255
516,7407
517,136
517,189
517,442
517,541
517,801
517,1016
517,1122
517,1434
517,1505
517,1672
517,1717
517,1759
517,1867
517,1972
517,2098
517,2099
517,2114
517,2132
517,2260
517,2281
517,2324
517,2327
517,2357
517,2622
517,2754
517,2925
517,3065
517,3090
517,3528
517,3558
517,3820
517,3840
517,3874
517,4034
517,4236
517,4300
517,4312
517,4539
517,4619
517,4666
517,4704
517,4728
517,4739
517,4741
517,4751
517,4758
517,5245
517,5692
517,5849
517,5978
517,6164
517,6416
517,6465
517,6502
517,6552
517,6666
517,6679
517,6997
517,7124
517,7144
517,7255
517,7366
517,7566
517,7630
518,2239
518,2342
518,3152
518,4159
518,4746
518,5056
518,5372
518,5909
518,6406
519,284
519,458
519,983
519,1233
519,2443
519,2757
519,3376
519,4280
519,4673
519,5627
519,5686
519,5968
519,6657
519,6874
520,778
520,1061
520,1065
520,1762
520,1909
520,1923
520,2064
520,2517
520,3104
520,3915
520,4292
520,4382
520,4925
520,4978
520,5419
520,5884
520,6094
520,6130
520,6138
520,6247
520,6362
520,6598
520,6652
520,7055
521,584
521,1291
521,2298
521,2525
521,4153
521,5120
521,5170
521,5707
521,5719
521,6131
521,6565
521,6920
521,7077
521,7240
521,7330
522,23
522,26
522,28
522,134
522,258
522,383
522,592
522,593
522,658
522,739
522,764
522,1024
522,1082
522,1100
522,1185
522,1194
522,1280
522,1305
522,1347
522,1591
522,1684
522,1744
522,1798
522,1899
522,2173
522,2198
522,2239
522,2380
522,2556
522,2571
522,2685
522,2778
522,2871
522,2887
522,3020
522,3063
522,3133
522,3221
522,3243
522,3247
522,3257
522,3294
522,3438
522,3559
522,3578
522,3657
522,3923
522,3947
522,4082
522,4217
522,4345
522,4848
522,4895
522,4912
522,5133
522,5255
522,5293
522,5302
522,5311
522,5372
522,5518
522,5597
522,5703
522,5839
522,5958
522,6175
522,6343
522,6371
522,6381
522,6414
522,6551
522,6702
522,6759
522,6790
522,6983
522,7036
522,7119
522,7276
522,7283
522,7464
522,7534
522,7568
522,7601
522,7625
523,548
523,634
523,648
523,784
523,1179
523,1394
523,1436
523,1512
523,1611
523,1731
523,2049
523,2081
523,2481
523,2542
523,2574
523,2793
523,2997
523,4462
523,4687
523,4823
523,5183
523,5379
523,5550
523,6142
523,6548
523,6721
523,6861
523,7087
523,7267
523,7414
524,193
524,209
524,734
524,918
524,3121
524,3829
524,5656
524,5690
524,5701
524,6612
524,7064
524,7112
524,7316
525,87
525,139
525,159
525,381
525,548
525,621
525,634
525,1181
525,1611
525,2481
525,2527
525,2593
525,2978
525,2997
525,3176
525,3485
525,3709
525,4172
525,5183
525,5379
525,6283
525,6861
525,7200
525,7583
526,5
526,28
526,41
526,225
526,283
526,287
526,326
526,352
526,360
526,438
526,456
526,584
526,587
526,600
526,629
526,655
526,669
526,672
526,696
526,706
526,713
526,724
526,760
526,775
526,785
526,808
526,809
526,898
526,905
526,911
526,920
526,921
526,923
526,956
526,967
526,986
526,994
526,1176
526,1185
526,1196
526,1280
526,1291
526,1382
526,1417
526,1429
526,1448
526,1479
526,1521
526,1539
526,1568
526,1601
526,1645
526,1716
526,1733
526,1739
526,1780
526,1810
526,1859
526,1873
526,1919
526,1926
526,2026
526,2059
526,2092
526,2093
526,2104
526,2111
526,2113
526,2122
526,2170
526,2172
526,2220
526,2231
526,2273
526,2279
526,2325
526,2376
526,2402
526,2404
526,2415
526,2423
526,2488
526,2525
526,2529
526,2536
526,2567
526,2568
526,2581
526,2626
526,2632
526,2655
526,2682
526,2761
526,2783
526,2795
526,2801
526,2847
526,2856
526,2904
526,2917
526,2945
526,2959
526,2967
526,2987
526,2988
526,3062
526,3078
526,3109
526,3125
526,3134
526,3193
526,3206
526,3209
526,3250
526,3270
526,3271
526,3328
526,3385
526,3443
526,3457
526,3506
526,3510
526,3520
526,3539
526,3559
526,3587
526,3702
526,3725
526,3751
526,3784
526,3962
526,3964
526,3966
526,3985
526,3990
526,3991
526,4029
526,4057
526,4062
526,4067
526,4069
526,4115
526,4116
526,4173
526,4206
526,4301
526,4376
526,4500
526,4502
526,4503
526,4541
526,4596
526,4609
526,4629
526,4811
526,4857
526,4858
526,4917
526,4940
526,4957
526,4982
526,4990
526,5063
526,5115
526,5120
526,5126
526,5170
526,5193
526,5201
526,5264
526,5295
526,5335
526,5373
526,5428
526,5445
526,5504
526,5544
526,5556
526,5594
526,5719
526,5728
526,5739
526,5813
526,5851
526,5917
526,6009
526,6029
526,6036
526,6038
526,6059
526,6067
526,6131
526,6193
526,6296
526,6336
526,6348
526,6388
526,6389
526,6408
526,6412
526,6430
526,6458
526,6464
526,6512
526,6538
526,6547
526,6569
526,6610
526,6630
526,6668
526,6672
526,6699
526,6713
526,6715
526,6732
526,6794
526,6824
526,6834
526,6835
526,6852
526,6872
526,6904
526,6909
526,6952
526,7006
526,7077
526,7096
526,7130
526,7131
526,7135
526,7147
526,7250
526,7270
526,7312
526,7322
526,7325
526,7328
526,7420
526,7422
526,7459
526,7512
526,7517
526,7519
526,7569
526,7608
526,7634
527,260
527,320
527,593
527,789
527,1268
527,1293
527,1415
527,2198
527,2215
527,2370
527,2377
527,2657
527,3183
527,3370
527,3861
527,4164
527,4253
527,4376
527,4384
527,4608
527,5296
527,5404
527,5707
527,5816
527,5881
527,7572
528,835
528,1429
528,2295
528,2927
528,3203
528,3509
528,4670
528,5123
528,5354
528,5634
528,5664
529,38
529,216
529,453
529,1309
529,1743
529,2189
529,2552
529,3032
529,3220
529,4938
529,5662
529,6275
529,6965
529,7368
530,66
530,195
530,662
530,1190
530,1535
530,1955
530,2078
530,2966
530,3107
530,3168
530,4521
530,4742
530,5093
530,5260
530,5580
530,6223
530,6300
530,6352
530,7025
530,7538
531,734
531,845
531,1035
531,1049
531,2297
531,3175
531,3352
531,3497
531,3735
531,3953
531,3968
531,4646
531,4736
531,4961
531,5684
531,5822
531,6169
531,6205
531,6514
531,6674
531,6768
531,7316
531,7575
531,7620
532,95
532,111
532,625
532,990
532,1337
532,1442
532,1494
532,1682
532,1915
532,2368
532,2490
532,2563
532,2676
532,2794
532,3578
532,3757
532,4204
532,4343
532,4672
532,5652
532,5695
532,5865
532,5924
532,6017
532,6280
532,6309
532,6503
532,6747
532,7040
532,7142
532,7226
532,7452
532,7466
532,7518
533,2047
533,4174
533,4217
533,5063
533,6506
533,6917
533,7276
534,183
534,593
534,1538
534,1684
534,1744
534,1805
534,2198
534,2553
534,3051
534,3138
534,3274
534,3704
534,4074
534,4538
534,4578
534,4590
534,4669
534,4934
534,5241
534,5359
534,5488
534,5637
534,5734
534,5744
534,5881
534,5903
534,5979
534,6098
534,6361
534,6414
534,6673
534,6702
534,6849
534,6978
534,7103
534,7464
535,111
535,495
535,766
535,1091
535,1094
535,1339
535,1494
535,1619
535,2009
535,2198
535,2697
535,3671
535,4349
535,4404
535,4555
535,4908
535,4932
535,5262
535,6308
535,6699
535,6893
535,7054
535,7171
536,36
536,456
536,485
536,644
536,920
536,970
536,1060
536,1280
536,1429
536,1457
536,1579
536,1610
536,1714
536,1930
536,2163
536,2220
536,2244
536,2738
536,2795
536,3054
536,3271
536,3278
536,3310
536,3403
536,3577
536,3856
536,4033
536,4100
536,4152
536,4294
536,5209
536,5343
536,5437
536,5496
536,5504
536,5615
536,5953
536,5963
536,6237
536,6572
536,6807
536,6852
536,7550
537,767
537,1391
537,1616
537,1648
537,1759
537,1827
537,1969
537,2235
537,2250
537,2260
537,2324
537,2609
537,2622
537,2754
537,2775
537,2849
537,3116
537,3326
537,3346
537,3371
537,3523
537,3558
537,4566
537,4666
537,4949
537,5028
537,5257
537,5497
537,7118
538,85
538,593
538,1284
538,1293
538,1330
538,1453
538,1798
538,2106
538,2194
538,2198
538,2215
538,2377
538,2765
538,3183
538,3311
538,3506
538,3538
538,3608
538,3895
538,3898
538,4384
538,4584
538,4952
538,5222
538,5296
538,6409
538,6551
538,6702
538,6707
538,6810
538,7197
538,7296
538,7464
539,766
539,975
539,1339
539,3098
539,3578
539,5179
539,5943
539,6118
540,260
540,1058
540,1210
540,1268
540,1357
540,1620
540,1744
540,1797
540,1899
540,2479
540,2972
540,3050
540,3160
540,3183
540,3279
540,3514
540,3623
540,4164
540,4376
540,4384
540,4408
540,4857
540,4919
540,5037
540,5070
540,5296
540,5404
540,5415
540,5490
540,5651
540,5707
540,5734
540,5816
540,6140
540,6787
540,6907
540,6990
540,7021
540,7289
540,7471
540,7572
541,517
541,661
541,1505
541,1630
541,1717
541,1759
541,1867
541,2114
541,2281
541,2324
541,2327
541,2357
541,2557
541,2754
541,3167
541,3528
541,3815
541,4300
541,4539
541,4666
541,4728
541,4819
541,4960
541,5245
541,5588
541,6104
541,6465
541,6552
541,6679
541,6956
541,6997
541,7124
541,7255
541,7366
541,7566
541,7630
542,138
542,260
542,475
542,479
542,593
542,1067
542,1763
542,1798
542,2671
542,2888
542,3408
542,3459
542,3895
542,4167
542,4384
542,4402
542,4806
542,5404
542,5859
542,5881
542,5955
542,6551
542,6707
542,7464
542,7487
542,7597
542,7607
543,355
543,932
543,1149
543,1740
543,4925
543,5104
543,6286
543,7472
544,86
544,1764
544,2068
544,2210
544,2303
544,3329
544,3368
544,3557
544,3631
544,3911
544,4178
544,4183
544,4227
544,4320
544,4725
544,4757
544,5604
544,6179
544,6328
544,6544
544,6967
544,7039
544,7153
544,7191
544,7193
544,7579
545,241
545,373
545,827
545,872
545,1010
545,1087
545,1107
545,1381
545,1534
545,1536
545,1541
545,1691
545,2051
545,2293
545,2539
545,2764
545,2875
545,3145
545,3197
545,3676
545,3981
545,4025
545,4328
545,4336
545,4587
545,4810
545,4875
545,4906
545,5185
545,5238
545,5454
545,5746
545,5918
545,6051
545,6429
545,6431
545,6504
545,7026
545,7386
546,565
546,799
546,1208
546,4119
546,6498
546,6798
546,7004
546,7199
547,68
547,104
547,281
547,348
547,354
547,396
547,416
547,451
547,452
547,574
547,594
547,624
547,635
547,792
547,799
547,823
547,1025
547,1147
547,1154
547,1203
547,1231
547,1265
547,1352
547,1366
547,1369
547,1384
547,1542
547,1605
547,1779
547,1837
547,1968
547,1971
547,2203
547,2276
547,2278
547,2403
547,2578
547,2580
547,2642
547,2692
547,2696
547,2716
547,2841
547,2846
547,2858
547,3055
547,3228
547,3254
547,3286
547,3301
547,3402
547,3522
547,3535
547,3769
547,3943
547,4036
547,4119
547,4132
547,4139
547,4166
547,4444
547,4481
547,4547
547,4550
547,4765
547,4927
547,4977
547,4998
547,5021
547,5055
547,5073
547,5112
547,5149
547,5193
547,5196
547,5233
547,5695
547,5712
547,5766
547,6011
547,6158
547,6292
547,6375
547,6455
547,6498
547,6659
547,6710
547,6833
547,6863
547,6883
547,6932
547,6943
547,7028
547,7148
547,7301
547,7350
547,7466
547,7533
547,7567
547,7625
548,87
548,139
548,159
548,429
548,523
548,525
548,621
548,634
548,1159
548,1179
548,2481
548,2527
548,2593
548,2997
548,3176
548,3485
548,3709
548,4078
548,4172
548,4462
548,5183
548,5379
548,6548
548,6861
548,7267
548,7583
549,30
549,195
549,434
549,941
549,988
549,1068
549,1175
549,1416
549,1556
549,2014
549,2016
549,2052
549,2422
549,2646
549,2662
549,2709
549,2803
549,2833
549,3086
549,3227
549,3244
549,3467
549,3674
549,3729
549,3869
549,3902
549,3949
549,4232
549,4405
549,4424
549,4501
549,4628
549,4633
549,4867
549,4906
549,4913
549,5185
549,5440
549,5454
549,5821
549,6473
549,6549
549,6621
549,6813
549,6821
549,6838
549,6910
549,7427
549,7641
550,959
550,1055
550,1124
550,1920
550,2109
550,2409
550,2837
550,3231
550,3747
550,3788
550,4896
550,4980
550,5421
550,5829
550,6231
550,6290
550,6550
550,6635
550,7126
550,7268
550,7355
551,20
551,73
551,137
551,149
551,198
551,229
551,372
551,466
551,606
551,611
551,715
551,881
551,919
551,1076
551,1133
551,1189
551,1361
551,1432
551,1456
551,1479
551,1483
551,1551
551,1682
551,1707
551,1757
551,1831
551,1896
551,1910
551,1913
551,1922
551,1927
551,1958
551,2028
551,2043
551,2055
551,2223
551,2290
551,2299
551,2332
551,2371
551,2375
551,2450
551,2460
551,2490
551,2529
551,2839
551,2959
551,2993
551,3124
551,3190
551,3199
551,3270
551,3330
551,3341
551,3372
551,3501
551,3503
551,3643
551,3702
551,3891
551,3925
551,3944
551,3959
551,4046
551,4067
551,4076
551,4097
551,4141
551,4168
551,4270
551,4309
551,4317
551,4384
551,4427
551,4469
551,4490
551,4523
551,4692
551,4733
551,4865
551,4890
551,4987
551,5000
551,5010
551,5095
551,5145
551,5346
551,5375
551,5420
551,5455
551,5464
551,5467
551,5513
551,5650
551,5665
551,5685
551,5842
551,5923
551,6001
551,6086
551,6105
551,6296
551,6395
551,6411
551,6518
551,6588
551,6610
551,6660
551,6828
551,6911
551,7072
551,7102
551,7131
551,7196
551,7269
551,7288
551,7330
551,7452
551,7468
551,7623
552,3
552,41
552,69
552,76
552,115
552,192
552,235
552,246
552,358
552,446
552,456
552,593
552,776
552,789
552,836
552,967
552,1018
552,1058
552,1152
552,1211
552,1333
552,1357
552,1399
552,1414
552,1472
552,1481
552,1486
552,1517
552,1575
552,1582
552,1645
552,1650
552,1697
552,1880
552,1993
552,1999
552,2017
552,2117
552,2170
552,2198
552,2205
552,2206
552,2229
552,2239
552,2310
552,2334
552,2339
552,2370
552,2432
552,2441
552,2470
552,2479
552,2627
552,2637
552,2650
552,2736
552,2881
552,2913
552,2991
552,3049
552,3061
552,3081
552,3160
552,3178
552,3183
552,3206
552,3234
552,3245
552,3269
552,3279
552,3284
552,3331
552,3334
552,3370
552,3446
552,3538
552,3545
552,3623
552,3648
552,3692
552,3697
552,3713
552,3748
552,3796
552,3867
552,3931
552,3970
552,3996
552,4062
552,4113
552,4164
552,4243
552,4248
552,4376
552,4384
552,4408
552,4479
552,4570
552,4573
552,4670
552,4679
552,4680
552,4688
552,4715
552,4771
552,4805
552,4827
552,4857
552,4919
552,5037
552,5048
552,5049
552,5070
552,5091
552,5132
552,5141
552,5143
552,5155
552,5203
552,5208
552,5234
552,5251
552,5286
552,5296
552,5362
552,5404
552,5415
552,5455
552,5470
552,5490
552,5531
552,5649
552,5651
552,5734
552,5740
552,5833
552,5855
552,5888
552,5936
552,6078
552,6100
552,6140
552,6284
552,6354
552,6424
552,6430
552,6464
552,6537
552,6540
552,6553
552,6592
552,6597
552,6669
552,6673
552,6688
552,6723
552,6787
552,6811
552,6847
552,6930
552,6952
552,6971
552,7021
552,7090
552,7127
552,7143
552,7147
552,7164
552,7252
552,7266
552,7289
552,7320
552,7448
552,7481
552,7525
552,7560
552,7573
553,61
553,85
553,260
553,304
553,1453
553,1798
553,2198
553,3502
553,3808
553,4080
553,4164
553,4384
553,4806
553,4983
553,5132
553,5404
553,5649
553,5707
553,6468
553,6551
553,6702
553,7296
553,7597
554,22
554,204
554,273
554,284
554,557
554,682
554,763
554,794
554,995
554,1079
554,1488
554,1656
554,1771
554,1772
554,1845
554,2240
554,2382
554,2654
554,2757
554,3376
554,3391
554,3563
554,3741
554,3845
554,3892
554,3924
554,4008
554,4077
554,4143
554,4171
554,4208
554,4280
554,4351
554,4426
554,4492
554,4673
554,4802
554,4975
554,5587
554,5627
554,5686
554,5754
554,5757
554,5774
554,5914
554,6199
554,6347
554,6645
554,6653
554,6874
554,7504
554,7541
554,7565
555,73
555,1511
555,1521
555,2198
555,2450
555,4376
555,4879
555,6252
555,6624
555,6740
555,7330
556,442
556,627
556,749
556,828
556,972
556,1221
556,1505
556,1696
556,1759
556,1766
556,1983
556,2019
556,2037
556,2090
556,2114
556,2132
556,2250
556,2260
556,2281
556,2357
556,3167
556,3528
556,3840
556,4666
556,4960
556,5245
556,5529
556,5848
556,6164
556,6679
556,6772
556,7073
556,7255
557,22
557,273
557,284
557,315
557,458
557,554
557,758
557,794
557,871
557,965
557,995
557,1079
557,1488
557,1587
557,1604
557,1656
557,1772
557,1845
557,1920
557,2133
557,2240
557,2382
557,2443
557,2654
557,2756
557,2757
557,3376
557,3391
557,3516
557,3563
557,3619
557,3741
557,3881
557,3892
557,3924
557,3941
557,4008
557,4077
557,4112
557,4143
557,4208
557,4280
557,4426
557,4673
557,4802
557,4899
557,4984
557,5587
557,5627
557,5686
557,5754
557,5774
557,5914
557,5968
557,6111
557,6125
557,6163
557,6199
557,6623
557,6653
557,6657
557,6712
557,6874
557,7314
557,7504
557,7541
557,7565
558,32
558,764
558,954
558,1195
558,1744
558,2385
558,2686
558,2927
558,3295
558,3387
558,3578
558,3817
558,4344
558,4489
558,4805
558,4842
558,5123
558,5142
558,5880
558,6438
558,7169
558,7467
559,326
559,1465
559,2231
559,2488
559,5062
559,6922
559,7454
560,384
560,891
560,987
560,1386
560,2373
560,3894
560,3979
560,5035
560,5210
560,7068
560,7435
561,147
561,221
561,425
561,444
561,481
561,510
561,578
561,609
561,618
561,619
561,663
561,671
561,685
561,688
561,746
561,782
561,812
561,943
561,992
561,1223
561,1292
561,1365
561,1509
561,1529
561,1555
561,1562
561,1622
561,1646
561,1683
561,1858
561,1882
561,1917
561,2012
561,2073
561,2176
561,2238
561,2352
561,2361
561,2383
561,2395
561,2398
561,2444
561,2449
561,2468
561,2491
561,2499
561,2548
561,2786
561,2805
561,2843
561,2853
561,2873
561,2926
561,2983
561,3211
561,3255
561,3393
561,3399
561,3411
561,3449
561,3452
561,3479
561,3504
561,3584
561,3984
561,4004
561,4117
561,4151
561,4179
561,4191
561,4244
561,4252
561,4310
561,4353
561,4423
561,4478
561,4491
561,4494
561,4524
561,4585
561,4663
561,4681
561,4703
561,4708
561,4711
561,4761
561,4884
561,4914
561,4921
561,4968
561,5016
561,5038
561,5072
561,5228
561,5230
561,5345
561,5357
561,5405
561,5476
561,5489
561,5573
561,5609
561,5718
561,5721
561,5737
561,5751
561,5784
561,5896
561,5920
561,5935
561,5972
561,5974
561,6083
561,6092
561,6103
561,6168
561,6222
561,6227
561,6311
561,6508
561,6609
561,6625
561,6709
561,6725
561,6924
561,7110
561,7218
561,7263
561,7324
561,7383
561,7426
561,7444
561,7469
561,7489
561,7490
561,7531
561,7598
562,89
562,482
562,593
562,868
562,1206
562,1513
562,1796
562,1798
562,1908
562,2198
562,2239
562,2661
562,2795
562,3185
562,3277
562,4352
562,4578
562,4641
562,5032
562,5103
562,5324
562,5979
562,6077
562,6551
562,6678
562,6702
562,7150
562,7162
562,7215
562,7280
562,7464
563,581
563,1587
563,3236
563,3924
563,4357
563,4726
563,5094
563,5444
563,6587
563,6623
564,9
564,128
564,252
564,796
564,822
564,908
564,1300
564,1358
564,1435
564,1490
564,1550
564,1888
564,2027
564,2044
564,2094
564,2096
564,2263
564,2378
564,2665
564,2707
564,2944
564,3067
564,3161
564,3314
564,3365
564,3418
564,3478
564,3484
564,3555
564,3706
564,3838
564,4277
564,4327
564,4430
564,4769
564,4841
564,4882
564,5118
564,5192
564,5207
564,5486
564,5625
564,5636
564,6162
564,6555
564,6955
564,7094
564,7168
564,7235
564,7393
565,44
565,396
565,546
565,799
565,1033
565,1208
565,1342
565,1384
565,2020
565,2105
565,2466
565,2687
565,3055
565,3611
565,4059
565,4396
565,4765
565,5023
565,5149
565,6498
565,6932
565,7199
565,7350
566,260
566,593
566,731
566,2106
566,2239
566,3459
566,4184
566,4210
566,4290
566,4376
566,4384
566,5222
566,5404
566,5740
566,6039
566,6551
567,391
567,2788
567,2951
567,3128
567,3231
567,5815
567,7356
568,1327
568,1368
568,2239
568,2510
568,3080
568,3594
568,3698
568,3844
568,3912
568,4267
568,4384
568,5404
568,5510
568,5707
568,5816
568,6551
569,38
569,453
569,779
569,1309
569,1459
569,2552
569,3023
569,3032
569,3570
569,4342
569,5662
569,6275
569,6602
569,7368
569,7646
570,275
570,328
570,412
570,698
570,749
570,787
570,806
570,828
570,882
570,909
570,1428
570,1531
570,1696
570,1969
570,2090
570,2134
570,2260
570,2622
570,2822
570,3091
570,3529
570,3543
570,3597
570,3649
570,3805
570,4467
570,4603
570,4938
570,4960
570,5257
570,5448
570,5602
570,5691
570,5706
570,5753
570,5848
570,5856
570,6143
570,6164
570,6250
570,6357
570,6765
570,6771
570,7073
570,7086
570,7555
571,212
571,1225
571,1291
571,2529
571,3821
571,3978
571,6243
571,7047
572,284
572,4673
573,103
573,197
573,487
573,750
573,930
573,1174
573,1270
573,1353
573,1596
573,1689
573,1741
573,1961
573,2218
573,2565
573,2998
573,3698
573,3710
573,3744
573,3763
573,3969
573,4295
573,4407
573,4952
573,4959
573,5222
573,5566
573,6297
573,6572
573,6593
573,6726
574,68
574,396
574,547
574,799
574,929
574,1208
574,1369
574,1384
574,1542
574,1837
574,1968
574,1971
574,2846
574,2858
574,3055
574,3200
574,3522
574,4036
574,4119
574,4132
574,4444
574,4481
574,4547
574,4765
574,5021
574,5149
574,5196
574,5695
574,6292
574,6498
574,6932
574,6943
574,7040
574,7199
574,7301
575,1905
575,2565
575,3473
575,4295
575,6572
576,776
576,1058
576,1414
576,1546
576,1575
576,1862
576,1875
576,2461
576,2587
576,2772
576,3115
576,3203
576,3384
576,3672
576,3895
576,4365
576,4376
576,4670
576,4805
576,5132
576,5251
576,5455
576,5556
576,6193
576,6197
576,6272
576,6486
576,6553
576,6636
576,6732
576,7147
576,7349
576,7481
577,53
577,268
577,280
577,361
577,694
577,805
577,1035
577,1598
577,2025
577,2619
577,2724
577,2769
577,3166
577,3175
577,3360
577,3735
577,3813
577,3872
577,4646
577,4793
577,5394
577,6065
577,6304
577,6514
577,6925
577,7034
577,7081
577,7132
577,7488
577,7647
578,147
578,398
578,481
578,561
578,618
578,690
578,746
578,782
578,943
578,1223
578,1292
578,1466
578,1509
578,1646
578,2012
578,2395
578,2449
578,2491
578,2786
578,2843
578,2853
578,2873
578,3211
578,3449
578,3479
578,3984
578,4191
578,4244
578,4353
578,4423
578,4494
578,4564
578,4663
578,4711
578,4884
578,5016
578,5072
578,5357
578,5405
578,5928
578,5972
578,5974
578,6168
578,6311
578,6609
578,6625
578,6924
578,7015
578,7324
578,7383
578,7598
579,684
579,835
579,920
579,1000
579,2322
579,2451
579,3331
579,3433
579,4559
579,5083
579,5198
579,5213
579,5545
580,1244
580,1914
580,2654
580,2756
580,3892
580,4077
580,4143
580,4280
580,6347
580,6623
580,6653
580,7541
580,7565
581,19
581,204
581,315
581,563
581,737
581,932
581,968
581,1021
581,1131
581,1146
581,1244
581,1256
581,1324
581,1367
581,1392
581,1449
581,1664
581,1737
581,1772
581,2133
581,2343
581,2456
581,2605
581,2710
581,2813
581,3201
581,3236
581,3258
581,3361
581,3389
581,3736
581,3741
581,3903
581,3924
581,3939
581,4008
581,4143
581,4181
581,4208
581,4237
581,4351
581,4357
581,4391
581,4399
581,4414
581,4534
581,4557
581,4599
581,4673
581,4861
581,4899
581,4923
581,5094
581,5107
581,5131
581,5380
581,5439
581,5480
581,5587
581,5762
581,5876
581,5914
581,6088
581,6125
581,6199
581,6347
581,6623
581,7271
581,7460
581,7504
581,7544
581,7565
582,803
582,1561
582,2198
582,2239
582,2586
582,3152
582,4159
582,4746
582,4771
582,6406
582,6702
582,7395
583,432
583,766
583,771
583,921
583,1069
583,1263
583,1499
583,1802
583,2058
583,2089
583,2977
583,3158
583,3162
583,3223
583,3330
583,3607
583,3866
583,4037
583,4054
583,4153
583,4223
583,5126
583,5676
583,6026
583,6581
583,7067
583,7269
583,7486
583,7603
584,5
584,49
584,123
584,212
584,225
584,283
584,382
584,397
584,521
584,526
584,655
584,683
584,785
584,921
584,942
584,956
584,986
584,1066
584,1133
584,1196
584,1224
584,1263
584,1287
584,1291
584,1310
584,1479
584,1521
584,1549
584,1624
584,1716
584,1733
584,1922
584,1978
584,2059
584,2186
584,2215
584,2299
584,2325
584,2363
584,2402
584,2441
584,2486
584,2525
584,2579
584,2673
584,2703
584,2744
584,2903
584,2945
584,2999
584,3083
584,3125
584,3506
584,3510
584,3520
584,3539
584,3559
584,3702
584,3751
584,3758
584,3762
584,3781
584,4067
584,4153
584,4220
584,4427
584,4502
584,4584
584,4811
584,4892
584,4917
584,5010
584,5111
584,5120
584,5126
584,5132
584,5218
584,5373
584,5490
584,5513
584,5722
584,5732
584,5798
584,5851
584,6026
584,6059
584,6086
584,6296
584,6348
584,6412
584,6427
584,6484
584,6610
584,6660
584,6677
584,6699
584,6713
584,6843
584,6909
584,6920
584,7006
584,7131
584,7187
584,7197
584,7322
584,7331
584,7336
584,7345
584,7468
584,7569
585,331
585,462
585,707
585,769
585,846
585,1032
585,1297
585,1669
585,1688
585,1764
585,1934
585,2000
585,3313
585,3329
585,3557
585,3573
585,3631
585,3913
585,4178
585,4320
585,4362
585,4482
585,4549
585,4725
585,4908
585,5318
585,5535
585,5604
585,5907
585,6328
585,6358
585,6544
585,6946
585,6967
585,7153
585,7191
585,7375
585,7579
586,160
586,310
586,1403
586,1425
586,2867
586,3085
586,3400
586,3490
586,3662
586,3865
586,4200
586,4410
586,4752
586,5367
586,5422
586,5994
586,6367
586,6436
586,7004
586,7442
587,5
587,91
587,526
587,724
587,728
587,911
587,956
587,975
587,1539
587,1733
587,2112
587,2404
587,2427
587,2522
587,2567
587,2945
587,3062
587,3510
587,3539
587,3784
587,3927
587,4042
587,4502
587,4584
587,5373
587,5917
587,6036
587,6067
587,6296
587,7512
588,347
588,2051
588,3661
588,3735
588,3968
588,4104
588,4587
588,5558
588,6072
588,6515
588,7261
588,7316
588,7379
588,7620
589,97
589,1869
589,2641
589,3586
589,3735
589,3792
589,4193
589,4209
589,6249
590,411
590,875
590,1058
590,2198
590,2239
590,2820
590,3561
590,4285
590,4522
590,6447
590,6775
590,7072
590,7357
590,7395
590,7510
591,361
591,1347
591,2419
592,26
592,42
592,419
592,522
592,659
592,1002
592,1024
592,1197
592,1236
592,1591
592,2095
592,2117
592,2173
592,2294
592,2309
592,2685
592,3053
592,3063
592,3123
592,3221
592,3257
592,3621
592,3807
592,4082
592,4217
592,4650
592,4791
592,4812
592,4828
592,4848
592,5061
592,5133
592,5595
592,5597
592,5703
592,5932
592,6054
592,6289
592,6759
592,6887
592,6983
592,7276
592,7398
592,7534
593,23
593,26
593,33
593,42
593,61
593,69
593,77
593,79
593,85
593,89
593,115
593,124
593,134
593,152
593,169
593,170
593,183
593,192
593,201
593,220
593,226
593,233
593,240
593,243
593,254
593,258
593,260
593,261
593,267
593,269
593,276
593,283
593,285
593,287
593,294
593,304
593,312
593,317
593,319
593,320
593,321
593,322
593,344
593,345
593,346
593,351
593,353
593,358
593,359
593,366
593,369
593,374
593,375
593,392
593,400
593,410
593,419
593,421
593,431
593,435
593,446
593,455
593,469
593,479
593,482
593,500
593,505
593,522
593,527
593,534
593,538
593,542
593,552
593,562
593,566
593,596
593,598
593,599
593,622
593,629
593,632
593,633
593,659
593,687
593,693
593,710
593,711
593,717
593,720
593,722
593,726
593,727
593,732
593,736
593,760
593,774
593,780
593,789
593,795
593,800
593,811
593,813
593,814
593,816
593,836
593,841
593,849
593,863
593,865
593,868
593,869
593,900
593,906
593,916
593,924
593,939
593,945
593,951
593,958
593,963
593,973
593,1002
593,1011
593,1017
593,1018
593,1023
593,1028
593,1050
593,1058
593,1067
593,1081
593,1093
593,1097
593,1100
593,1101
593,1102
593,1106
593,1113
593,1127
593,1152
593,1165
593,1169
593,1170
593,1178
593,1186
593,1210
593,1214
593,1222
593,1224
593,1226
593,1249
593,1254
593,1266
593,1268
593,1271
593,1281
593,1284
593,1294
593,1316
593,1329
593,1330
593,1333
593,1349
593,1350
593,1351
593,1357
593,1368
593,1370
593,1399
593,1415
593,1417
593,1418
593,1421
593,1429
593,1431
593,1447
593,1453
593,1456
593,1467
593,1469
593,1472
593,1476
593,1481
593,1485
593,1492
593,1494
593,1498
593,1513
593,1517
593,1524
593,1538
593,1540
593,1545
593,1546
593,1561
593,1569
593,1575
593,1582
593,1584
593,1614
593,1621
593,1628
593,1634
593,1639
593,1661
593,1663
593,1668
593,1671
593,1673
593,1684
593,1690
593,1698
593,1708
593,1711
593,1723
593,1727
593,1738
593,1744
593,1747
593,1752
593,1753
593,1763
593,1784
593,1792
593,1796
593,1797
593,1798
593,1805
593,1833
593,1838
593,1840
593,1847
593,1850
593,1854
593,1866
593,1871
593,1874
593,1875
593,1880
593,1883
593,1898
593,1899
593,1902
593,1907
593,1925
593,1927
593,1942
593,1945
593,1959
593,1965
593,1970
593,1993
593,1996
593,1999
593,2010
593,2013
593,2017
593,2030
593,2033
593,2039
593,2048
593,2087
593,2102
593,2106
593,2112
593,2115
593,2123
593,2124
593,2129
593,2172
593,2173
593,2183
593,2193
593,2194
593,2197
593,2198
593,2206
593,2229
593,2239
593,2262
593,2271
593,2294
593,2302
593,2307
593,2313
593,2317
593,2334
593,2340
593,2365
593,2377
593,2380
593,2381
593,2393
593,2396
593,2406
593,2407
593,2408
593,2410
593,2414
593,2427
593,2432
593,2485
593,2502
593,2521
593,2540
593,2541
593,2549
593,2553
593,2569
593,2571
593,2573
593,2575
593,2586
593,2592
593,2595
593,2598
593,2600
593,2614
593,2617
593,2618
593,2620
593,2627
593,2628
593,2634
593,2637
593,2640
593,2645
593,2649
593,2650
593,2657
593,2661
593,2671
593,2689
593,2719
593,2725
593,2730
593,2736
593,2738
593,2744
593,2755
593,2801
593,2812
593,2819
593,2832
593,2855
593,2859
593,2866
593,2868
593,2871
593,2882
593,2888
593,2906
593,2913
593,2916
593,2921
593,2929
593,2931
593,2938
593,2961
593,2970
593,2972
593,2977
593,2979
593,2981
593,2991
593,2995
593,3001
593,3003
593,3008
593,3015
593,3020
593,3027
593,3034
593,3039
593,3049
593,3050
593,3051
593,3061
593,3062
593,3063
593,3074
593,3079
593,3081
593,3092
593,3093
593,3105
593,3123
593,3125
593,3138
593,3160
593,3177
593,3183
593,3184
593,3185
593,3188
593,3189
593,3196
593,3221
593,3225
593,3226
593,3234
593,3237
593,3245
593,3251
593,3252
593,3261
593,3262
593,3264
593,3269
593,3274
593,3279
593,3284
593,3287
593,3289
593,3297
593,3306
593,3334
593,3347
593,3353
593,3359
593,3362
593,3363
593,3370
593,3373
593,3377
593,3379
593,3384
593,3403
593,3419
593,3422
593,3428
593,3438
593,3439
593,3440
593,3444
593,3445
593,3446
593,3459
593,3469
593,3476
593,3502
593,3514
593,3538
593,3542
593,3547
593,3582
593,3593
593,3608
593,3620
593,3623
593,3627
593,3648
593,3659
593,3672
593,3683
593,3692
593,3693
593,3703
593,3704
593,3713
593,3715
593,3720
593,3721
593,3748
593,3756
593,3768
593,3773
593,3782
593,3799
593,3804
593,3808
593,3832
593,3844
593,3856
593,3858
593,3859
593,3893
593,3897
593,3898
593,3910
593,3926
593,3930
593,3946
593,3947
593,3951
593,3954
593,3958
593,3970
593,3974
593,3983
593,3987
593,4003
593,4006
593,4012
593,4023
593,4024
593,4028
593,4044
593,4057
593,4062
593,4071
593,4074
593,4086
593,4090
593,4102
593,4127
593,4147
593,4157
593,4161
593,4164
593,4167
593,4176
593,4184
593,4188
593,4190
593,4203
593,4210
593,4211
593,4213
593,4217
593,4241
593,4243
593,4253
593,4278
593,4285
593,4286
593,4326
593,4347
593,4350
593,4355
593,4358
593,4366
593,4373
593,4380
593,4384
593,4402
593,4408
593,4415
593,4421
593,4453
593,4463
593,4465
593,4474
593,4479
593,4483
593,4484
593,4510
593,4511
593,4514
593,4522
593,4526
593,4528
593,4531
593,4535
593,4538
593,4546
593,4553
593,4556
593,4565
593,4570
593,4578
593,4586
593,4588
593,4590
593,4591
593,4594
593,4608
593,4616
593,4638
593,4641
593,4642
593,4650
593,4658
593,4662
593,4669
593,4680
593,4682
593,4688
593,4700
593,4712
593,4734
593,4737
593,4755
593,4768
593,4771
593,4774
593,4778
593,4782
593,4787
593,4792
593,4801
593,4806
593,4811
593,4816
593,4827
593,4836
593,4841
593,4845
593,4847
593,4848
593,4864
593,4870
593,4871
593,4895
593,4919
593,4928
593,4934
593,4941
593,4946
593,4952
593,4954
593,4971
593,4979
593,4983
593,5006
593,5007
593,5008
593,5013
593,5015
593,5022
593,5037
593,5042
593,5048
593,5050
593,5058
593,5070
593,5077
593,5082
593,5097
593,5103
593,5105
593,5132
593,5136
593,5139
593,5148
593,5155
593,5160
593,5195
593,5199
593,5201
593,5203
593,5205
593,5208
593,5214
593,5220
593,5224
593,5234
593,5241
593,5251
593,5255
593,5258
593,5261
593,5278
593,5286
593,5290
593,5296
593,5302
593,5313
593,5324
593,5328
593,5330
593,5344
593,5348
593,5359
593,5362
593,5365
593,5372
593,5381
593,5385
593,5392
593,5399
593,5404
593,5415
593,5441
593,5442
593,5463
593,5468
593,5469
593,5470
593,5488
593,5490
593,5493
593,5495
593,5507
593,5510
593,5518
593,5525
593,5532
593,5538
593,5542
593,5543
593,5552
593,5556
593,5557
593,5567
593,5572
593,5584
593,5593
593,5606
593,5612
593,5626
593,5629
593,5637
593,5640
593,5646
593,5651
593,5669
593,5679
593,5689
593,5707
593,5708
593,5709
593,5714
593,5730
593,5732
593,5734
593,5740
593,5744
593,5756
593,5764
593,5769
593,5780
593,5782
593,5797
593,5799
593,5816
593,5833
593,5853
593,5859
593,5878
593,5881
593,5888
593,5897
593,5903
593,5904
593,5932
593,5937
593,5945
593,5952
593,5955
593,5961
593,5966
593,5976
593,5979
593,5982
593,6016
593,6020
593,6021
593,6022
593,6024
593,6039
593,6040
593,6055
593,6066
593,6067
593,6075
593,6076
593,6077
593,6082
593,6100
593,6121
593,6135
593,6140
593,6149
593,6183
593,6188
593,6208
593,6215
593,6236
593,6242
593,6284
593,6289
593,6303
593,6313
593,6315
593,6319
593,6321
593,6322
593,6330
593,6335
593,6354
593,6361
593,6373
593,6381
593,6397
593,6398
593,6400
593,6407
593,6409
593,6414
593,6449
593,6468
593,6475
593,6484
593,6492
593,6497
593,6500
593,6505
593,6526
593,6528
593,6537
593,6540
593,6551
593,6553
593,6560
593,6562
593,6566
593,6582
593,6596
593,6597
593,6613
593,6614
593,6631
593,6634
593,6638
593,6640
593,6646
593,6658
593,6669
593,6673
593,6678
593,6688
593,6692
593,6702
593,6704
593,6705
593,6706
593,6707
593,6723
593,6731
593,6736
593,6754
593,6759
593,6760
593,6778
593,6787
593,6800
593,6804
593,6810
593,6825
593,6830
593,6847
593,6848
593,6849
593,6850
593,6866
593,6882
593,6887
593,6889
593,6890
593,6892
593,6895
593,6906
593,6907
593,6921
593,6923
593,6930
593,6933
593,6953
593,6968
593,6971
593,6978
593,6984
593,6985
593,6989
593,6992
593,7003
593,7008
593,7010
593,7017
593,7021
593,7023
593,7032
593,7044
593,7046
593,7059
593,7070
593,7071
593,7079
593,7085
593,7091
593,7097
593,7103
593,7104
593,7105
593,7114
593,7139
593,7147
593,7166
593,7170
593,7174
593,7180
593,7181
593,7203
593,7204
593,7209
593,7215
593,7231
593,7247
593,7266
593,7276
593,7278
593,7280
593,7289
593,7290
593,7294
593,7296
593,7302
593,7311
593,7319
593,7320
593,7321
593,7336
593,7337
593,7339
593,7346
593,7352
593,7353
593,7364
593,7369
593,7374
593,7395
593,7398
593,7413
593,7424
593,7428
593,7440
593,7464
593,7465
593,7477
593,7487
593,7501
593,7511
593,7520
593,7525
593,7534
593,7535
593,7536
593,7539
593,7540
593,7560
593,7561
593,7568
593,7572
593,7573
593,7577
593,7578
593,7582
593,7593
593,7597
593,7603
593,7607
593,7610
593,7617
593,7619
593,7628
594,348
594,354
594,452
594,547
594,624
594,635
594,792
594,799
594,823
594,929
594,1025
594,1147
594,1201
594,1203
594,1208
594,1231
594,1265
594,1366
594,1462
594,1542
594,1837
594,1968
594,1971
594,2029
594,2276
594,2278
594,2403
594,2578
594,2580
594,2642
594,2841
594,2846
594,2858
594,3254
594,3286
594,3338
594,3402
594,3522
594,3943
594,4036
594,4119
594,4132
594,4139
594,4166
594,4481
594,4547
594,4844
594,4977
594,4998
594,5021
594,5055
594,5073
594,5196
594,5233
594,5590
594,5712
594,5766
594,6011
594,6158
594,6292
594,6375
594,6498
594,6659
594,6697
594,6863
594,6883
594,6938
594,6943
594,7028
594,7301
594,7533
594,7625
595,656
595,745
595,884
595,932
595,982
595,1256
595,1702
595,1791
595,2064
595,2792
595,3879
595,4237
595,4763
595,4849
595,4925
595,5140
595,5429
595,5439
595,5515
595,6042
595,6130
595,6221
595,6247
595,6404
595,6667
595,6806
595,6884
595,6935
595,6993
595,7009
595,7065
595,7133
595,7264
595,7275
595,7343
595,7404
595,7460
595,7491
596,593
596,1185
596,1796
596,2198
596,2553
596,2615
596,3704
596,3799
596,4805
596,5415
596,5982
596,6673
596,6702
597,305
597,308
597,766
597,1494
597,1623
597,1817
597,1956
597,2576
597,2586
597,2801
597,3578
597,3866
597,3890
597,5664
597,6098
597,6211
597,6448
597,7005
597,7226
597,7467
597,7486
598,593
598,3314
599,183
599,358
599,593
599,629
599,1453
599,1798
599,1871
599,1899
599,1999
599,2124
599,2198
599,3051
599,4086
599,4376
599,4538
599,4805
599,5015
599,5538
599,5629
599,5734
599,6284
599,6414
599,6551
599,6597
599,6673
599,6678
599,6702
599,6736
599,7085
599,7296
599,7477
599,7535
599,7568
599,7603
600,30
600,526
600,809
600,896
600,1196
600,2111
600,2921
600,2945
600,3443
600,3457
600,3510
600,3559
600,3964
600,4067
600,4115
600,5115
600,5539
600,6569
600,6909
600,6916
600,7130
600,7250
601,39
601,75
601,881
601,1215
601,1379
601,1409
601,1612
601,1647
601,1725
601,2043
601,2213
601,2239
601,2901
601,3190
601,3515
601,3532
601,3585
601,3607
601,4097
601,4302
601,4710
601,4904
601,4991
601,5111
601,5188
601,5263
601,5550
601,6721
601,7087
601,7330
601,7589
602,615
602,709
602,1061
602,1438
602,3375
602,5429
602,5444
602,5547
602,5877
602,5884
602,7530
603,959
603,1640
603,2168
603,2413
603,3788
603,3885
603,6231
603,6561
603,6635
604,92
604,1472
604,2179
604,2198
604,2239
604,3359
604,4422
604,4806
604,5372
604,6604
604,6707
604,6775
604,7373
604,7395
604,7464
604,7510
604,7524
605,10
605,349
605,1334
605,1736
605,1881
605,1969
605,1980
605,2337
605,2435
605,2623
605,2777
605,3102
605,3415
605,3583
605,3678
605,3711
605,3717
605,3749
605,4723
605,4740
605,4829
605,4992
605,5110
605,5509
605,5868
605,5929
605,6357
605,6876
605,7348
605,7437
605,7513
606,40
606,73
606,92
606,149
606,218
606,551
606,616
606,881
606,930
606,1064
606,1121
606,1278
606,1586
606,1820
606,1904
606,1938
606,2663
606,2901
606,3298
606,3394
606,3501
606,3698
606,3832
606,4039
606,4302
606,4330
606,4422
606,4904
606,4952
606,4986
606,5375
606,5562
606,5661
606,6001
606,6779
606,6951
606,7406
606,7445
607,616
607,1058
607,1178
607,2106
607,2183
607,2239
607,3748
607,4080
607,4376
607,4384
607,4806
607,4952
607,5222
607,5404
607,5471
607,5881
607,6039
607,6297
607,6618
608,437
608,798
608,1135
608,1606
608,2851
608,3200
608,3414
608,3537
608,4299
608,4401
608,5683
608,6080
608,6529
608,6727
608,6862
608,6903
608,7082
608,7327
608,7429
609,481
609,561
609,746
609,4663
609,4884
609,5072
609,5230
609,5974
609,6488
609,6609
609,6625
609,7259
609,7383
609,7598
610,2253
610,2270
610,2287
610,2704
610,2935
610,4160
610,5559
611,73
611,137
611,551
611,1239
611,1377
611,2239
611,3664
611,3698
611,4080
611,4317
611,4381
611,4384
611,4523
611,4952
611,6001
611,7468
612,1966
612,3295
613,434
613,514
613,1132
613,1181
613,1362
613,1560
613,1832
613,2016
613,2162
613,2465
613,2732
613,2863
613,2880
613,3145
613,3265
613,3767
613,4115
613,4451
613,4501
613,4621
613,5527
613,6041
613,6378
613,6916
614,867
614,1013
614,3183
614,3492
614,3920
614,5174
614,7370
614,7623
615,237
615,256
615,602
615,709
615,1446
615,2101
615,2251
615,2292
615,3424
615,3494
615,4087
615,4379
615,4925
615,4993
615,5034
615,5256
615,5419
615,5421
615,5523
615,5553
615,5618
615,5793
615,5877
615,6130
615,6226
615,6355
615,6671
615,6796
615,6873
615,7342
615,7559
615,7631
616,20
616,149
616,162
616,305
616,606
616,607
616,762
616,930
616,1510
616,1563
616,1689
616,1757
616,1877
616,1961
616,2201
616,2239
616,2586
616,2621
616,2639
616,2650
616,2771
616,2991
616,3171
616,3256
616,3359
616,3394
616,3501
616,3591
616,3698
616,3723
616,3789
616,4080
616,4464
616,4479
616,4729
616,4771
616,5039
616,5056
616,5058
616,5154
616,5404
616,5471
616,5559
616,5694
616,5844
616,6014
616,6039
616,6078
616,6462
616,6511
616,7072
616,7195
616,7196
616,7305
616,7374
617,166
617,256
617,1162
617,1438
617,1824
617,1923
617,2064
617,2333
617,3030
617,3041
617,3143
617,3759
617,3905
617,3915
617,4292
617,4925
617,5011
617,5884
617,6130
617,6173
617,6194
617,7291
617,7461
617,7530
618,147
618,398
618,481
618,561
618,578
618,688
618,746
618,901
618,943
618,1223
618,1466
618,1509
618,1529
618,1562
618,1683
618,2012
618,2444
618,2449
618,2491
618,2499
618,2786
618,2873
618,3211
618,3452
618,3733
618,3984
618,4117
618,4191
618,4244
618,4353
618,4411
618,4485
618,4494
618,4564
618,4585
618,4663
618,4711
618,4884
618,5016
618,5072
618,5345
618,5609
618,5721
618,5737
618,5928
618,5972
618,5974
618,6083
618,6311
618,6488
618,6609
618,6625
618,6924
618,7263
618,7383
618,7469
618,7489
618,7598
619,147
619,425
619,481
619,561
619,746
619,943
619,1223
619,2843
619,2853
619,4252
619,4564
619,4663
619,4703
619,4711
619,5230
619,5357
619,5928
619,6222
619,6609
619,6625
619,6924
619,7383
619,7598
620,19
620,142
620,420
620,1664
620,1923
620,2602
620,3494
620,3845
620,4208
620,4599
620,5107
620,5361
620,5380
620,5884
620,6623
620,7080
621,160
621,310
621,525
621,548
621,769
621,1217
621,1870
621,1924
621,1950
621,2162
621,2303
621,2390
621,2583
621,2613
621,3154
621,3233
621,3265
621,3327
621,3329
621,3387
621,3405
621,3495
621,3705
621,3842
621,4027
621,4136
621,4239
621,4482
621,4507
621,4621
621,5172
621,5253
621,5318
621,5458
621,5604
621,5616
621,5763
621,6005
621,6274
621,6314
621,6433
621,6516
621,6908
621,7579
621,7591
622,366
622,593
622,924
622,1017
622,1186
622,1467
622,1517
622,1744
622,1797
622,1899
622,2262
622,2432
622,2485
622,2553
622,2598
622,2628
622,2634
622,2649
622,2689
622,3138
622,3445
622,3623
622,3683
622,3704
622,3720
622,3721
622,4023
622,4074
622,4415
622,4590
622,4755
622,5148
622,5328
622,5330
622,5441
622,5495
622,5543
622,5734
622,5769
622,5853
622,5897
622,5904
622,5979
622,6414
622,6475
622,6526
622,6702
622,6923
622,6930
622,7021
622,7215
622,7247
622,7353
623,271
623,286
623,300
623,2141
623,3945
623,4377
623,5244
623,6364
624,354
624,451
624,452
624,457
624,547
624,594
624,635
624,799
624,823
624,929
624,1147
624,1168
624,1201
624,1203
624,1208
624,1231
624,1265
624,1366
624,1387
624,1542
624,1557
624,1571
624,1837
624,1968
624,1971
624,2185
624,2203
624,2276
624,2278
624,2403
624,2578
624,2580
624,2642
624,2696
624,2841
624,2846
624,2934
624,2937
624,3110
624,3254
624,3286
624,3338
624,3402
624,3522
624,3943
624,4011
624,4036
624,4119
624,4132
624,4166
624,4481
624,4547
624,4977
624,5021
624,5055
624,5073
624,5233
624,5246
624,5590
624,5766
624,6011
624,6158
624,6375
624,6498
624,6659
624,6697
624,6863
624,6883
624,6938
624,6943
624,7028
624,7148
624,7301
624,7533
624,7625
625,185
625,532
625,1398
625,2143
625,3671
625,3672
625,3895
625,4037
625,4054
625,4343
625,5652
625,5998
625,6098
625,6581
625,7067
625,7171
625,7269
625,7603
626,25
626,813
626,1113
626,1415
626,1847
626,2198
626,2239
626,2882
626,3079
626,4162
626,4376
626,5799
626,6098
626,6551
626,7067
626,7296
627,556
627,893
627,1175
627,1650
627,1710
627,1924
627,4891
627,5265
627,5454
627,6241
627,6340
627,7190
628,212
628,669
628,683
628,724
628,898
628,1196
628,1733
628,1761
628,1922
628,2026
628,2111
628,2172
628,2279
628,2632
628,2783
628,2893
628,2917
628,3062
628,3083
628,3457
628,3510
628,3539
628,4502
628,4596
628,4811
628,5115
628,5798
628,6059
628,6412
628,6610
628,6699
628,6920
628,7130
628,7608
629,20
629,39
629,69
629,85
629,106
629,295
629,474
629,526
629,593
629,599
629,680
629,766
629,964
629,1212
629,1215
629,1228
629,1245
629,1315
629,1414
629,1453
629,1472
629,1634
629,1722
629,2084
629,2106
629,2118
629,2143
629,2145
629,2198
629,2205
629,2211
629,2370
629,2406
629,2410
629,2454
629,2586
629,2610
629,2626
629,2701
629,3185
629,3194
629,3270
629,3469
629,3559
629,3895
629,3990
629,4006
629,4054
629,4055
629,4098
629,4186
629,4376
629,4569
629,4719
629,4892
629,4982
629,5001
629,5032
629,5132
629,5216
629,5368
629,5396
629,5888
629,5993
629,6301
629,6381
629,6417
629,6447
629,6761
629,6770
629,6898
629,6901
629,7067
629,7121
629,7269
629,7296
629,7322
629,7359
629,7409
630,43
630,148
630,676
630,887
630,1109
630,1626
630,2077
630,2236
630,2477
630,2607
630,2749
630,2963
630,2966
630,3205
630,3705
630,3934
630,4239
630,4272
630,4507
630,4705
630,4878
630,5065
630,5482
630,5616
630,5690
630,6433
630,6656
630,7030
630,7129
631,30
631,684
631,764
631,896
631,994
631,1560
631,1832
631,2041
631,2732
631,3443
631,3725
631,3781
631,4066
631,4121
631,4451
631,4621
631,5063
631,5170
631,5739
631,6041
631,6458
631,6481
631,6834
631,6916
632,42
632,61
632,89
632,366
632,593
632,710
632,906
632,1011
632,1744
632,1796
632,1797
632,2198
632,2239
632,2271
632,2376
632,2380
632,2541
632,2553
632,3353
632,3438
632,3704
632,3720
632,4071
632,4176
632,4384
632,4538
632,4641
632,4805
632,5070
632,5734
632,5853
632,5881
632,5903
632,6414
632,6551
632,6669
632,6678
632,6692
632,6702
632,6707
632,6866
632,7003
632,7477
632,7577
632,7607
633,89
633,258
633,309
633,319
633,359
633,484
633,593
633,659
633,818
633,1102
633,1165
633,1206
633,1467
633,1472
633,1663
633,1671
633,1763
633,2030
633,2198
633,2239
633,2307
633,2336
633,2380
633,2614
633,2649
633,2661
633,3221
633,3251
633,3277
633,3373
633,3380
633,3547
633,3683
633,3859
633,3946
633,4161
633,4243
633,4380
633,4484
633,4510
633,4578
633,4662
633,4768
633,4870
633,4946
633,5199
633,5214
633,5234
633,5330
633,5372
633,5518
633,5543
633,5584
633,5734
633,5797
633,5881
633,5979
633,6077
633,6381
633,6397
633,6414
633,6497
633,6526
633,6551
633,6614
633,6702
633,6787
633,6850
633,6887
633,6930
633,6968
633,7097
633,7204
633,7247
633,7294
633,7395
633,7464
633,7536
634,429
634,523
634,525
634,548
634,1130
634,1436
634,2081
634,2997
634,3709
634,4033
634,4172
634,4462
634,4823
634,5499
634,6015
634,6142
634,6493
634,6721
634,7087
635,304
635,354
635,452
635,547
635,594
635,624
635,792
635,929
635,1025
635,1147
635,1201
635,1203
635,1231
635,1265
635,1366
635,1398
635,1542
635,1837
635,1968
635,1971
635,2002
635,2278
635,2403
635,2578
635,2580
635,2642
635,2696
635,2841
635,2846
635,3254
635,3286
635,3402
635,3522
635,3943
635,4036
635,4119
635,4132
635,4166
635,4481
635,4927
635,4977
635,5021
635,5196
635,5233
635,5246
635,5590
635,5712
635,6011
635,6158
635,6375
635,6659
635,6697
635,6833
635,6863
635,6883
635,6938
635,7028
635,7083
635,7148
635,7301
635,7533
635,7625
636,330
636,407
636,1216
636,1755
636,1921
636,2119
636,2301
636,3129
636,5770
636,7192
637,1020
637,3175
637,4699
637,5260
637,5822
637,6514
638,100
638,224
638,648
638,747
638,2113
638,2198
638,2430
638,2897
638,3005
638,3049
638,3566
638,4378
638,4384
638,4454
638,4577
638,4578
638,4605
638,4823
638,5550
638,5778
638,6165
638,6354
638,6548
638,6592
638,6702
638,6729
639,269
639,1424
639,1439
639,2239
639,3171
639,3277
639,3359
639,3698
639,3910
639,4522
639,4952
639,5003
639,5029
639,7295
639,7395
639,7551
640,1534
640,1924
640,6241
641,10
641,937
641,1264
641,1630
641,1709
641,2268
641,3583
641,3749
641,4723
641,5110
641,5588
641,6557
642,2035
642,2230
642,5601
642,7620
643,139
643,326
643,807
643,1950
643,2231
643,2488
643,3865
643,5062
643,5763
643,6274
643,6572
643,6922
643,7332
643,7354
643,7454
643,7637
644,36
644,485
644,536
644,970
644,1060
644,1457
644,1930
644,1981
644,2746
644,3035
644,3310
644,4152
644,5953
644,5963
644,6085
645,464
645,935
645,1213
645,1411
645,1895
645,2180
645,2250
645,2475
645,3204
645,3489
645,3738
645,3806
645,4035
645,4363
645,4598
645,4640
645,4648
645,4795
645,5147
645,5274
645,5275
645,5600
645,5727
645,5755
645,5783
645,5995
645,6390
645,6607
645,6641
645,6752
645,6764
645,6871
645,6891
646,2188
646,6762
647,206
647,459
647,2022
647,2503
647,4052
647,4298
647,4515
647,4721
647,4981
647,5005
647,5113
647,5242
647,5319
647,5607
647,5681
647,6220
647,6273
647,6734
647,6865
647,7431
647,7484
647,7554
647,7642
648,100
648,329
648,523
648,638
648,752
648,761
648,1394
648,1655
648,1731
648,1853
648,2049
648,2081
648,2213
648,2374
648,2431
648,2574
648,2897
648,2997
648,3005
648,3351
648,3566
648,4255
648,4282
648,4378
648,4454
648,4462
648,4687
648,4767
648,4823
648,5004
648,5036
648,5145
648,5550
648,5571
648,6548
648,6721
648,6729
648,7087
648,7267
648,7414
649,1038
649,1272
649,1767
649,2006
649,2037
649,2098
649,2114
649,2312
649,2389
649,2681
649,2806
649,2925
649,3065
649,3167
649,3217
649,3356
649,3392
649,3628
649,4300
649,4676
649,4758
649,5329
649,5454
649,5512
649,5653
649,5828
649,6104
649,6502
649,6603
649,6648
649,6956
649,6997
649,7075
649,7566
650,67
650,150
650,223
650,373
650,872
650,1009
650,1534
650,1773
650,2074
650,2136
650,2315
650,2505
650,2524
650,2646
650,2830
650,2875
650,2986
650,3197
650,3525
650,3993
650,3995
650,4283
650,4328
650,4533
650,5454
650,5466
650,5918
650,5965
650,6114
650,6340
650,6504
650,6556
650,6633
650,6773
650,6817
650,6821
650,6991
650,7019
650,7286
651,4646
651,5684
651,7620
652,311
652,443
652,1689
652,1961
652,2519
652,2604
652,2700
652,2996
652,3101
652,3507
652,3698
652,3716
652,4201
652,4295
652,4311
652,5154
652,5229
652,5654
652,7453
653,481
653,1223
653,1622
653,1830
653,2499
653,3733
653,3904
653,4179
653,4244
653,4411
653,4475
653,4485
653,4487
653,4663
653,5750
653,6106
653,6288
653,6488
653,6924
653,7024
653,7489
653,7598
654,2049
654,2431
654,4378
654,6592
655,26
655,30
655,352
655,526
655,584
655,724
655,867
655,1196
655,1291
655,1448
655,1624
655,1716
655,1733
655,2059
655,2170
655,2198
655,2205
655,2215
655,2325
655,2529
655,2626
655,2655
655,2703
655,2744
655,2903
655,2945
655,3062
655,3134
655,3296
655,3506
655,3510
655,3539
655,3559
655,4067
655,4153
655,4502
655,4805
655,4917
655,4952
655,5174
655,5641
655,5739
655,6131
655,6296
655,6412
655,6699
655,6715
655,6909
655,7077
655,7240
655,7322
655,7582
656,120
656,595
656,982
656,1065
656,1234
656,1303
656,1762
656,1841
656,1909
656,2196
656,2333
656,2362
656,2943
656,3684
656,3905
656,3915
656,3988
656,4088
656,4925
656,4943
656,4993
656,5429
656,5867
656,6130
656,6138
656,6144
656,6247
656,6396
656,6423
656,6993
656,7009
656,7631
657,85
657,789
657,1293
657,1357
657,1453
657,1472
657,1663
657,1798
657,2198
657,2406
657,2974
657,3895
657,4253
657,4376
657,4384
657,4680
657,4864
657,5296
657,6208
657,7464
658,26
658,522
658,1004
658,1024
658,1194
658,1347
658,1591
658,2143
658,2173
658,2294
658,2685
658,2778
658,2871
658,3063
658,4217
658,4791
658,5568
658,6759
658,6790
658,7276
658,7464
658,7601
659,28
659,138
659,261
659,309
659,369
659,377
659,431
659,592
659,593
659,633
659,780
659,811
659,868
659,1100
659,1206
659,1280
659,1286
659,1305
659,1429
659,1472
659,1513
659,1684
659,1698
659,1744
659,1763
659,1796
659,1798
659,1838
659,1899
659,1908
659,1993
659,2095
659,2173
659,2198
659,2239
659,2336
659,2510
659,2553
659,2615
659,2782
659,2795
659,2832
659,2868
659,3051
659,3105
659,3185
659,3380
659,3578
659,3856
659,4156
659,4217
659,4248
659,4352
659,4388
659,4630
659,4816
659,4870
659,4895
659,5006
659,5015
659,5054
659,5139
659,5148
659,5234
659,5255
659,5399
659,5404
659,5584
659,5664
659,5734
659,5881
659,5937
659,5982
659,6215
659,6414
659,6669
659,6673
659,6702
659,6707
659,6800
659,6807
659,6887
659,7003
659,7071
659,7150
659,7170
659,7204
659,7215
659,7280
659,7395
659,7464
659,7477
659,7568
660,1497
660,1534
660,2529
660,6513
660,6845
660,7088
661,442
661,463
661,541
661,786
661,928
661,1016
661,1038
661,1221
661,1630
661,1803
661,1851
661,2037
661,2387
661,3272
661,3291
661,3324
661,3553
661,4034
661,4583
661,4772
661,5555
661,5588
661,6519
661,6679
661,7124
661,7566
661,7630
662,530
662,691
662,887
662,1219
662,1242
662,1629
662,2492
662,2752
662,2840
662,2994
662,3046
662,3586
662,4068
662,4137
662,4852
662,4969
662,5047
662,5603
662,7025
662,7031
662,7063
662,7145
662,7260
662,7261
662,7618
663,481
663,561
663,837
663,855
663,1223
663,1622
663,1830
663,3904
663,4244
663,4411
663,4485
663,4663
663,6488
663,6609
663,7263
663,7383
663,7489
664,1953
664,2433
664,2976
664,3175
664,3191
664,5086
664,5720
664,6205
664,6324
664,6979
664,7475
664,7575
664,7620
665,362
665,2347
665,5812
665,6316
667,884
667,1702
667,2064
667,2333
667,3231
667,3494
667,4800
667,4849
667,4925
667,5515
667,5697
667,6130
667,6221
667,6404
667,6806
667,6884
667,7460
668,1340
668,2077
668,2379
668,2497
668,4058
668,4305
668,4810
668,5457
668,5458
668,5633
668,6686
668,6886
668,6888
668,7051
668,7155
668,7586
669,30
669,225
669,438
669,499
669,526
669,628
669,684
669,896
669,971
669,994
669,1058
669,1084
669,1280
669,1645
669,1761
669,2026
669,2041
669,2092
669,2111
669,2198
669,2376
669,2567
669,2904
669,3152
669,3443
669,3457
669,3510
669,3725
669,3742
669,3839
669,3962
669,4066
669,4116
669,4503
669,4573
669,4653
669,4679
669,4805
669,4990
669,5063
669,5064
669,5170
669,5193
669,5264
669,5295
669,5556
669,5739
669,6038
669,6170
669,6388
669,6445
669,6458
669,6464
669,6481
669,6512
669,6569
669,6916
669,7047
669,7130
669,7233
669,7250
669,7313
670,1185
670,2791
670,2801
670,3677
670,5504
671,133
671,147
671,481
671,561
671,703
671,837
671,943
671,1223
671,1562
671,1622
671,1693
671,1917
671,2499
671,3904
671,4122
671,4244
671,4387
671,4411
671,4485
671,4663
671,5230
671,5928
671,6222
671,6472
671,6488
671,6609
671,6625
671,6924
671,7383
671,7489
671,7598
672,526
672,713
672,2111
672,2175
672,2440
672,2558
672,2581
672,2798
672,3049
672,3962
672,3964
672,4116
672,4273
672,4479
672,4592
672,4754
672,4805
672,5264
672,5312
672,6009
672,6038
672,6365
672,6672
672,6715
672,6909
672,7130
672,7250
672,7312
673,2295
673,3578
673,3817
673,4805
673,5354
673,5664
673,5895
674,382
674,1189
674,1289
674,1296
674,1453
675,835
675,2065
675,2295
675,2927
675,3578
675,4685
675,4805
675,5123
675,5213
675,5354
675,5484
675,5664
675,5895
675,7397
675,7467
676,90
676,197
676,630
676,859
676,1087
676,1109
676,1166
676,1515
676,1534
676,2077
676,2236
676,2338
676,2436
676,2477
676,2695
676,3495
676,3777
676,4108
676,4495
676,4628
676,4922
676,5035
676,5137
676,5885
676,6201
676,6433
676,6735
676,6792
676,7639
676,7641
677,266
677,1521
677,2129
677,2239
677,2370
677,2549
677,2729
677,4384
677,4864
677,5082
677,5132
677,5412
677,5641
677,6966
677,7067
677,7296
677,7401
677,7582
678,2253
678,4573
679,147
679,481
679,744
679,837
679,855
679,1096
679,1622
679,1830
679,1889
679,2238
679,2827
679,3180
679,3449
679,3733
679,3904
679,4123
679,4244
679,4411
679,4475
679,4485
679,4487
679,4498
679,4663
679,4933
679,5750
679,6106
679,6488
679,6788
679,6972
679,7012
679,7263
679,7489
680,106
680,211
680,456
680,629
680,881
680,1185
680,1479
680,1486
680,2113
680,2299
680,2415
680,2438
680,2586
680,2626
680,2801
680,3194
680,3207
680,3339
680,3503
680,3532
680,3834
680,3870
680,4031
680,4173
680,4522
680,4626
680,4735
680,4940
680,4987
680,5181
680,5474
680,6159
680,6210
680,6276
680,6379
680,6403
680,6588
680,6594
680,7020
680,7032
680,7290
680,7330
681,1440
681,2245
681,2282
681,3094
681,3603
681,3735
681,3852
681,4104
681,4275
681,4291
681,5434
681,5582
681,5946
681,6049
681,6573
681,7051
681,7620
682,554
682,758
682,1656
682,2240
682,2654
682,2757
682,3516
682,3563
682,3741
682,4143
682,4280
682,4673
682,6653
683,85
683,212
683,584
683,628
683,724
683,936
683,942
683,1287
683,1521
683,1624
683,1716
683,1733
683,2059
683,2113
683,2172
683,2186
683,2215
683,2325
683,2620
683,2703
683,2903
683,2945
683,3114
683,3183
683,3296
683,3506
683,3559
683,3920
683,4067
683,4153
683,4384
683,4584
683,4811
683,4917
683,5120
683,5174
683,5775
683,5851
683,6059
683,6348
683,6408
683,6412
683,6427
683,6466
683,6610
683,6699
683,6713
683,6909
683,6920
683,7006
683,7131
683,7569
684,438
684,579
684,631
684,669
684,2111
684,2385
684,3095
684,3344
684,3387
684,3443
684,3956
684,3989
684,4116
684,4489
684,5142
684,6481
684,6897
684,7130
684,7169
685,147
685,481
685,561
685,943
685,1223
685,1509
685,1562
685,2073
685,2395
685,2499
685,2983
685,3452
685,4191
685,4244
685,4423
685,4478
685,4663
685,5489
685,5718
685,5928
685,5974
685,6168
685,6222
685,6227
685,6311
685,6609
685,6625
685,7383
685,7444
685,7598
686,19
686,3030
686,3375
686,3494
686,3759
686,5100
686,5419
687,290
687,593
687,1102
687,1210
687,2198
687,3502
687,3748
687,3782
687,4384
687,4983
687,5404
687,5782
687,5881
687,6551
687,6702
687,7036
687,7597
688,147
688,398
688,481
688,561
688,618
688,690
688,746
688,782
688,901
688,992
688,1223
688,1466
688,1683
688,2395
688,2444
688,2491
688,2499
688,3180
688,3504
688,3733
688,4151
688,4244
688,4353
688,4411
688,4485
688,4491
688,4494
688,4524
688,4663
688,4884
688,5016
688,5072
688,5230
688,5345
688,5357
688,5405
688,5489
688,5609
688,5737
688,5896
688,5974
688,6083
688,6229
688,6311
688,6488
688,6625
688,7110
688,7218
688,7263
688,7383
688,7463
688,7598
689,60
689,494
689,1999
689,2139
689,2198
689,2275
689,2659
689,4805
689,4872
689,6034
689,7003
690,147
690,510
690,578
690,688
690,1223
690,1292
690,1683
690,2361
690,2395
690,2489
690,3399
690,3479
690,4117
690,4252
690,4423
690,4494
690,4663
690,5016
690,5357
690,5405
690,5896
690,6106
690,6311
690,7531
690,7598
691,53
691,662
691,1503
691,1515
691,1629
691,2492
691,2560
691,2594
691,2680
691,2752
691,2840
691,2924
691,3219
691,3972
691,4646
691,5603
691,5605
691,6814
691,7025
691,7031
691,7063
691,7081
691,7145
693,23
693,85
693,260
693,357
693,593
693,1058
693,1113
693,1210
693,1284
693,1293
693,1415
693,1453
693,1798
693,1854
693,2198
693,2215
693,2571
693,2765
693,3183
693,3311
693,3370
693,3502
693,3748
693,3796
693,3895
693,4071
693,4384
693,4578
693,4952
693,5132
693,5143
693,5212
693,5251
693,5296
693,5404
693,5816
693,5881
693,6551
693,6702
693,7067
693,7278
693,7280
693,7464
694,577
694,2769
694,7488
695,256
695,314
695,708
695,740
695,1065
695,1177
695,1446
695,1487
695,1502
695,1567
695,1617
695,1909
695,2148
695,2517
695,2534
695,2554
695,2792
695,3530
695,4146
695,4149
695,4993
695,5237
695,5867
695,6094
695,6130
695,6226
695,6376
695,6482
695,6915
695,7133
695,7136
695,7631
696,245
696,352
696,446
696,526
696,760
696,1518
696,1581
696,1650
696,2205
696,2239
696,2487
696,2738
696,3469
696,3559
696,3758
696,3784
696,4198
696,4805
696,5132
696,5234
696,5404
696,5641
696,5707
696,6064
696,6219
696,6466
696,6880
697,5783
697,6871
697,7306
698,275
698,328
698,412
698,570
698,749
698,1531
698,1609
698,1648
698,1696
698,1969
698,2090
698,2250
698,2260
698,2324
698,2326
698,2622
698,3640
698,4048
698,4412
698,4739
698,4883
698,4960
698,5045
698,5250
698,5540
698,5602
698,5753
698,5848
698,5856
698,6250
698,6357
698,6793
698,7614
699,884
699,1791
699,1909
699,2064
699,2292
699,3231
699,3494
699,4237
699,4849
699,4925
699,5793
699,5877
699,6130
699,6221
699,6635
700,2008
700,6347
701,1043
701,2083
701,3590
701,4920
701,6739
702,25
702,838
702,925
702,949
702,3325
702,3699
702,3899
702,4686
702,5964
702,6902
702,6940
703,118
703,133
703,384
703,406
703,671
703,883
703,1693
703,2303
703,2495
703,2802
703,2811
703,3914
703,4122
703,4387
703,4880
703,5246
703,5701
703,6472
703,7506
703,7564
704,101
704,202
704,764
704,2636
704,3227
704,3307
704,3437
704,3669
704,4305
704,4527
704,4628
704,4906
704,4922
704,4994
704,5035
704,5185
704,5260
704,5454
704,5633
704,6277
704,6307
705,860
705,1064
705,1310
705,2299
705,2901
705,3503
705,3613
705,4490
705,4735
705,4904
705,4987
705,5012
705,5218
705,6281
705,6426
705,6588
705,7330
705,7445
706,138
706,261
706,484
706,526
706,2198
706,3235
706,4376
706,4630
706,4816
706,5054
706,5468
706,5679
706,6702
707,331
707,585
707,852
707,1745
707,2068
707,2210
707,2314
707,2505
707,3131
707,3329
707,3557
707,3650
707,3911
707,4320
707,4362
707,4376
707,4549
707,4555
707,4573
707,4725
707,4805
707,5604
707,5630
707,5839
707,6179
707,6741
707,6967
707,7039
707,7191
707,7376
707,7600
708,314
708,695
708,740
708,745
708,1162
708,1177
708,1446
708,1487
708,1537
708,1617
708,2792
708,3656
708,4145
708,4146
708,4149
708,4287
708,5256
708,5867
708,6090
708,6094
708,6130
708,6376
708,7133
708,7136
709,166
709,420
709,602
709,615
709,745
709,884
709,1061
709,1438
709,1455
709,1664
709,1762
709,1824
709,1923
709,2196
709,2333
709,2790
709,2850
709,3030
709,3143
709,3366
709,3759
709,3774
709,3905
709,4088
709,4292
709,4443
709,4610
709,4615
709,4925
709,5011
709,5030
709,5100
709,5283
709,5419
709,5877
709,5884
709,5934
709,6173
709,6419
709,7009
709,7291
709,7404
709,7461
709,7530
710,89
710,183
710,322
710,366
710,431
710,593
710,632
710,906
710,1294
710,1738
710,1744
710,1796
710,1899
710,2115
710,2198
710,2432
710,2553
710,2637
710,2689
710,3008
710,3379
710,3439
710,3623
710,3704
710,4023
710,4531
710,4588
710,4688
710,5404
710,5518
710,5543
710,5734
710,5903
710,6024
710,6414
710,6669
710,6673
710,6692
710,6759
710,6923
710,7247
710,7337
711,258
711,304
711,369
711,593
711,1058
711,1453
711,2106
711,2198
711,2239
711,3185
711,3359
711,3895
711,4164
711,4376
711,4384
711,4680
711,4805
711,4863
711,5082
711,5132
711,5707
711,5881
711,6313
711,6409
711,6551
711,6702
711,6707
711,6774
711,7280
711,7535
712,2800
712,4805
712,5518
712,6672
712,6909
713,352
713,360
713,526
713,672
713,1749
713,2216
713,3078
713,3510
713,3896
713,4067
713,4116
713,4442
713,5779
713,6009
713,6824
713,6909
713,7517
714,28
714,48
714,269
714,1098
714,1280
714,1429
714,1585
714,2239
714,4522
714,4731
714,5364
714,6211
714,7298
714,7395
715,73
715,551
715,1958
715,2577
715,3330
715,3895
715,6001
715,7330
716,1319
716,1710
716,2344
716,2353
716,3244
716,4656
716,6084
717,138
717,593
717,1058
717,2198
717,2618
717,3748
717,4095
717,4164
717,4376
717,5404
717,6701
717,6702
717,7071
718,1094
718,2009
718,3895
718,4054
718,6098
718,7067
718,7443
718,7603
719,957
719,4646
719,4969
720,258
720,377
720,593
720,1206
720,1744
720,1798
720,2198
720,3185
720,4161
720,6702
720,7395
721,1296
721,1483
721,1940
721,2215
721,2544
721,2948
721,3330
721,3607
721,4046
721,5000
721,6611
721,7128
721,7131
721,7269
721,7556
722,304
722,593
722,1727
722,1744
722,1796
722,2198
722,2262
722,2432
722,2553
722,3051
722,3092
722,4641
722,4805
722,5241
722,5365
722,5404
722,5878
722,6361
722,6414
722,6702
722,7103
722,7337
722,7395
722,7477
722,7572
722,7577
723,313
723,766
723,835
723,1467
723,1753
723,1875
723,2233
723,2239
723,2247
723,2295
723,2502
723,2532
723,2985
723,3578
723,4033
723,4073
723,4670
723,4805
723,5455
723,6012
723,7456
723,7467
724,212
724,382
724,526
724,587
724,628
724,655
724,683
724,728
724,921
724,956
724,1196
724,1493
724,1521
724,1716
724,1733
724,1739
724,1926
724,2172
724,2525
724,2567
724,2703
724,2903
724,2945
724,2987
724,3062
724,3083
724,3351
724,3506
724,3510
724,3539
724,3559
724,3702
724,4067
724,4153
724,5144
724,5798
724,6348
724,6408
724,6412
724,6427
724,6565
724,6610
724,6699
724,6909
724,7077
725,1961
725,2304
725,3698
726,260
726,593
726,789
726,1058
726,1254
726,1293
726,1370
726,1415
726,1453
726,1575
726,1798
726,1862
726,1959
726,2013
726,2039
726,2115
726,2129
726,2198
726,2215
726,2239
726,2370
726,2573
726,2734
726,2981
726,3183
726,3226
726,3252
726,3311
726,4086
726,4155
726,4376
726,4384
726,4608
726,4952
726,5132
726,5194
726,5222
726,5296
726,5344
726,5350
726,5404
726,5641
726,5707
726,5740
726,5816
726,5840
726,5881
726,5937
726,6039
726,6551
726,6562
726,6707
726,6961
726,7003
726,7071
726,7252
726,7296
726,7340
726,7464
727,42
727,304
727,479
727,593
727,836
727,951
727,1058
727,1170
727,1210
727,1254
727,1268
727,1284
727,1453
727,1663
727,1784
727,1798
727,1847
727,1898
727,1959
727,2013
727,2115
727,2198
727,2370
727,2571
727,2671
727,2888
727,2981
727,3261
727,3357
727,3459
727,3693
727,3748
727,4024
727,4080
727,4091
727,4210
727,4376
727,4384
727,4465
727,4658
727,4806
727,5042
727,5070
727,5195
727,5404
727,5415
727,5468
727,5612
727,5707
727,5740
727,5756
727,5816
727,5881
727,5976
727,6492
727,6551
727,6618
727,6702
727,6825
727,6892
727,7003
727,7044
727,7071
727,7091
727,7166
727,7280
727,7320
727,7369
727,7487
727,7582
728,5
728,71
728,587
728,724
728,785
728,911
728,956
728,1069
728,1337
728,1493
728,1733
728,1978
728,2404
728,2427
728,2525
728,2536
728,2783
728,3062
728,3250
728,3455
728,3539
728,3907
728,4042
728,4584
728,5917
728,5987
728,6036
728,6059
728,6067
728,6128
728,6296
728,6547
728,6699
728,6920
728,7054
728,7422
728,7512
728,7635
729,144
729,1124
729,1375
729,2710
729,2720
729,3231
729,3879
729,4221
729,5027
729,6935
729,7285
729,7460
730,144
730,932
730,1124
730,1311
730,1676
730,1771
730,1920
730,2140
730,2168
730,2318
730,2710
730,3028
730,3147
730,3231
730,3412
730,4237
730,4512
730,4849
730,4980
730,5410
730,5611
730,6791
730,6948
730,7317
730,7460
731,42
731,269
731,566
731,810
731,836
731,1058
731,1178
731,1415
731,1472
731,1492
731,1513
731,1561
731,1586
731,1796
731,1959
731,1993
731,2198
731,2239
731,2370
731,2571
731,2600
731,3152
731,3160
731,3459
731,3671
731,3698
731,3710
731,3748
731,4071
731,4257
731,4376
731,4422
731,4608
731,4805
731,4806
731,5039
731,5070
731,5194
731,5251
731,5296
731,5316
731,5404
731,5415
731,5612
731,5649
731,5707
731,5881
731,5982
731,6354
731,6414
731,6551
731,6702
731,6847
731,7289
731,7525
731,7572
731,7582
732,61
732,89
732,322
732,366
732,593
732,800
732,811
732,1081
732,1294
732,1513
732,1711
732,1738
732,1744
732,1899
732,2239
732,2432
732,2541
732,2689
732,3008
732,3051
732,3987
732,4453
732,4531
732,4578
732,4588
732,4688
732,4734
732,5404
732,5769
732,5799
732,5903
732,5979
732,6188
732,6414
732,6468
732,6669
732,6692
732,6702
732,6923
732,7440
732,7540
733,166
733,977
733,4087
733,4925
733,5092
733,5618
733,5793
733,6671
734,193
734,209
734,524
734,531
734,1043
734,2840
734,3586
734,3735
734,3953
734,4000
734,4235
734,4582
734,4646
734,4961
734,5434
734,5656
734,5684
734,5701
734,6025
734,6169
734,6514
734,6612
734,6768
734,6814
734,7050
734,7064
734,7081
734,7316
734,7532
734,7620
735,479
735,1254
735,1293
735,1421
735,1784
735,2106
735,2198
735,2725
735,3149
735,3456
735,3895
735,3958
735,4376
735,4806
735,5132
735,5243
735,5707
735,5859
735,5955
735,6265
735,6551
735,6936
735,6971
735,7071
735,7280
735,7464
735,7537
735,7568
736,593
736,1280
736,1513
736,1744
736,1796
736,2689
736,3946
736,4641
736,5050
736,5542
736,6183
736,6702
736,6807
736,7247
737,273
737,315
737,581
737,915
737,968
737,1244
737,1256
737,1392
737,1737
737,1772
737,2133
737,3361
737,3569
737,3924
737,4008
737,4171
737,4208
737,4226
737,4237
737,4399
737,4414
737,4673
737,4861
737,5131
737,5300
737,5762
737,6111
737,6138
737,6199
737,6278
737,6347
737,6623
737,6653
737,7565
738,941
738,1565
738,3175
738,3244
738,3248
738,4231
738,7194
738,7620
739,419
739,522
739,1002
739,1024
739,1092
739,1236
739,1591
739,2095
739,2117
739,2173
739,2294
739,2309
739,2556
739,2685
739,2819
739,2887
739,3123
739,3257
739,3294
739,3657
739,3807
739,3923
739,4013
739,4217
739,4650
739,4791
739,4812
739,4828
739,4848
739,5133
739,5293
739,5568
739,5595
739,5932
739,5958
739,6054
739,6175
739,6289
739,6343
739,6353
739,6371
739,6759
739,6983
739,7398
740,256
740,314
740,695
740,708
740,933
740,1065
740,1162
740,1328
740,1446
740,1502
740,1567
740,1617
740,1804
740,2148
740,2196
740,2534
740,3127
740,3293
740,3424
740,3684
740,3988
740,4087
740,4088
740,4146
740,4443
740,4943
740,4993
740,5034
740,5169
740,5697
740,5860
740,5867
740,6090
740,6130
740,6138
740,6376
740,6423
740,6480
740,6482
740,6652
740,6681
740,7631
741,884
741,1824
741,2064
741,3494
741,4143
741,4925
741,5283
741,5444
741,5877
741,6130
741,6806
741,7065
741,7271
741,7565
743,4627
744,481
744,679
744,812
744,855
744,1086
744,1096
744,1477
744,1889
744,1944
744,2067
744,2073
744,2827
744,3411
744,3449
744,4244
744,4459
744,4475
744,4487
744,4498
744,4604
744,4607
744,4663
744,4873
744,4968
744,5038
744,6103
744,6288
744,6488
744,6972
744,7024
744,7110
744,7214
744,7263
744,7361
745,256
745,595
745,708
745,709
745,884
745,948
745,1061
745,1326
745,1400
745,1791
745,1903
745,1909
745,2329
745,3084
745,3431
745,4443
745,4647
745,4814
745,5432
745,5480
745,5515
745,5618
745,5793
745,5867
745,6042
745,6130
745,6221
745,6404
745,6806
745,7133
745,7208
745,7275
745,7343
746,74
746,221
746,398
746,425
746,561
746,578
746,609
746,618
746,619
746,688
746,782
746,943
746,992
746,1509
746,1858
746,1917
746,2012
746,2073
746,2361
746,2395
746,2398
746,2444
746,2491
746,2548
746,2786
746,2843
746,2983
746,3211
746,3255
746,3399
746,3449
746,3452
746,3479
746,3504
746,4151
746,4252
746,4353
746,4423
746,4478
746,4491
746,4494
746,4663
746,4703
746,4708
746,4761
746,4884
746,4921
746,5072
746,5228
746,5230
746,5345
746,5357
746,5405
746,5476
746,5489
746,5609
746,5718
746,5737
746,5751
746,5896
746,5972
746,6083
746,6168
746,6222
746,6609
746,6625
746,6725
746,7015
746,7110
746,7218
746,7263
746,7324
746,7383
746,7426
746,7531
747,250
747,638
747,1335
747,1853
747,2113
747,2150
747,2430
747,2543
747,2897
747,3004
747,3240
747,3351
747,3566
747,3635
747,3731
747,3937
747,4282
747,4368
747,4454
747,4605
747,5078
747,5175
747,5248
747,5550
747,5571
747,5778
747,6015
747,6165
747,6558
747,6729
747,7479
747,7588
748,5
748,8
748,71
748,382
748,771
748,1225
748,1572
748,1607
748,1794
748,1922
748,2028
748,2055
748,2522
748,2529
748,2993
748,3421
748,3513
748,3691
748,3702
748,3821
748,4493
748,4500
748,4596
748,4692
748,4890
748,5280
748,5386
748,5749
748,5941
748,6412
748,6610
748,6677
748,7222
748,7452
748,7624
749,136
749,275
749,324
749,412
749,453
749,556
749,570
749,698
749,779
749,806
749,828
749,850
749,909
749,926
749,981
749,1037
749,1360
749,1364
749,1391
749,1412
749,1428
749,1459
749,1531
749,1583
749,1609
749,1648
749,1696
749,1759
749,1969
749,2090
749,2103
749,2134
749,2147
749,2189
749,2250
749,2260
749,2446
749,2474
749,2508
749,2596
749,2717
749,2754
749,2822
749,2849
749,2860
749,2946
749,3021
749,3091
749,3316
749,3346
749,3356
749,3543
749,3553
749,3565
749,3640
749,3649
749,3663
749,3714
749,3722
749,3805
749,3825
749,3830
749,4038
749,4048
749,4056
749,4070
749,4245
749,4265
749,4342
749,4375
749,4412
749,4496
749,4504
749,4554
749,4603
749,4666
749,4667
749,4676
749,4759
749,4881
749,4883
749,4938
749,4960
749,4972
749,5045
749,5069
749,5164
749,5245
749,5250
749,5272
749,5306
749,5409
749,5448
749,5465
749,5512
749,5540
749,5602
749,5653
749,5706
749,5753
749,5825
749,5848
749,5856
749,6007
749,6010
749,6143
749,6164
749,6250
749,6357
749,6363
749,6416
749,6502
749,6532
749,6765
749,6771
749,6842
749,6881
749,6965
749,7013
749,7073
749,7086
749,7122
749,7407
750,573
750,751
750,931
750,1045
750,1525
750,1905
750,1930
750,2565
750,3473
750,3600
750,3605
750,3744
750,3969
750,4103
750,4295
750,5343
750,5360
750,5498
750,5980
750,6572
750,6730
751,305
751,485
751,750
751,851
751,1045
751,1253
751,1353
751,1633
751,1905
751,1961
751,1981
751,2561
751,3109
751,3310
751,3369
751,3605
751,3802
751,3835
751,3928
751,4103
751,4106
751,4906
751,4959
751,5109
751,5156
751,5191
751,5483
751,5498
751,5843
751,6450
751,6593
751,6722
751,6807
752,100
752,223
752,250
752,648
752,761
752,1063
752,1284
752,1394
752,1655
752,1731
752,2049
752,2213
752,2374
752,2430
752,2431
752,2574
752,2997
752,3005
752,3120
752,3566
752,3731
752,4255
752,4378
752,4454
752,4462
752,4577
752,4687
752,4823
752,4889
752,5550
752,6114
752,6165
752,6258
752,6651
752,6721
752,6729
752,6766
752,6954
752,7087
752,7267
753,2293
753,2316
753,4810
753,4906
754,934
754,1291
754,1655
754,3506
754,4216
754,4384
754,4543
754,6193
754,6547
754,6954
754,7519
754,7572
755,767
755,2260
755,2775
755,2780
755,3116
755,3346
755,3523
755,3588
755,4758
755,5848
755,6502
755,7118
756,28
756,36
756,456
756,489
756,920
756,1163
756,1185
756,1280
756,1429
756,1929
756,1962
756,2244
756,2415
756,2586
756,2738
756,2795
756,3271
756,3856
756,4033
756,4522
756,4601
756,4835
756,5022
756,5496
756,5504
756,5708
756,5788
756,6015
756,6382
756,6807
756,6815
756,6852
756,7032
756,7364
757,497
757,4777
758,315
758,557
758,682
758,995
758,1656
758,2311
758,2443
758,2757
758,3064
758,3376
758,3460
758,3516
758,3880
758,4077
758,4280
758,4673
758,5266
758,5774
758,6052
758,6125
758,6163
758,6601
758,6653
758,7236
758,7565
759,269
760,526
760,593
760,696
760,1518
760,1581
760,2032
760,2198
760,2243
760,2375
760,3049
760,3469
760,3542
760,3548
760,3581
760,3641
760,3697
760,3866
760,4198
760,4376
760,4670
760,4696
760,4805
760,5080
760,5155
760,5234
760,5804
760,6219
760,6464
760,6880
760,7164
760,7560
760,7638
761,146
761,395
761,499
761,648
761,752
761,1519
761,2131
761,2179
761,2265
761,2374
761,2430
761,3005
761,3635
761,3665
761,4084
761,4378
761,4577
761,4605
761,4817
761,5145
761,5175
761,5248
761,5550
761,5778
761,6114
761,6258
761,6592
761,6729
762,103
762,240
762,509
762,616
762,1178
762,1218
762,1368
762,1427
762,1444
762,1540
762,1563
762,1650
762,1778
762,1798
762,2040
762,2205
762,2239
762,2290
762,2331
762,2370
762,2520
762,2571
762,3171
762,3359
762,3408
762,3428
762,3602
762,3693
762,3698
762,4049
762,4080
762,4083
762,4091
762,4157
762,4174
762,4384
762,4420
762,4556
762,4803
762,4806
762,4952
762,5008
762,5199
762,5222
762,5344
762,5404
762,5471
762,5654
762,5740
762,5816
762,6039
762,6121
762,6236
762,6297
762,6303
762,6400
762,6462
762,6489
762,6492
762,6518
762,6537
762,6551
762,6618
762,6631
762,6646
762,6707
762,6738
762,7003
762,7023
762,7071
762,7166
762,7535
762,7593
762,7599
763,554
763,1656
763,1845
763,2382
763,3881
763,4673
763,4802
763,6874
764,32
764,301
764,461
764,489
764,497
764,522
764,558
764,631
764,704
764,835
764,889
764,954
764,1052
764,1280
764,1407
764,1429
764,1496
764,1595
764,1943
764,1979
764,2032
764,2244
764,2288
764,2385
764,2400
764,2706
764,3155
764,3249
764,3295
764,3331
764,3358
764,3381
764,3387
764,3578
764,3817
764,3928
764,3942
764,3956
764,4217
764,4361
764,4451
764,4486
764,4489
764,4777
764,4805
764,4835
764,4842
764,4863
764,4906
764,5080
764,5142
764,5234
764,5307
764,5378
764,5388
764,5400
764,5539
764,5664
764,5723
764,5788
764,5880
764,5899
764,6305
764,6420
764,6493
764,6807
764,6896
764,7003
764,7112
764,7224
764,7304
764,7467
764,7482
764,7587
765,195
765,496
765,1507
765,2077
765,2293
765,2379
765,2709
765,3197
765,3244
765,3396
765,3437
765,3902
765,4019
765,4051
765,4238
765,4646
765,4810
765,4906
765,5454
765,5563
765,5664
765,6433
765,7155
765,7427
766,62
766,91
766,113
766,116
766,143
766,185
766,201
766,213
766,235
766,287
766,299
766,308
766,336
766,432
766,460
766,461
766,469
766,495
766,501
766,535
766,539
766,583
766,597
766,629
766,723
766,780
766,784
766,858
766,881
766,905
766,939
766,975
766,1007
766,1014
766,1069
766,1091
766,1094
766,1120
766,1185
766,1209
766,1284
766,1333
766,1337
766,1339
766,1343
766,1377
766,1418
766,1426
766,1430
766,1479
766,1494
766,1546
766,1566
766,1572
766,1575
766,1608
766,1619
766,1667
766,1673
766,1682
766,1753
766,1794
766,1795
766,1802
766,1817
766,1854
766,1871
766,1875
766,1929
766,1941
766,1962
766,1966
766,1999
766,2048
766,2055
766,2087
766,2089
766,2143
766,2198
766,2202
766,2233
766,2258
766,2310
766,2354
766,2358
766,2368
766,2372
766,2375
766,2380
766,2400
766,2418
766,2425
766,2427
766,2490
766,2518
766,2522
766,2573
766,2595
766,2626
766,2913
766,2970
766,2977
766,2993
766,3015
766,3072
766,3079
766,3098
766,3113
766,3190
766,3203
766,3223
766,3228
766,3330
766,3373
766,3421
766,3462
766,3473
766,3490
766,3492
766,3578
766,3593
766,3607
766,3671
766,3672
766,3683
766,3692
766,3695
766,3866
766,3887
766,3890
766,3895
766,3910
766,3922
766,3925
766,3927
766,3990
766,3994
766,4029
766,4037
766,4042
766,4054
766,4086
766,4095
766,4097
766,4109
766,4154
766,4185
766,4194
766,4223
766,4230
766,4253
766,4269
766,4289
766,4324
766,4358
766,4398
766,4438
766,4562
766,4672
766,4680
766,4735
766,4790
766,4851
766,4874
766,4890
766,4902
766,4904
766,4946
766,4985
766,4987
766,5015
766,5022
766,5080
766,5097
766,5098
766,5111
766,5125
766,5150
766,5166
766,5212
766,5213
766,5273
766,5280
766,5287
766,5363
766,5378
766,5455
766,5505
766,5549
766,5676
766,5732
766,5749
766,5785
766,5795
766,5865
766,5941
766,5948
766,5949
766,5987
766,5998
766,6001
766,6022
766,6027
766,6028
766,6063
766,6070
766,6098
766,6159
766,6208
766,6211
766,6235
766,6246
766,6308
766,6309
766,6331
766,6437
766,6448
766,6484
766,6531
766,6581
766,6638
766,6654
766,6770
766,6815
766,6880
766,6936
766,6992
766,7005
766,7022
766,7032
766,7054
766,7067
766,7079
766,7151
766,7171
766,7222
766,7226
766,7269
766,7278
766,7310
766,7330
766,7349
766,7370
766,7443
766,7467
766,7478
766,7480
766,7481
766,7536
766,7587
766,7603
766,7612
766,7632
766,7635
767,186
767,275
767,537
767,755
767,926
767,1696
767,1759
767,1867
767,2114
767,2147
767,2260
767,2754
767,2775
767,2822
767,2849
767,3006
767,3116
767,3346
767,3523
767,4236
767,4566
767,4666
767,4949
767,4960
767,5028
767,5465
767,5497
767,5529
767,5848
767,6091
767,6257
767,6383
767,6465
767,6502
767,6772
767,6840
767,7060
767,7118
767,7255
768,4913
768,5777
768,5787
768,5796
768,5912
769,585
769,621
769,1239
769,1359
769,2210
769,2583
769,2613
769,2741
769,3329
769,3557
769,3847
769,3911
769,4118
769,4314
769,4320
769,4482
769,4555
769,4725
769,5604
769,5971
769,6328
769,6575
769,6946
769,7039
769,7376
769,7441
769,7548
769,7579
770,446
770,813
770,1744
770,1899
770,2017
770,2198
770,2406
770,2913
770,3160
770,3713
770,3748
770,4164
770,4253
770,4680
770,5070
770,5404
770,5415
770,6353
770,6409
770,6449
770,6484
770,6702
770,6847
770,7266
770,7289
770,7573
771,62
771,308
771,583
771,748
771,1069
771,1091
771,1499
771,1572
771,1794
771,1843
771,2028
771,2055
771,2143
771,2258
771,2522
771,2577
771,2894
771,2993
771,3223
771,3330
771,3421
771,3513
771,3607
771,3691
771,3871
771,3887
771,3959
771,4037
771,4223
771,4343
771,4349
771,4493
771,4890
771,5280
771,5749
771,5893
771,5957
771,5998
771,6581
771,6677
771,7067
771,7171
771,7222
771,7269
771,7478
771,7480
771,7603
772,903
772,1218
772,1798
772,2290
772,3734
772,4420
772,4952
772,6802
772,6810
772,7535
773,884
773,2251
773,2647
773,3041
773,3127
773,3231
773,3375
773,3494
773,4925
773,5184
773,5421
773,5877
773,6090
773,6130
773,6290
773,6550
773,6635
773,6806
773,6860
773,7037
773,7355
773,7460
773,7565
774,42
774,89
774,309
774,369
774,400
774,484
774,593
774,1024
774,1058
774,1100
774,1152
774,1178
774,1280
774,1415
774,1421
774,1447
774,1513
774,1548
774,1738
774,1744
774,1796
774,1798
774,1838
774,1899
774,1999
774,2198
774,2239
774,2336
774,2553
774,2615
774,3051
774,3105
774,3152
774,3185
774,3380
774,3578
774,3623
774,3856
774,4071
774,4156
774,4347
774,4352
774,4388
774,4522
774,4531
774,4578
774,4608
774,4641
774,4669
774,4680
774,4768
774,4805
774,4934
774,5006
774,5013
774,5132
774,5139
774,5234
774,5255
774,5372
774,5404
774,5493
774,5669
774,5799
774,5881
774,5903
774,6215
774,6400
774,6414
774,6449
774,6551
774,6669
774,6678
774,6702
774,6990
774,7170
774,7276
774,7280
774,7395
774,7428
774,7464
774,7477
774,7607
775,526
775,6569
776,235
776,552
776,576
776,1069
776,1414
776,1453
776,1575
776,1642
776,2129
776,2198
776,2239
776,2370
776,2461
776,2738
776,2798
776,3114
776,3183
776,3578
776,3748
776,4054
776,4376
776,4714
776,5194
776,5304
776,5404
776,5641
776,5881
776,6047
776,7553
777,808
777,1418
777,2143
777,2375
777,3559
777,3784
777,4320
777,4609
777,4889
777,5378
777,5664
777,5739
777,6219
777,6328
777,6466
777,7077
778,166
778,420
778,520
778,1537
778,2454
778,3084
778,4292
778,5581
778,5824
778,5927
778,6130
778,6173
778,6362
778,6598
778,7055
779,38
779,453
779,569
779,749
779,1309
779,1459
779,1706
779,1743
779,2189
779,2552
779,3023
779,3032
779,3570
779,3598
779,5491
779,5662
779,6275
779,6602
779,6965
779,7368
780,258
780,259
780,304
780,359
780,593
780,659
780,766
780,836
780,905
780,1058
780,1106
780,1226
780,1249
780,1349
780,1399
780,1453
780,1472
780,1524
780,1540
780,1999
780,2198
780,2239
780,2571
780,2627
780,3226
780,3532
780,3659
780,3683
780,3721
780,3748
780,3890
780,3912
780,4164
780,4243
780,4376
780,4384
780,4616
780,4642
780,4662
780,4680
780,4952
780,4983
780,5132
780,5195
780,5201
780,5372
780,5376
780,5404
780,5707
780,6022
780,6024
780,6077
780,6082
780,6098
780,6313
780,6331
780,6409
780,6468
780,6545
780,6588
780,6702
780,6707
780,6723
780,6887
780,7071
780,7079
780,7280
780,7296
780,7344
780,7395
780,7510
780,7592
781,158
781,1053
781,1213
781,1411
781,2054
781,2321
781,2504
781,3057
781,3315
781,4363
781,5395
781,5599
781,6871
781,7378
782,147
782,481
782,561
782,578
782,688
782,746
782,1223
782,1646
782,2395
782,2499
782,2843
782,3211
782,3255
782,3733
782,4151
782,4191
782,4244
782,4353
782,4564
782,4663
782,4884
782,5072
782,5230
782,5489
782,5737
782,5896
782,5974
782,6222
782,6229
782,6311
782,6488
782,6609
782,6625
782,6924
782,7015
782,7218
782,7324
782,7383
782,7463
782,7598
783,1162
783,1824
783,3143
783,3494
783,4088
783,4292
783,5127
783,5283
783,5884
783,5973
783,6130
783,6206
783,6855
783,7001
783,7282
784,331
784,523
784,766
784,1026
784,1058
784,1062
784,1176
784,1359
784,2253
784,2587
784,3019
784,3223
784,3557
784,3982
784,4067
784,4376
784,4805
784,5101
784,5301
784,5506
784,5550
784,5559
784,5604
784,5947
784,6952
784,6954
784,6994
784,7448
785,5
785,456
785,499
785,526
785,584
785,728
785,956
785,1058
785,1196
785,1291
785,1493
785,1739
785,1810
785,1926
785,2170
785,2198
785,2215
785,2525
785,2536
785,2567
785,2626
785,2703
785,3134
785,3246
785,3270
785,3469
785,3559
785,4067
785,4503
785,4805
785,5111
785,5132
785,5170
785,5174
785,6118
785,6547
785,6565
785,6630
785,6707
785,6909
785,7077
785,7147
785,7240
786,328
786,442
786,661
786,972
786,1016
786,1630
786,1696
786,1759
786,1766
786,1864
786,1969
786,1983
786,2037
786,2114
786,2260
786,2281
786,2327
786,2357
786,3090
786,3167
786,3291
786,3528
786,3840
786,4300
786,4666
786,4751
786,4819
786,5529
786,6104
786,6164
786,6502
786,6679
786,6772
786,6956
786,7255
786,7566
787,328
787,412
787,570
787,806
787,828
787,882
787,1391
787,1531
787,1696
787,1734
787,1759
787,1827
787,1849
787,1947
787,1969
787,1972
787,2090
787,2134
787,2260
787,2324
787,2622
787,2822
787,3305
787,3529
787,3543
787,3565
787,3597
787,4038
787,4056
787,4312
787,4467
787,4548
787,4603
787,4666
787,4739
787,4960
787,5245
787,5257
787,5448
787,5512
787,5602
787,5706
787,5848
787,6046
787,6143
787,6164
787,6250
787,6793
787,7272
787,7555
788,2292
788,5586
788,5738
788,6144
788,6873
789,69
789,85
789,201
789,260
789,446
789,527
789,552
789,593
789,657
789,726
789,836
789,904
789,939
789,955
789,973
789,1058
789,1249
789,1268
789,1293
789,1330
789,1368
789,1370
789,1378
789,1414
789,1453
789,1478
789,1524
789,1621
789,1624
789,1668
789,1705
789,1711
789,1775
789,1840
789,1996
789,2033
789,2106
789,2120
789,2194
789,2198
789,2207
789,2215
789,2320
789,2377
789,2587
789,2600
789,2617
789,2657
789,2744
789,2765
789,2770
789,2855
789,2911
789,3025
789,3183
789,3185
789,3225
789,3264
789,3297
789,3311
789,3370
789,3377
789,3408
789,3476
789,3502
789,3538
789,3659
789,3693
789,3748
789,3758
789,3895
789,4067
789,4164
789,4177
789,4184
789,4253
789,4286
789,4313
789,4376
789,4384
789,4466
789,4469
789,4535
789,4553
789,4680
789,4865
789,4871
789,5194
789,5222
789,5258
789,5278
789,5296
789,5404
789,5490
789,5507
789,5623
789,5707
789,5714
789,5730
789,5740
789,5816
789,5839
789,5859
789,5952
789,5975
789,6242
789,6284
789,6303
789,6335
789,6400
789,6449
789,6468
789,6510
789,6537
789,6551
789,6618
789,6640
789,6702
789,6760
789,6848
789,6933
789,6961
789,6984
789,7147
789,7212
789,7252
789,7296
789,7331
789,7465
789,7525
789,7535
789,7582
790,7049
791,53
791,199
791,365
791,1251
791,1681
791,1936
791,2293
791,2379
791,3227
791,3244
791,3437
791,3872
791,3960
791,4089
791,4106
791,4232
791,4305
791,4646
791,4689
791,4810
791,4906
791,5043
791,5337
791,5382
791,5970
791,6433
791,6523
791,6549
791,6585
791,7081
791,7155
791,7586
791,7641
792,68
792,348
792,354
792,396
792,416
792,452
792,547
792,594
792,635
792,823
792,929
792,1147
792,1201
792,1203
792,1231
792,1265
792,1307
792,1366
792,1462
792,1542
792,1605
792,1837
792,1968
792,1971
792,2203
792,2276
792,2278
792,2403
792,2578
792,2580
792,2642
792,2696
792,2716
792,2846
792,2858
792,2919
792,2937
792,3055
792,3286
792,3301
792,3402
792,3522
792,3943
792,4036
792,4119
792,4139
792,4166
792,4444
792,4481
792,4547
792,4550
792,4927
792,4977
792,5021
792,5055
792,5149
792,5196
792,5233
792,5246
792,5590
792,5712
792,6011
792,6158
792,6375
792,6455
792,6659
792,6833
792,6863
792,6883
792,6938
792,6943
792,7028
792,7148
792,7301
792,7533
792,7567
792,7625
793,3190
793,3515
793,4067
793,4097
793,7330
794,22
794,273
794,554
794,557
794,995
794,1079
794,1656
794,1772
794,2240
794,2654
794,2757
794,3376
794,3741
794,3892
794,3924
794,4008
794,4143
794,4280
794,4426
794,4673
794,5686
794,5754
794,6653
794,6874
794,7504
794,7565
795,85
795,240
795,260
795,304
795,369
795,593
795,1011
795,1210
795,1268
795,1284
795,1293
795,1330
795,1368
795,1415
795,1453
795,1478
795,1798
795,2039
795,2106
795,2128
795,2370
795,2377
795,2571
795,2911
795,3183
795,3185
795,3311
795,3408
795,3538
795,3895
795,3926
795,3954
795,4080
795,4184
795,4233
795,4303
795,4376
795,4384
795,4806
795,4864
795,4952
795,5139
795,5296
795,5507
795,5531
795,5641
795,5707
795,5730
795,5816
795,5975
795,6414
795,6492
795,6537
795,6551
795,6618
795,6646
795,6702
795,6707
795,6760
795,6971
795,7071
795,7085
795,7269
795,7280
795,7464
795,7465
795,7487
795,7535
795,7568
795,7580
796,128
796,252
796,564
796,908
796,1358
796,1550
796,2094
796,2378
796,3478
796,4277
796,4327
796,4384
796,4882
796,5486
796,5636
796,7094
797,284
797,1073
797,2420
797,3238
797,3465
797,3526
797,3596
797,4101
797,4856
798,437
798,608
798,1135
798,1405
798,1606
798,1793
798,2085
798,2297
798,2466
798,2851
798,2942
798,3033
798,3200
798,3414
798,3537
798,4299
798,4321
798,4370
798,4401
798,4794
798,5683
798,6080
798,6150
798,6456
798,6529
798,6727
798,6809
798,6862
798,6875
798,6903
798,7082
798,7138
798,7185
798,7199
798,7327
798,7429
799,44
799,238
799,348
799,354
799,396
799,406
799,452
799,546
799,547
799,565
799,574
799,594
799,624
799,823
799,929
799,1025
799,1033
799,1147
799,1201
799,1203
799,1208
799,1231
799,1265
799,1342
799,1366
799,1369
799,1384
799,1398
799,1407
799,1462
799,1542
799,1576
799,1713
799,1754
799,1779
799,1837
799,1844
799,1886
799,1968
799,1971
799,2020
799,2029
799,2105
799,2278
799,2403
799,2466
799,2578
799,2580
799,2642
799,2687
799,2692
799,2802
799,2841
799,2846
799,2858
799,2934
799,3029
799,3055
799,3110
799,3200
799,3338
799,3402
799,3505
799,3517
799,3522
799,3556
799,3611
799,3769
799,3790
799,3943
799,4011
799,4036
799,4059
799,4119
799,4132
799,4139
799,4166
799,4319
799,4396
799,4444
799,4481
799,4547
799,4977
799,5023
799,5055
799,5073
799,5112
799,5149
799,5196
799,5233
799,5246
799,5590
799,5621
799,5695
799,5712
799,5766
799,5891
799,6011
799,6158
799,6292
799,6498
799,6659
799,6697
799,6710
799,6798
799,6883
799,6932
799,6938
799,6943
799,6949
799,6963
799,7002
799,7028
799,7040
799,7148
799,7199
799,7301
799,7350
799,7625
800,23
800,61
800,89
800,258
800,260
800,269
800,593
800,732
800,1744
800,1899
800,1961
800,2198
800,2239
800,2484
800,2541
800,2571
800,2661
800,3277
800,3859
800,3987
800,4522
800,4578
800,4591
800,4641
800,5050
800,5214
800,5404
800,5797
800,6077
800,6678
800,6702
800,6887
800,6921
800,7071
800,7097
800,7247
800,7395
800,7607
801,189
801,275
801,316
801,328
801,517
801,828
801,1122
801,1391
801,1504
801,1505
801,1685
801,1696
801,1717
801,1759
801,1849
801,1969
801,1972
801,2090
801,2114
801,2147
801,2260
801,2281
801,2327
801,2622
801,2635
801,2754
801,2768
801,3272
801,3305
801,3324
801,3597
801,4142
801,4614
801,4666
801,4739
801,4881
801,5245
801,5409
801,5448
801,5828
801,5848
801,6164
801,6212
801,6391
801,6534
801,6772
801,6842
801,7272
801,7366
802,456
802,1280
803,162
803,229
803,305
803,358
803,582
803,1453
803,1524
803,1551
803,1561
803,1689
803,1707
803,1896
803,1922
803,1959
803,2198
803,2239
803,2363
803,2406
803,2751
803,3022
803,3049
803,3070
803,3224
803,3277
803,3359
803,3419
803,3670
803,3698
803,4015
803,4055
803,4080
803,4294
803,4376
803,4433
803,4670
803,4746
803,4805
803,4900
803,4946
803,5056
803,5132
803,5146
803,5305
803,5385
803,5398
803,5404
803,5420
803,5467
803,5531
803,5608
803,5614
803,5667
803,5772
803,5833
803,6069
803,6078
803,6105
803,6157
803,6282
803,6411
803,6494
803,6828
803,7127
803,7196
803,7305
803,7395
804,835
804,1084
804,1241
804,1448
804,1795
804,1979
804,2425
804,3480
804,3839
804,4376
804,4503
804,4670
804,4805
804,5574
804,7142
804,7307
804,7584
804,7587
805,268
805,280
805,577
805,2769
805,3360
805,3813
805,3852
805,4520
805,4969
805,5134
805,5394
805,6469
805,6514
805,6595
805,6698
805,6925
805,7034
806,328
806,570
806,749
806,787
806,828
806,882
806,1391
806,1531
806,1583
806,1648
806,1696
806,1759
806,1849
806,1947
806,1969
806,2090
806,2103
806,2134
806,2260
806,2324
806,2622
806,2635
806,3543
806,3565
806,3597
806,3663
806,4056
806,4467
806,4603
806,4739
806,4881
806,5448
806,5602
806,5706
806,5848
806,6046
806,6143
806,6164
806,6212
806,6793
806,7555
807,643
807,1029
807,1134
807,1359
807,1750
807,1932
807,1950
807,2214
807,2218
807,2629
807,3496
807,3674
807,4518
807,4922
807,5014
807,5422
807,5506
807,5630
807,5680
807,6244
807,6245
807,6460
807,6536
807,6836
807,7045
807,7360
808,212
808,352
808,526
808,777
808,867
808,1196
808,1287
808,1291
808,1521
808,1810
808,2059
808,2205
808,2215
808,2376
808,2536
808,2626
808,2655
808,3134
808,3296
808,3469
808,3506
808,3559
808,3725
808,4067
808,4069
808,4634
808,5063
808,5170
808,5174
808,5234
808,5556
808,5739
808,6408
808,6458
808,6512
808,6569
808,6630
808,6909
808,7077
808,7131
808,7322
808,7512
808,7608
809,352
809,526
809,600
809,2026
809,2111
809,2175
809,2198
809,2376
809,2461
809,2558
809,2798
809,3049
809,3469
809,3510
809,3856
809,4263
809,4376
809,4541
809,4805
809,5312
809,5739
809,6170
809,6569
809,6909
809,7250
810,731
810,1268
810,1368
810,1415
810,1478
810,2194
810,2320
810,2377
810,2406
810,2765
810,2911
810,3183
810,3538
810,3693
810,3748
810,3882
810,3926
810,3970
810,3996
810,4164
810,4376
810,4384
810,4408
810,4570
810,4806
810,4865
810,4919
810,4952
810,5296
810,5404
810,5649
810,5707
810,5816
810,5975
810,6216
810,6510
810,7289
810,7369
810,7525
810,7582
810,7612
811,258
811,260
811,261
811,304
811,319
811,593
811,659
811,732
811,1018
811,1152
811,1350
811,1357
811,1671
811,1723
811,1838
811,1899
811,2030
811,2039
811,2102
811,2106
811,2198
811,2239
811,2380
811,2406
811,2571
811,2586
811,2661
811,2765
811,2832
811,3049
811,3185
811,3428
811,3693
811,3799
811,3946
811,4127
811,4164
811,4210
811,4217
811,4376
811,4463
811,4522
811,4641
811,4670
811,4680
811,4805
811,5013
811,5037
811,5050
811,5070
811,5132
811,5160
811,5199
811,5251
811,5255
811,5286
811,5330
811,5365
811,5399
811,5404
811,5441
811,5493
811,5518
811,5584
811,5679
811,5734
811,5797
811,5799
811,5881
811,6024
811,6135
811,6284
811,6449
811,6551
811,6673
811,6678
811,6702
811,6787
811,6850
811,6921
811,6968
811,7003
811,7021
811,7067
811,7097
811,7164
811,7346
811,7395
811,7572
811,7607
812,481
812,561
812,744
812,837
812,855
812,1086
812,1096
812,1622
812,1889
812,1944
812,2658
812,3180
812,3733
812,3904
812,4244
812,4397
812,4411
812,4487
812,4498
812,4607
812,4663
812,5750
812,5784
812,6103
812,6106
812,6488
812,6829
812,7383
813,69
813,192
813,225
813,260
813,593
813,626
813,770
813,1058
813,1113
813,1152
813,1210
813,1284
813,1330
813,1357
813,1370
813,1414
813,1415
813,1453
813,1634
813,1671
813,1712
813,1798
813,1847
813,1899
813,1999
813,2030
813,2039
813,2198
813,2239
813,2370
813,2377
813,2571
813,2981
813,3050
813,3183
813,3226
813,3538
813,3758
813,3895
813,4164
813,4376
813,4384
813,4538
813,4556
813,4680
813,4805
813,4806
813,5037
813,5070
813,5132
813,5234
813,5404
813,5641
813,5732
813,5816
813,5881
813,6024
813,6140
813,6313
813,6551
813,6649
813,6673
813,6702
813,6774
813,7003
813,7280
813,7296
813,7395
813,7572
813,7597
813,7607
814,505
814,593
814,1113
814,1584
814,1798
814,1836
814,2106
814,2198
814,2380
814,2406
814,2553
814,3093
814,4213
814,4384
814,4641
814,4680
814,5707
814,6461
814,6551
814,6673
814,6702
814,6971
814,7071
814,7464
814,7477
814,7535
814,7568
815,130
815,2394
815,2726
815,3569
815,3879
815,6199
815,6286
815,6550
816,383
816,593
816,1798
816,2106
816,2198
816,3123
816,5442
817,120
817,884
817,1065
817,1234
817,1567
817,1762
817,2196
817,3258
817,3684
817,3988
817,5515
817,5827
817,5934
817,6130
817,6173
817,6396
817,6423
817,6993
818,89
818,319
818,446
818,633
818,1206
818,1763
818,2198
818,2239
818,4156
818,4243
818,4380
818,4388
818,5797
818,6414
818,6702
818,7097
818,7150
819,222
819,1326
819,1400
819,1841
819,2456
819,3431
819,4611
819,4647
819,5815
819,7388
819,7500
820,1454
820,2379
820,2870
820,4089
820,4906
821,1667
821,1790
821,3115
821,3203
821,3295
821,4376
821,4805
821,5068
821,6584
821,7467
822,128
822,564
822,2027
822,2094
822,3067
822,3418
822,4327
822,7393
823,281
823,348
823,354
823,452
823,547
823,594
823,624
823,792
823,799
823,929
823,1025
823,1147
823,1168
823,1201
823,1203
823,1208
823,1231
823,1265
823,1366
823,1462
823,1542
823,1571
823,1837
823,1968
823,1971
823,2203
823,2278
823,2403
823,2578
823,2580
823,2642
823,2841
823,2858
823,3055
823,3110
823,3338
823,3402
823,3522
823,3943
823,4036
823,4119
823,4132
823,4139
823,4166
823,4396
823,4481
823,4977
823,5021
823,5055
823,5073
823,5087
823,5149
823,5193
823,5196
823,5233
823,5246
823,5712
823,5766
823,6011
823,6158
823,6375
823,6498
823,6659
823,6697
823,6710
823,6863
823,6883
823,6938
823,6943
823,6949
823,7028
823,7301
823,7533
823,7625
824,932
824,1021
824,1115
824,1262
824,1724
824,1737
824,2318
824,2388
824,2528
824,2949
824,3231
824,3879
824,4237
824,4399
824,4861
824,5131
824,5410
824,5439
824,5611
824,6138
824,6268
824,6347
824,6550
824,6622
824,7264
824,7460
825,842
825,1865
825,3652
825,3940
825,4052
825,5431
825,6218
825,7515
826,361
826,440
826,873
826,2252
826,3208
826,6304
826,7329
827,241
827,347
827,545
827,1051
827,1691
827,2051
827,2539
827,4587
827,4875
827,4907
827,5238
827,5746
827,5838
827,6072
827,6429
827,7026
827,7386
828,275
828,328
828,442
828,516
828,556
828,570
828,749
828,787
828,801
828,806
828,882
828,909
828,1016
828,1037
828,1360
828,1391
828,1428
828,1583
828,1609
828,1696
828,1759
828,1766
828,2090
828,2103
828,2134
828,2147
828,2189
828,2260
828,2446
828,2596
828,2635
828,2717
828,2768
828,3099
828,3305
828,3316
828,3324
828,3346
828,3543
828,3565
828,3597
828,3640
828,3649
828,3663
828,3714
828,3722
828,3820
828,3840
828,4034
828,4048
828,4070
828,4142
828,4236
828,4245
828,4312
828,4412
828,4504
828,4548
828,4554
828,4614
828,4704
828,4739
828,4759
828,4881
828,4938
828,4960
828,4972
828,5045
828,5069
828,5164
828,5409
828,5448
828,5529
828,5540
828,5602
828,5692
828,5706
828,5753
828,5828
828,5848
828,5856
828,5906
828,6007
828,6164
828,6212
828,6416
828,6532
828,6534
828,6670
828,6765
828,6771
828,6772
828,6842
828,7060
828,7061
828,7073
828,7241
828,7348
828,7555
829,301
829,430
829,514
829,1080
829,1188
829,2127
829,2155
829,2169
829,2223
829,2288
829,2570
829,2863
829,2918
829,3260
829,3265
829,3358
829,3595
829,3793
829,3809
829,3855
829,4094
829,4486
829,4532
829,4617
829,4762
829,4799
829,4869
829,4913
829,5574
829,5635
829,5771
829,5796
829,5912
829,6058
829,6724
829,6914
829,7624
830,2840
830,7508
831,1058
831,1210
831,2198
831,3895
831,4376
831,5037
831,5132
831,5714
831,7280
831,7330
832,1176
832,2175
832,2558
832,2798
832,3049
832,3115
832,4805
832,5063
832,5312
832,7638
833,2653
833,2817
833,3812
833,3896
833,4067
833,4273
833,7047
834,40
834,143
834,456
834,881
834,1185
834,1347
834,1904
834,2113
834,2298
834,2415
834,2626
834,2678
834,2795
834,2871
834,3339
834,3888
834,3983
834,4031
834,4173
834,4294
834,4301
834,4373
834,4386
834,4522
834,4940
834,4991
834,5022
834,5317
834,5376
834,5433
834,5661
834,5993
834,6210
834,6369
834,6683
834,7032
834,7365
834,7526
835,28
835,264
835,528
835,579
835,675
835,723
835,764
835,804
835,954
835,1007
835,1046
835,1153
835,1321
835,1413
835,1417
835,1514
835,1517
835,1520
835,1589
835,1660
835,1753
835,1769
835,1813
835,1829
835,1875
835,1887
835,1915
835,1929
835,1956
835,1979
835,2005
835,2066
835,2247
835,2287
835,2317
835,2345
835,2356
835,2368
835,2372
835,2494
835,2502
835,2553
835,2559
835,2563
835,2634
835,2706
835,2816
835,2907
835,2950
835,3049
835,3103
835,3249
835,3273
835,3295
835,3331
835,3381
835,3433
835,3469
835,3509
835,3545
835,3578
835,3612
835,3623
835,3817
835,3886
835,4039
835,4160
835,4218
835,4344
835,4573
835,4601
835,4670
835,4685
835,4693
835,4790
835,4805
835,4820
835,4832
835,4835
835,4863
835,4967
835,5052
835,5079
835,5142
835,5144
835,5155
835,5213
835,5215
835,5234
835,5307
835,5343
835,5447
835,5484
835,5620
835,5635
835,5652
835,5667
835,5781
835,5865
835,5880
835,5889
835,5924
835,5981
835,6101
835,6166
835,6172
835,6189
835,6325
835,6382
835,6470
835,6570
835,6703
835,6720
835,6880
835,6929
835,6945
835,6960
835,6976
835,7106
835,7164
835,7262
835,7266
835,7300
835,7467
835,7518
835,7560
836,27
836,42
836,260
836,304
836,446
836,552
836,593
836,727
836,731
836,780
836,789
836,1058
836,1113
836,1178
836,1268
836,1399
836,1453
836,1521
836,1690
836,1744
836,1796
836,1798
836,2115
836,2198
836,2239
836,2370
836,2406
836,2801
836,2970
836,3049
836,3279
836,3359
836,3748
836,4080
836,4086
836,4091
836,4164
836,4253
836,4376
836,4384
836,4556
836,4669
836,4805
836,4806
836,5042
836,5070
836,5296
836,5372
836,5404
836,5412
836,5641
836,5649
836,5707
836,5740
836,5816
836,5937
836,5982
836,6354
836,6409
836,6414
836,6464
836,6702
836,6707
836,7166
836,7280
836,7337
836,7353
836,7369
836,7535
836,7582
836,7607
837,444
837,481
837,663
837,671
837,679
837,812
837,855
837,992
837,1086
837,1096
837,1223
837,1365
837,1466
837,1477
837,1509
837,1529
837,1562
837,1622
837,1637
837,1683
837,1889
837,1917
837,1944
837,2073
837,2259
837,2468
837,2491
837,2499
837,2786
837,2827
837,2873
837,2926
837,2983
837,3211
837,3255
837,3393
837,3411
837,3435
837,3449
837,3452
837,3733
837,3984
837,4081
837,4123
837,4244
837,4310
837,4423
837,4478
837,4485
837,4487
837,4494
837,4498
837,4524
837,4604
837,4607
837,4663
837,4681
837,4873
837,5038
837,5270
837,5345
837,5609
837,5737
837,5750
837,5784
837,5896
837,6083
837,6092
837,6103
837,6488
837,6508
837,6829
837,6972
837,7012
837,7024
837,7110
837,7263
837,7361
837,7426
837,7444
837,7490
838,25
838,702
838,925
838,949
838,2787
838,3325
838,3699
838,3899
838,4686
838,5964
838,6414
838,6902
838,6940
839,20
839,92
839,119
839,985
839,1189
839,1959
839,2205
839,2239
839,2600
839,3341
839,3359
839,3748
839,4076
839,4080
839,4157
839,4356
839,4376
839,4724
839,5222
839,5412
839,5464
839,5490
839,5650
839,6039
839,6579
840,82
840,2424
840,2582
840,3308
840,3432
840,4678
840,6013
840,6056
840,6238
840,6708
841,69
841,85
841,260
841,305
841,593
841,904
841,1058
841,1113
841,1210
841,1368
841,1415
841,1453
841,1575
841,1621
841,1663
841,1747
841,1908
841,2060
841,2198
841,2370
841,2377
841,2571
841,2848
841,3177
841,3311
841,3370
841,3403
841,3693
841,3748
841,3895
841,3996
841,4054
841,4067
841,4080
841,4113
841,4164
841,4376
841,4384
841,4466
841,4578
841,5070
841,5132
841,5251
841,5286
841,5296
841,5404
841,5641
841,5707
841,5816
841,5881
841,6047
841,6540
841,6551
841,6702
841,6707
841,6848
841,6992
841,7067
841,7085
841,7280
841,7464
841,7535
841,7568
841,7572
841,7582
842,825
842,1694
842,1865
842,2022
842,2050
842,2503
842,2737
842,3652
842,4052
842,4175
842,4298
842,4575
842,4901
842,5431
842,5831
842,6218
842,6858
842,7515
842,7642
842,7645
843,92
843,2586
843,2959
843,3171
843,3359
843,3591
843,3891
843,4422
844,1593
844,2792
844,4457
844,4931
845,531
845,3094
845,4275
845,5434
845,6573
845,7620
846,246
846,316
846,331
846,462
846,585
846,980
846,1032
846,1036
846,1297
846,1669
846,1764
846,1893
846,2000
846,2462
846,2695
846,3313
846,3531
846,3631
846,3952
846,4173
846,4178
846,4320
846,4362
846,4407
846,4725
846,4757
846,5535
846,5630
846,5907
846,5992
846,6263
846,6293
846,6298
846,6328
846,6370
846,6619
846,6868
846,6967
846,7039
846,7153
846,7191
846,7375
846,7412
846,7558
846,7576
846,7590
847,456
847,1058
847,1241
847,1343
847,1795
847,2198
847,2287
847,2368
847,2372
847,2400
847,3049
847,3295
847,3381
847,3578
847,3856
847,4376
847,4438
847,4670
847,4805
847,5620
847,5664
847,5880
847,5981
847,6354
847,7467
847,7481
847,7587
848,1280
848,2250
848,2609
848,3825
848,4038
848,7457
849,309
849,593
849,1744
849,1899
849,1999
849,2198
849,2336
849,3105
849,3623
849,4347
849,4895
849,4954
849,5881
849,6702
849,7464
850,236
850,749
850,879
850,914
850,1282
850,1396
850,1412
850,1977
850,2187
850,2419
850,2508
850,2596
850,2728
850,2975
850,3099
850,4070
850,4264
850,4667
850,5045
850,5465
850,5753
850,5849
850,5906
850,6007
850,6010
850,6250
850,6363
850,6442
850,6931
850,7073
850,7122
850,7238
851,195
851,751
851,988
851,4152
851,4959
851,5843
851,6572
852,246
852,707
852,1246
852,2314
852,2612
852,3026
852,3521
852,3650
852,3952
852,4320
852,4362
852,4376
852,5301
852,5417
852,5743
852,6193
852,6851
852,7153
853,399
853,1053
853,2046
853,2321
853,3420
853,3536
853,3811
853,5161
853,5600
853,6380
853,6894
854,1058
854,1415
854,1621
854,1798
854,1959
854,2198
854,4164
854,4376
854,4384
854,5816
855,179
855,481
855,663
855,679
855,744
855,812
855,837
855,1096
855,1622
855,1889
855,1892
855,2067
855,2238
855,2352
855,2926
855,3180
855,3487
855,3584
855,3733
855,3904
855,3938
855,4244
855,4411
855,4459
855,4475
855,4485
855,4498
855,4663
855,4968
855,5038
855,5383
855,6106
855,6488
855,6829
855,7012
855,7033
855,7263
855,7383
855,7462
855,7489
856,1
856,881
856,1066
856,1904
856,2113
856,2611
856,2809
856,3275
856,3503
856,4735
856,4987
856,7128
856,7359
857,1249
857,1798
857,2198
857,3311
857,3502
857,4421
857,4983
857,5132
857,5381
857,7036
857,7353
858,495
858,766
858,1007
858,1103
858,1337
858,2125
858,2198
858,2239
858,3578
858,4831
858,5180
858,5234
858,5455
858,6246
858,7467
859,676
859,1109
859,2477
859,2749
859,6433
860,705
860,1938
860,2901
860,3359
860,4302
860,4904
860,6828
861,1189
861,1566
861,1572
861,2028
861,2625
861,3866
861,5386
861,6675
862,487
862,1525
862,1961
862,2998
862,3386
862,3507
862,3600
862,4187
862,4440
862,5156
862,6783
863,260
863,293
863,304
863,593
863,1492
863,1524
863,1561
863,1798
863,1999
863,2039
863,2198
863,2239
863,2586
863,2614
863,2668
863,3070
863,3359
863,3428
863,4376
863,4682
863,4737
863,4768
863,4806
863,5372
863,5404
863,5952
863,5955
863,6551
863,6646
863,6702
863,6704
863,7003
863,7320
863,7395
863,7628
864,1188
864,2155
864,2355
864,2570
864,2834
864,2863
864,2879
864,3407
864,3595
864,3855
864,4040
864,4094
864,4532
864,4913
864,5771
864,5775
864,6058
864,6386
864,6856
864,7084
865,593
865,1330
865,2198
865,2913
865,3226
865,4210
865,4296
865,4680
865,5132
865,6414
865,6702
865,6731
866,1238
866,7281
867,91
867,614
867,655
867,808
867,953
867,975
867,1418
867,1532
867,1673
867,2059
867,2143
867,2522
867,2664
867,3010
867,3098
867,3270
867,3296
867,3492
867,3520
867,3559
867,3695
867,3784
867,3855
867,3920
867,3927
867,5171
867,5174
867,5234
867,5378
867,5795
867,5941
867,5943
867,6098
867,7370
867,7387
867,7452
867,7623
867,7635
868,258
868,359
868,374
868,562
868,593
868,659
868,1186
868,1467
868,1492
868,2030
868,2123
868,2198
868,2206
868,2380
868,2661
868,2916
868,3221
868,3373
868,3547
868,3623
868,3748
868,3768
868,4211
868,4243
868,4253
868,4380
868,4591
868,4682
868,4946
868,5199
868,5372
868,5518
868,5584
868,5679
868,5734
868,5797
868,5853
868,6024
868,6381
868,6414
868,6492
868,6526
868,6596
868,6787
868,6887
868,6907
868,6930
868,7097
868,7294
869,85
869,98
869,260
869,304
869,345
869,369
869,593
869,951
869,1058
869,1067
869,1415
869,1431
869,1485
869,1592
869,1663
869,1668
869,1798
869,1833
869,1842
869,2115
869,2128
869,2198
869,2339
869,2521
869,2571
869,2981
869,3347
869,3459
869,3646
869,3693
869,3748
869,4158
869,4164
869,4210
869,4376
869,4384
869,4385
869,4465
869,4608
869,4616
869,4670
869,4787
869,4806
869,5070
869,5195
869,5404
869,5415
869,5612
869,5707
869,5740
869,5816
869,5881
869,5955
869,5976
869,6039
869,6354
869,6492
869,6551
869,7003
869,7071
869,7166
869,7296
869,7395
869,7572
870,2601
871,332
871,557
871,1244
871,1446
871,1804
871,2168
871,2426
871,2443
871,2756
871,2813
871,3064
871,3127
871,3424
871,3560
871,3924
871,3997
871,4143
871,4181
871,4226
871,4557
871,4802
871,4899
871,5034
871,5094
871,5266
871,5444
871,5959
871,6130
871,6623
871,6652
871,6653
871,6712
871,7541
872,150
872,373
872,545
872,650
872,873
872,1026
872,1051
872,1057
872,1075
872,1280
872,1429
872,1534
872,2034
872,2074
872,2094
872,2136
872,2315
872,2585
872,2606
872,2875
872,3186
872,3327
872,3354
872,3534
872,3622
872,3638
872,3746
872,3993
872,4239
872,4328
872,4346
872,4533
872,4805
872,4906
872,5026
872,5177
872,5314
872,5358
872,5466
872,5583
872,5723
872,5841
872,6005
872,6187
872,6241
872,6429
872,6606
872,6991
872,7329
872,7442
872,7482
872,7613
873,67
873,101
873,200
873,268
873,282
873,361
873,440
873,826
873,872
873,1441
873,1856
873,2025
873,2136
873,2367
873,2619
873,2662
873,3208
873,3630
873,4135
873,4665
873,4793
873,4939
873,5322
873,5991
873,6065
873,6304
873,6436
873,6694
873,7132
873,7329
873,7427
874,1876
874,2587
874,2958
874,4595
874,4805
875,226
875,259
875,590
875,881
875,1377
875,1776
875,2171
875,2743
875,3277
875,3532
875,3983
875,4154
875,4406
875,4522
875,4987
875,6063
875,6447
875,6578
875,6588
875,6775
875,6803
875,7290
875,7330
875,7344
875,7510
876,1637
876,4663
877,972
877,1221
877,1504
877,1867
877,1969
877,2037
877,2250
877,2260
877,2622
877,4666
877,6679
878,67
878,93
878,151
878,200
878,1160
878,1331
878,1381
878,1576
878,1625
878,1773
878,1964
878,1989
878,2293
878,2316
878,2662
878,2803
878,3197
878,3343
878,3396
878,3633
878,3989
878,4810
878,5440
878,5644
878,5913
878,6556
878,6817
878,6845
878,6910
878,7281
879,850
879,1282
879,1346
879,1396
879,1709
879,1900
879,1969
879,2099
879,2250
879,2419
879,2622
879,2728
879,2975
879,3099
879,3116
879,4264
879,5668
879,5849
879,5906
879,6010
879,6046
879,6679
879,7188
880,12
880,209
880,511
880,1049
880,1440
880,3156
880,3175
880,3735
880,3766
880,3953
880,4104
880,4235
880,5086
880,5684
880,6169
880,6768
880,7081
880,7620
881,39
881,48
881,75
881,92
881,211
881,248
881,259
881,339
881,372
881,456
881,490
881,551
881,601
881,606
881,680
881,766
881,834
881,856
881,875
881,964
881,1034
881,1094
881,1098
881,1133
881,1212
881,1215
881,1245
881,1310
881,1315
881,1379
881,1409
881,1442
881,1495
881,1612
881,1722
881,1725
881,1831
881,1894
881,1958
881,1999
881,2021
881,2024
881,2043
881,2113
881,2198
881,2211
881,2239
881,2320
881,2332
881,2358
881,2569
881,2588
881,2610
881,2701
881,2734
881,2901
881,2905
881,3073
881,3171
881,3190
881,3194
881,3320
881,3341
881,3359
881,3515
881,3532
881,3561
881,3585
881,3607
881,3643
881,3664
881,3775
881,3870
881,3944
881,3966
881,4076
881,4097
881,4186
881,4228
881,4259
881,4376
881,4422
881,4469
881,4490
881,4626
881,4710
881,4719
881,4731
881,4822
881,4904
881,4991
881,5111
881,5132
881,5188
881,5216
881,5218
881,5263
881,5289
881,5321
881,5368
881,5375
881,5396
881,5420
881,5433
881,5452
881,5464
881,5478
881,5661
881,5674
881,5764
881,5772
881,5801
881,5864
881,6001
881,6027
881,6063
881,6301
881,6417
881,6490
881,6518
881,6617
881,6660
881,6683
881,6717
881,6737
881,6843
881,6878
881,6951
881,7007
881,7102
881,7128
881,7239
881,7323
881,7330
881,7359
881,7409
881,7556
881,7589
882,57
882,328
882,412
882,442
882,570
882,787
882,806
882,828
882,1037
882,1531
882,1732
882,1759
882,1969
882,2090
882,2114
882,2134
882,2260
882,2324
882,2622
882,2822
882,3529
882,3805
882,3874
882,4038
882,4236
882,4312
882,4467
882,4603
882,4666
882,4723
882,4739
882,4960
882,5245
882,5448
882,5706
882,6046
882,6143
882,6164
882,6552
882,7060
882,7255
882,7555
883,703
883,2239
884,166
884,315
884,355
884,420
884,595
884,667
884,699
884,709
884,741
884,745
884,773
884,817
884,1061
884,1065
884,1422
884,1455
884,1537
884,1567
884,1702
884,1762
884,1824
884,1909
884,1923
884,2064
884,2076
884,2168
884,2196
884,2333
884,2790
884,2874
884,2915
884,3030
884,3041
884,3084
884,3143
884,3258
884,3266
884,3366
884,3759
884,3774
884,3905
884,3915
884,4088
884,4145
884,4280
884,4292
884,4610
884,4615
884,4763
884,4849
884,4925
884,5011
884,5030
884,5100
884,5107
884,5153
884,5283
884,5429
884,5444
884,5515
884,5675
884,5697
884,5827
884,5867
884,5884
884,6042
884,6130
884,6173
884,6194
884,6221
884,6247
884,6419
884,6423
884,6480
884,6652
884,6653
884,6667
884,6685
884,6806
884,6855
884,6993
884,7009
884,7065
884,7282
884,7291
884,7404
884,7460
884,7461
884,7530
884,7565
885,4677
885,6711
886,83
886,1363
886,1903
886,4197
886,4613
886,5277
886,6366
886,6425
887,630
887,662
887,1503
887,1946
887,2077
887,2319
887,2436
887,2492
887,2607
887,2963
887,3229
887,3495
887,4108
887,5093
887,5260
887,5382
887,5916
887,6433
887,6768
887,7063
887,7081
887,7586
888,2180
888,2250
888,2419
888,3562
888,4265
888,5236
888,5755
888,6764
889,764
889,941
889,2669
889,3437
889,3630
889,3675
889,3894
889,4906
889,4922
889,4994
889,5506
889,5913
890,7
890,247
890,337
890,441
890,935
890,1204
890,1306
890,1460
890,1471
890,1852
890,1895
890,2180
890,2255
890,2321
890,2957
890,3048
890,3164
890,3204
890,3315
890,3371
890,3420
890,3481
890,3489
890,3730
890,3843
890,4133
890,4265
890,4639
890,4795
890,4855
890,4897
890,5147
890,5274
890,5600
890,5915
890,5977
890,5995
890,6151
890,6255
890,6525
890,6607
890,6650
890,6687
890,6891
890,6894
890,7092
891,384
891,560
891,912
891,987
891,1386
891,1992
891,2373
891,3894
891,3979
891,5210
891,5475
891,5605
891,7120
891,7435
892,212
892,898
892,1084
892,1120
892,1196
892,1493
892,1519
892,1761
892,1810
892,1919
892,1967
892,1979
892,2092
892,2258
892,2577
892,2893
892,2917
892,3062
892,3492
892,3701
892,3839
892,4617
892,4990
892,5798
892,5944
892,6569
892,6879
892,7130
892,7250
892,7307
892,7608
893,627
893,1650
893,2052
893,3300
893,3698
893,5454
894,209
894,1939
894,3352
894,3586
894,3735
894,3872
894,3953
894,4235
894,4646
894,4689
894,4786
894,5093
894,5970
894,6169
894,6768
894,7081
894,7586
894,7620
895,3429
895,3735
895,4209
895,4646
895,7620
896,600
896,631
896,669
896,2026
896,2111
896,3457
896,4456
896,5527
896,6378
896,6481
896,6493
896,6844
896,6916
896,7130
897,929
897,988
897,3283
897,3541
897,3694
898,499
898,526
898,628
898,892
898,930
898,1084
898,1241
898,1448
898,1519
898,1761
898,2092
898,2655
898,3510
898,3725
898,4503
898,4805
898,4990
898,5063
898,5170
898,5739
898,6909
898,6952
898,7077
898,7307
899,1024
899,1194
899,2556
899,2778
899,2871
899,2887
899,3243
899,3247
899,3657
899,4217
899,5234
899,5293
899,5958
899,6175
899,6343
899,6759
899,6790
899,7119
899,7398
899,7526
899,7601
900,593
900,924
900,1744
900,1899
900,2198
900,2485
900,3138
900,3422
900,5734
900,5897
900,6414
900,7215
901,398
901,618
901,688
901,1509
901,1529
901,2449
901,2491
901,2499
901,2786
901,2873
901,2983
901,3411
901,3984
901,4244
901,4524
901,4585
901,4663
901,5072
901,5345
901,5609
901,5972
901,6083
901,6168
901,6625
901,7263
901,7598
902,230
902,932
902,1375
902,1857
902,2318
902,2528
902,4237
902,4399
902,4516
902,5027
903,85
903,103
903,369
903,772
903,1011
903,1113
903,1218
903,1293
903,1453
903,1478
903,1540
903,1663
903,1735
903,1798
903,1945
903,2013
903,2040
903,2106
903,2290
903,2883
903,2911
903,3183
903,3408
903,3559
903,3734
903,3926
903,3954
903,3958
903,4080
903,4083
903,4167
903,4384
903,4420
903,4952
903,5261
903,5296
903,6487
903,6551
903,6618
903,6646
903,6707
903,6760
903,6802
903,6810
903,6906
903,7085
903,7296
903,7464
903,7535
903,7599
903,7628
904,23
904,85
904,91
904,124
904,304
904,475
904,789
904,841
904,958
904,973
904,1011
904,1067
904,1113
904,1170
904,1293
904,1453
904,1478
904,1499
904,1621
904,1790
904,2106
904,2129
904,2143
904,2320
904,2377
904,2617
904,2657
904,2763
904,2765
904,2770
904,2852
904,2886
904,2911
904,2956
904,2977
904,3025
904,3069
904,3183
904,3311
904,3312
904,3330
904,3408
904,3538
904,3672
904,3762
904,3895
904,3926
904,3948
904,3950
904,4080
904,4228
904,4269
904,4286
904,4326
904,4376
904,4384
904,4398
904,4785
904,4801
904,4952
904,5098
904,5111
904,5296
904,5350
904,5730
904,5732
904,5816
904,5881
904,5941
904,5952
904,6017
904,6335
904,6510
904,6551
904,6618
904,6760
904,6802
904,6933
904,6981
904,7067
904,7101
904,7252
904,7385
904,7446
904,7480
904,7603
904,7612
905,358
905,456
905,526
905,766
905,780
905,1185
905,1472
905,1999
905,2198
905,3269
905,3578
905,3895
905,4805
905,5132
905,5234
905,5455
905,6098
905,6409
905,6673
905,6702
905,6909
905,7096
905,7252
905,7296
906,89
906,322
906,366
906,593
906,632
906,710
906,1011
906,1018
906,1129
906,1152
906,1663
906,1738
906,1744
906,1796
906,1797
906,1885
906,2115
906,2198
906,2271
906,2541
906,2553
906,2649
906,2950
906,2981
906,3008
906,3138
906,3353
906,3623
906,3704
906,3720
906,4176
906,4531
906,4538
906,4578
906,4588
906,4641
906,4669
906,4688
906,4755
906,4805
906,5077
906,5234
906,5241
906,5365
906,5542
906,5734
906,5853
906,5881
906,5903
906,5982
906,6414
906,6678
906,6692
906,6702
906,6866
906,6978
906,7003
906,7215
906,7276
906,7440
906,7477
907,1760
907,2110
907,2465
907,2880
907,7418
908,128
908,252
908,564
908,796
908,1300
908,1358
908,1435
908,1490
908,1550
908,2044
908,2094
908,2096
908,2263
908,2378
908,2506
908,2707
908,2944
908,3067
908,3365
908,3418
908,3478
908,3484
908,3555
908,3706
908,4277
908,4327
908,4430
908,4769
908,4882
908,5118
908,5192
908,5486
908,5625
908,5636
908,6162
908,6555
908,6955
908,7094
908,7235
908,7393
909,275
909,316
909,328
909,570
909,749
909,828
909,1583
909,1609
909,1696
909,1759
909,1849
909,1969
909,2090
909,2103
909,2147
909,2250
909,2260
909,2326
909,2622
909,2946
909,4245
909,4614
909,4666
909,4739
909,4881
909,4960
909,5164
909,5250
909,5602
909,5848
909,5856
909,6212
909,6765
909,6793
909,7555
910,6368
911,5
911,283
911,352
911,526
911,587
911,728
911,936
911,956
911,1291
911,1493
911,1521
911,1739
911,1926
911,1978
911,2349
911,2525
911,2567
911,2945
911,3246
911,3270
911,3339
911,3510
911,3520
911,3784
911,3821
911,4041
911,4067
911,4301
911,4376
911,4500
911,4707
911,5132
911,5775
911,5813
911,6029
911,6067
911,6131
911,6408
911,6452
911,6522
911,6547
911,6569
911,6630
911,6668
911,6841
911,6909
911,7029
911,7054
911,7077
911,7240
911,7512
911,7608
912,197
912,384
912,454
912,891
912,987
912,1386
912,1441
912,1515
912,1629
912,1992
912,2126
912,2492
912,2680
912,3046
912,3219
912,3467
912,3675
912,3894
912,3957
912,3979
912,4779
912,4994
912,5210
912,5475
912,5605
912,7145
912,7435
913,6944
914,236
914,850
914,2975
914,4667
914,5849
914,6010
914,6250
914,6442
914,7238
915,104
915,238
915,315
915,342
915,406
915,737
915,929
915,968
915,1025
915,1033
915,1208
915,1384
915,1772
915,2020
915,2133
915,2442
915,2858
915,3029
915,3402
915,3541
915,4119
915,4204
915,4226
915,4319
915,5149
915,6111
915,6158
915,6199
915,6347
915,6963
915,7565
916,103
916,593
916,1478
916,1663
916,1798
916,1860
916,2106
916,2911
916,3183
916,3311
916,3708
916,4080
916,4083
916,4184
916,4326
916,4384
916,4952
916,5278
916,5296
916,5707
916,5881
916,6551
916,6702
916,7330
916,7395
916,7464
916,7607
917,121
917,1328
917,2554
918,454
918,524
918,1107
918,1534
918,1541
918,1687
918,1748
918,1906
918,2077
918,3244
918,4014
918,4019
918,4283
918,4628
918,4810
918,4906
918,4994
918,5185
918,5260
918,5454
918,5506
918,5713
918,5965
918,6097
918,6201
918,6232
918,6245
918,6433
918,6460
918,6501
918,6549
918,6728
918,7316
918,7639
918,7641
919,20
919,73
919,137
919,305
919,551
919,1291
919,1831
919,1910
919,2248
919,3199
919,3275
919,3427
919,3664
919,4062
919,4309
919,4427
919,4479
919,5467
919,5513
919,5650
919,6001
919,6078
919,6395
919,7445
920,28
920,48
920,72
920,94
920,105
920,262
920,306
920,403
920,526
920,536
920,579
920,756
920,966
920,1034
920,1045
920,1060
920,1111
920,1125
920,1182
920,1253
920,1280
920,1417
920,1429
920,1457
920,1579
920,1585
920,1627
920,1708
920,1744
920,1757
920,1777
920,1899
920,1911
920,1930
920,2045
920,2163
920,2198
920,2239
920,2286
920,2447
920,2740
920,2761
920,2776
920,2960
920,3035
920,3051
920,3152
920,3278
920,3512
920,3577
920,3578
920,3585
920,3849
920,3916
920,3928
920,4297
920,4390
920,4731
920,4805
920,4854
920,5001
920,5114
920,5136
920,5185
920,5364
920,5437
920,5500
920,5615
920,5843
920,5953
920,5963
920,6085
920,6282
920,6338
920,6572
920,6593
920,6600
920,6807
920,6947
920,7127
920,7293
920,7351
920,7467
920,7503
921,5
921,212
921,526
921,583
921,584
921,724
921,942
921,1058
921,1287
921,1521
921,1549
921,1716
921,1733
921,1854
921,2198
921,2215
921,2703
921,2945
921,3062
921,3125
921,3506
921,3510
921,3559
921,4067
921,4153
921,4376
921,4584
921,4864
921,5126
921,5645
921,6059
921,6348
921,6412
921,6610
921,6672
921,6699
921,6909
921,6920
921,7296
921,7569
922,2026
922,2581
922,3779
922,4009
922,4116
922,4479
922,4653
922,4747
922,6110
922,6388
922,6569
922,7113
922,7250
922,7325
923,526
923,3273
923,3812
923,5819
923,6038
923,7250
924,28
924,89
924,169
924,183
924,309
924,322
924,366
924,446
924,593
924,622
924,900
924,1018
924,1058
924,1097
924,1100
924,1280
924,1305
924,1429
924,1513
924,1663
924,1705
924,1723
924,1744
924,1796
924,1899
924,1993
924,2095
924,2198
924,2239
924,2336
924,2380
924,2432
924,2541
924,2553
924,2586
924,2615
924,2637
924,2782
924,3008
924,3027
924,3051
924,3105
924,3438
924,3623
924,3748
924,3799
924,3856
924,3987
924,4023
924,4074
924,4156
924,4324
924,4347
924,4352
924,4388
924,4578
924,4662
924,4669
924,4688
924,4805
924,4895
924,4934
924,5006
924,5013
924,5042
924,5136
924,5148
924,5241
924,5290
924,5293
924,5311
924,5348
924,5538
924,5878
924,5903
924,5979
924,5982
924,6021
924,6175
924,6183
924,6188
924,6215
924,6414
924,6592
924,6597
924,6669
924,6673
924,6692
924,6702
924,6807
924,6847
924,6989
924,7003
924,7203
924,7206
924,7280
924,7311
924,7337
924,7440
924,7464
924,7477
924,7573
924,7577
925,25
925,702
925,838
925,949
925,3325
925,3699
925,3899
925,4686
925,5964
925,6902
925,6940
926,749
926,767
926,2250
926,2775
926,3116
926,3523
926,4566
926,4666
926,7118
926,7255
927,1385
927,1816
927,2749
927,3267
927,4867
927,5802
927,7442
928,275
928,316
928,328
928,463
928,661
928,1391
928,1630
928,1696
928,1803
928,1849
928,1969
928,1983
928,2281
928,2327
928,2768
928,3272
928,3528
928,4264
928,4539
928,4614
928,4666
928,4728
928,4739
928,5555
928,5668
928,6046
928,6212
928,6465
928,6519
928,6679
928,7061
928,7566
928,7630
929,35
929,44
929,68
929,238
929,348
929,354
929,406
929,452
929,457
929,574
929,594
929,624
929,635
929,792
929,799
929,823
929,897
929,915
929,1025
929,1033
929,1147
929,1199
929,1203
929,1208
929,1231
929,1265
929,1283
929,1342
929,1366
929,1369
929,1462
929,1473
929,1542
929,1571
929,1576
929,1713
929,1754
929,1779
929,1837
929,1844
929,1968
929,1971
929,2002
929,2020
929,2029
929,2185
929,2188
929,2278
929,2403
929,2578
929,2580
929,2642
929,2692
929,2696
929,2802
929,2841
929,2858
929,3029
929,3055
929,3089
929,3110
929,3338
929,3402
929,3505
929,3517
929,3522
929,3541
929,3556
929,3568
929,3769
929,3853
929,3857
929,3943
929,4011
929,4036
929,4059
929,4119
929,4124
929,4139
929,4166
929,4319
929,4444
929,4481
929,4547
929,4627
929,4643
929,4977
929,4998
929,5055
929,5073
929,5112
929,5233
929,5246
929,5590
929,5712
929,5766
929,5892
929,6011
929,6158
929,6204
929,6292
929,6375
929,6415
929,6498
929,6659
929,6697
929,6710
929,6883
929,6938
929,6963
929,7028
929,7148
929,7499
929,7567
929,7571
929,7625
930,149
930,305
930,474
930,573
930,606
930,616
930,898
930,1076
930,1078
930,1112
930,1297
930,1310
930,1394
930,1427
930,1430
930,1525
930,1549
930,1596
930,1603
930,1757
930,1961
930,2055
930,2198
930,2239
930,2565
930,2663
930,3040
930,3109
930,3183
930,3269
930,3501
930,3591
930,3689
930,3698
930,3744
930,3763
930,3796
930,3891
930,3969
930,4295
930,4358
930,4384
930,4407
930,4697
930,4735
930,4757
930,4908
930,4952
930,5143
930,5191
930,5286
930,5843
930,6071
930,6579
930,6629
930,6724
930,7173
930,7296
931,485
931,750
931,1633
931,1905
931,1981
931,2561
931,2746
931,3035
931,3605
931,3928
931,4033
931,4152
931,4959
931,5496
931,6450
931,6572
931,6807
932,54
932,122
932,177
932,204
932,219
932,249
932,315
932,350
932,543
932,581
932,595
932,730
932,824
932,902
932,968
932,1003
932,1021
932,1099
932,1115
932,1124
932,1146
932,1237
932,1256
932,1262
932,1303
932,1375
932,1392
932,1422
932,1449
932,1455
932,1468
932,1533
932,1567
932,1676
932,1724
932,1737
932,1807
932,1835
932,1841
932,1857
932,2079
932,2133
932,2140
932,2196
932,2204
932,2249
932,2318
932,2329
932,2333
932,2343
932,2366
932,2388
932,2391
932,2399
932,2413
932,2439
932,2528
932,2538
932,2605
932,2638
932,2720
932,2790
932,2939
932,2943
932,2949
932,3087
932,3147
932,3231
932,3258
932,3361
932,3366
932,3389
932,3412
932,3416
932,3423
932,3564
932,3569
932,3572
932,3719
932,3736
932,3803
932,3850
932,3879
932,3939
932,3963
932,4093
932,4237
932,4322
932,4335
932,4391
932,4399
932,4414
932,4418
932,4497
932,4516
932,4534
932,4544
932,4557
932,4561
932,4599
932,4610
932,4615
932,4861
932,4923
932,4924
932,5027
932,5104
932,5131
932,5153
932,5163
932,5333
932,5410
932,5429
932,5439
932,5480
932,5611
932,5673
932,5762
932,5815
932,5934
932,6095
932,6113
932,6133
932,6194
932,6199
932,6217
932,6247
932,6268
932,6286
932,6347
932,6374
932,6423
932,6480
932,6550
932,6622
932,6899
932,6935
932,6993
932,7009
932,7108
932,7141
932,7264
932,7275
932,7285
932,7405
932,7460
932,7483
932,7491
932,7530
932,7544
933,314
933,740
933,1502
933,1523
933,1804
933,1909
933,2148
933,3656
933,4937
933,5169
933,6130
933,6344
933,6423
933,6806
933,7136
934,5
934,754
934,1058
934,1414
934,1575
934,2155
934,2208
934,2587
934,2772
934,3131
934,3260
934,3540
934,4067
934,4094
934,4216
934,4376
934,4543
934,4573
934,4670
934,4805
934,4869
934,5251
934,5556
934,5641
934,5814
934,6193
934,6339
934,6952
934,6954
934,7084
934,7147
934,7416
934,7519
934,7600
935,7
935,337
935,645
935,890
935,1053
935,1213
935,1306
935,1852
935,2180
935,2250
935,2321
935,3057
935,3315
935,3489
935,3843
935,4126
935,4133
935,4224
935,4623
935,5395
935,5427
935,5977
935,5995
935,6081
935,6127
935,6151
935,6213
935,6525
935,6650
935,6763
935,6871
936,5
936,8
936,71
936,212
936,683
936,911
936,1196
936,1287
936,1521
936,1922
936,1967
936,2112
936,2172
936,2404
936,2522
936,2529
936,3062
936,3083
936,3125
936,3758
936,4500
936,4596
936,4811
936,5775
936,5798
936,5813
936,6067
936,6296
936,6412
936,6547
936,6610
937,174
937,641
937,1272
937,1630
937,1709
937,1803
937,2114
937,2281
937,3167
937,3217
937,3528
937,4441
937,4539
937,4583
937,4666
937,5588
937,5668
937,6679
937,7075
937,7566
937,7630
937,7648
938,2168
939,593
939,766
939,789
939,1058
939,1284
939,1293
939,1415
939,1453
939,1624
939,1663
939,1798
939,1999
939,2106
939,2143
939,2198
939,2377
939,3183
939,3185
939,4037
939,4067
939,4184
939,4253
939,4384
939,4670
939,4919
939,5111
939,5132
939,5730
939,5756
939,6551
939,6673
939,6702
939,6707
939,6774
939,6887
939,6961
939,7280
939,7330
939,7464
939,7568
940,1046
940,2907
941,108
941,195
941,244
941,394
941,549
941,738
941,889
941,988
941,1057
941,1175
941,1248
941,1416
941,1429
941,1500
941,1535
941,1556
941,1869
941,1933
941,2014
941,2078
941,2416
941,2428
941,2512
941,2550
941,2606
941,2608
941,2702
941,2749
941,2762
941,2799
941,3038
941,3159
941,3168
941,3205
941,3244
941,3429
941,3624
941,3633
941,3729
941,3869
941,3934
941,4002
941,4051
941,4150
941,4193
941,4239
941,4405
941,4424
941,4521
941,4560
941,4582
941,4587
941,4665
941,4804
941,4867
941,4906
941,4907
941,5185
941,5221
941,5310
941,5349
941,5358
941,5617
941,5624
941,5638
941,5671
941,5723
941,5746
941,5802
941,6031
941,6429
941,6495
941,6515
941,6583
941,6621
941,6642
941,6998
941,7030
941,7049
941,7260
941,7292
941,7482
941,7485
941,7618
941,7622
942,85
942,260
942,415
942,584
942,683
942,921
942,986
942,1058
942,1224
942,1453
942,1521
942,1798
942,1862
942,2194
942,2198
942,2215
942,2239
942,2370
942,2377
942,2441
942,2632
942,2703
942,2903
942,2911
942,3177
942,3183
942,3184
942,3269
942,3270
942,3538
942,3616
942,3748
942,4067
942,4096
942,4157
942,4164
942,4177
942,4184
942,4253
942,4313
942,4376
942,4384
942,4694
942,4746
942,4805
942,4952
942,5132
942,5296
942,5404
942,5490
942,5507
942,5623
942,5704
942,5707
942,5961
942,6242
942,6551
942,6618
942,6699
942,6794
942,6952
942,6961
942,7046
942,7252
942,7296
942,7569
942,7582
943,221
943,425
943,481
943,561
943,578
943,618
943,619
943,671
943,685
943,746
943,1223
943,1509
943,1562
943,1917
943,2012
943,2073
943,2395
943,2398
943,2444
943,2491
943,2499
943,2786
943,2843
943,2983
943,3211
943,3255
943,3399
943,3411
943,3449
943,3479
943,3504
943,4151
943,4252
943,4310
943,4423
943,4478
943,4491
943,4494
943,4663
943,4703
943,4708
943,4761
943,5228
943,5230
943,5357
943,5489
943,5609
943,5718
943,5751
943,5896
943,5928
943,5972
943,6092
943,6168
943,6222
943,6609
943,6725
943,6924
943,7324
943,7426
943,7444
943,7531
944,6130
944,6173
945,89
945,593
945,1513
945,1663
945,1723
945,1744
945,1796
945,1993
945,2106
945,2198
945,2206
945,2553
945,2571
945,2637
945,3049
945,3051
945,3152
945,4188
945,4376
945,4578
945,4805
945,5139
945,5234
945,5404
945,5455
945,5734
945,5881
945,5979
945,6414
945,6669
945,6673
945,6702
945,6978
945,7010
945,7337
945,7464
945,7477
945,7568
946,2960
946,6568
946,6807
947,109
947,192
947,269
947,322
947,413
947,1108
947,1561
947,1586
947,1661
947,1700
947,1782
947,1831
947,1929
947,2043
947,2166
947,2198
947,2220
947,2239
947,2287
947,2484
947,2502
947,2621
947,2743
947,2950
947,3070
947,3072
947,3152
947,3277
947,3359
947,3683
947,3710
947,4024
947,4203
947,4307
947,4373
947,4458
947,4522
947,4746
947,4771
947,4877
947,5007
947,5022
947,5056
947,5398
947,5404
947,5412
947,5545
947,5629
947,5764
947,6345
947,6526
947,6880
947,7042
947,7097
947,7127
947,7395
947,7440
947,7524
947,7573
948,745
948,959
948,2484
948,6130
948,6231
948,6362
948,6635
948,7162
949,25
949,702
949,838
949,925
949,3325
949,3699
949,3899
949,4686
949,5964
949,6902
949,6940
950,1107
950,3534
951,23
951,98
951,260
951,304
951,345
951,593
951,727
951,869
951,1058
951,1067
951,1210
951,1254
951,1415
951,1453
951,1663
951,1668
951,1798
951,1842
951,2039
951,2048
951,2107
951,2115
951,2128
951,2198
951,2239
951,2370
951,2406
951,2553
951,2571
951,2573
951,2882
951,2981
951,3347
951,3456
951,3646
951,3693
951,3748
951,3756
951,4071
951,4158
951,4164
951,4376
951,4384
951,4402
951,4578
951,4608
951,4616
951,4787
951,4806
951,5070
951,5344
951,5404
951,5468
951,5612
951,5646
951,5707
951,5740
951,5756
951,5881
951,5945
951,5955
951,5976
951,6024
951,6313
951,6492
951,6540
951,6551
951,6702
951,6801
951,6804
951,7003
951,7023
951,7044
951,7070
951,7071
951,7166
951,7352
951,7464
951,7572
951,7607
952,495
952,960
952,1429
952,2714
952,3203
952,3578
952,3654
952,4338
952,5378
952,5758
952,6235
952,6572
952,7456
953,867
953,1013
953,1418
953,2198
953,2205
953,3098
953,3404
953,3469
953,3480
953,3784
953,3821
953,4054
953,4376
953,4707
953,5132
953,5179
953,5234
953,5455
953,5664
953,5676
953,6522
953,7370
953,7387
953,7587
954,558
954,764
954,835
954,1429
954,1481
954,2385
954,2686
954,3249
954,3331
954,3387
954,3578
954,3753
954,3817
954,4222
954,4489
954,4805
954,5123
954,5142
954,5664
954,6305
954,6420
954,7467
955,789
955,1293
955,1453
955,2215
955,2617
955,3895
955,4384
955,4680
955,6551
956,5
956,526
956,584
956,587
956,724
956,728
956,785
956,911
956,1967
956,1978
956,2059
956,2112
956,2279
956,2404
956,2427
956,3062
956,3134
956,3250
956,3270
956,3457
956,3539
956,3907
956,4042
956,4503
956,4707
956,5115
956,5722
956,5813
956,5917
956,6059
956,6067
956,6296
956,6547
956,6610
956,6699
956,6715
956,6879
956,7512
956,7608
957,719
957,1773
957,2149
957,3267
957,3642
957,5922
957,6329
957,7281
958,500
958,593
958,904
958,1058
958,1268
958,1293
958,1370
958,1415
958,1453
958,1472
958,1796
958,1840
958,2143
958,2198
958,2406
958,2703
958,2814
958,2913
958,3183
958,4080
958,4376
958,4384
958,4806
958,5095
958,5194
958,5296
958,5404
958,5707
958,5816
958,5979
958,6284
958,6551
958,6618
958,6702
958,6707
958,7464
958,7535
958,7582
959,409
959,550
959,603
959,948
959,2109
959,2181
959,3601
959,3788
959,3885
959,3988
959,4144
959,4950
959,5759
959,6231
959,6561
959,6635
959,6718
959,7165
959,7268
959,7449
960,495
960,952
960,3554
960,4338
960,5758
960,7456
961,6655
961,6661
961,6897
962,6433
962,6656
963,593
963,3051
963,3274
963,4074
963,4590
963,5359
963,6373
963,6414
963,6702
963,7413
964,40
964,143
964,456
964,629
964,881
964,1185
964,1212
964,2113
964,2118
964,2145
964,2211
964,2586
964,2626
964,2678
964,2701
964,2738
964,2795
964,2801
964,3179
964,3339
964,3888
964,3990
964,4098
964,4294
964,4301
964,4373
964,4940
964,4987
964,5368
964,5504
964,5936
964,5993
964,6369
964,6389
964,6452
964,6588
964,7032
965,273
965,557
965,995
965,999
965,1073
965,1079
965,1131
965,1488
965,2240
965,2311
965,2341
965,2443
965,2813
965,3064
965,3150
965,3376
965,3460
965,3516
965,3881
965,3924
965,4008
965,4125
965,4143
965,4280
965,4492
965,4673
965,4789
965,4802
965,4899
965,5266
965,5300
965,5686
965,5968
965,6052
965,6125
965,6623
965,6653
965,6753
965,7541
965,7565
966,28
966,36
966,920
966,1280
966,1429
966,1579
966,1929
966,1962
966,2015
966,3271
966,3419
966,3856
966,4033
966,4100
966,5190
966,5209
966,5437
966,5496
966,6015
966,6020
966,6237
966,6572
966,6807
966,7020
966,7190
966,7430
967,260
967,526
967,552
967,1058
967,1317
967,1809
967,2170
967,2175
967,2198
967,2239
967,2461
967,2558
967,2798
967,3049
967,3051
967,3510
967,3587
967,4206
967,4304
967,4371
967,4541
967,4805
967,5108
967,5312
967,5832
967,6474
967,6769
967,6945
967,7179
967,7250
967,7638
968,204
968,315
968,355
968,581
968,737
968,915
968,932
968,1146
968,1244
968,1256
968,1392
968,1664
968,1737
968,1772
968,2133
968,2528
968,2949
968,3201
968,3361
968,3759
968,3939
968,4237
968,4399
968,4599
968,4861
968,4984
968,5030
968,5131
968,5279
968,6113
968,6138
968,6199
968,6347
968,6480
968,7460
968,7565
969,481
969,4244
969,4663
969,6106
969,6488
970,36
970,471
970,485
970,536
970,644
970,1060
970,1347
970,1353
970,1457
970,1596
970,1610
970,1714
970,2565
970,2871
970,3310
970,3698
970,3763
970,3765
970,4152
970,4173
970,4295
970,4386
970,5661
970,5953
970,5963
970,6237
970,6331
970,6572
970,6726
970,7365
970,7406
970,7409
970,7526
970,7633
971,28
971,403
971,669
971,1182
971,1280
971,1429
971,2111
971,2198
971,3510
971,3964
971,4116
971,4573
971,4805
971,5063
971,5114
971,5170
971,6038
971,6388
971,6458
971,6569
971,6600
971,6702
971,6909
971,7130
972,136
972,556
972,786
972,877
972,1221
972,1751
972,1851
972,1863
972,2037
972,2098
972,2357
972,2419
972,2643
972,3575
972,3820
972,4539
972,5329
972,5825
972,6433
972,6913
972,7284
973,85
973,240
973,593
973,789
973,904
973,1058
973,1113
973,1284
973,1453
973,2106
973,2198
973,2215
973,2320
973,2370
973,2377
973,2765
973,2911
973,2958
973,3183
973,3311
973,3370
973,3748
973,3895
973,3948
973,4067
973,4376
973,4384
973,4595
973,4806
973,4952
973,5037
973,5132
973,5259
973,5296
973,5350
973,5404
973,5455
973,5707
973,5881
973,5952
973,6702
973,6811
973,6984
973,7252
973,7280
973,7465
973,7612
974,495
975,91
975,539
975,587
975,766
975,867
975,1337
975,1339
975,1426
975,1673
975,2404
975,2418
975,2427
975,2522
975,2655
975,2898
975,3665
975,3695
975,4042
975,4500
975,4707
975,5179
975,5505
975,5813
975,5943
975,5948
975,5949
975,6067
975,7022
975,7307
975,7635
977,166
977,733
977,1438
977,2943
977,4087
977,4292
977,4899
977,4925
977,5092
977,5523
977,5618
977,5675
977,5793
977,5867
977,5884
977,6419
977,6671
978,3586
978,4068
978,7613
979,1547
979,2178
979,2429
979,3200
979,3639
979,3696
979,3971
979,4134
979,4597
979,4652
979,4929
979,4996
979,5900
979,6167
979,6248
979,6862
979,7089
979,7199
980,462
980,846
980,1036
980,1297
980,1669
980,1764
980,2612
980,2739
980,3014
980,3026
980,3313
980,3329
980,3531
980,3557
980,3631
980,4178
980,4183
980,4320
980,4362
980,4725
980,4757
980,5417
980,5630
980,5743
980,5986
980,6179
980,6195
980,6328
980,6967
980,7153
980,7191
980,7375
980,7558
980,7576
980,7590
981,10
981,349
981,749
981,1334
981,1736
981,1881
981,1980
981,2777
981,3102
981,3678
981,3711
981,3749
981,4829
981,5110
981,6240
981,6250
981,6357
981,7073
981,7348
981,7437
982,120
982,595
982,656
982,1065
982,1128
982,1303
982,1567
982,1909
982,2064
982,2168
982,2196
982,2362
982,3684
982,3988
982,4088
982,4800
982,4849
982,4993
982,5100
982,5515
982,5815
982,5867
982,5884
982,5934
982,6130
982,6423
982,6767
982,6993
982,7009
982,7133
982,7343
983,284
983,458
983,519
983,1073
983,1233
983,4101
983,5291
983,5627
983,6385
984,498
984,4254
984,6637
985,111
985,495
985,839
985,1990
985,2629
985,3405
985,3654
985,3739
985,5758
985,5863
985,6422
986,85
986,225
986,260
986,283
986,526
986,584
986,942
986,1284
986,1293
986,1453
986,1521
986,1663
986,1695
986,1884
986,1999
986,2021
986,2026
986,2106
986,2111
986,2198
986,2215
986,2279
986,2402
986,2798
986,2911
986,2945
986,3114
986,3125
986,3183
986,3206
986,3311
986,3457
986,3510
986,3559
986,3748
986,3985
986,4067
986,4115
986,4206
986,4304
986,4376
986,4384
986,4806
986,5115
986,5132
986,5170
986,5231
986,5312
986,5641
986,5832
986,6216
986,6769
986,6909
986,7077
986,7252
987,560
987,891
987,912
988,108
988,195
988,394
988,549
988,851
988,897
988,941
988,1072
988,1248
988,1416
988,1556
988,2014
988,2422
988,2512
988,2606
988,2608
988,2833
988,3038
988,3159
988,3168
988,3283
988,3633
988,3729
988,3819
988,4405
988,4424
988,4521
988,4665
988,4867
988,5065
988,5221
988,5391
988,5671
988,5838
988,6031
988,6117
988,6223
988,6429
988,6473
988,6501
988,6845
988,7334
988,7482
988,7618
988,7621
989,89
989,260
989,305
989,1058
989,1453
989,2198
989,3748
989,3895
989,4095
989,4164
989,4376
989,4384
989,4806
989,5132
989,5258
989,5740
989,5816
989,6098
989,7320
990,532
990,1371
990,1660
990,2031
990,2354
990,2624
990,3567
990,3866
990,3895
990,4009
990,4054
990,4164
990,4227
990,4602
990,4805
990,5280
990,5435
990,5652
990,5781
990,5957
990,6110
990,6172
990,6470
990,6675
990,7000
990,7546
991,399
991,1053
991,2046
991,2321
991,3420
991,3536
991,3730
991,3811
991,4224
991,5161
991,5600
991,5915
991,6213
991,6380
991,6525
991,6650
991,6894
992,147
992,481
992,561
992,688
992,746
992,837
992,1646
992,2444
992,2468
992,3180
992,3393
992,4244
992,4564
992,4663
992,4681
992,5737
992,5974
992,6311
992,6488
992,6625
992,6829
992,7383
992,7463
992,7489
992,7598
993,160
993,214
993,394
993,1048
993,1248
993,1403
993,1416
993,1955
993,2157
993,2422
993,2512
993,2644
993,2799
993,3467
993,3524
993,3662
993,3729
993,4284
993,4633
993,4867
993,5400
993,6245
993,6441
993,6549
993,6994
993,7334
993,7442
993,7621
994,352
994,526
994,631
994,669
994,1032
994,1063
994,1183
994,1196
994,1919
994,2059
994,2111
994,2462
994,3078
994,3385
994,3443
994,3989
994,4069
994,4361
994,4362
994,4551
994,5063
994,5388
994,5539
994,5556
994,5899
994,5992
994,6493
994,6569
994,6630
994,6896
994,6897
994,6909
994,7576
994,7608
995,22
995,273
995,284
995,554
995,557
995,758
995,794
995,965
995,1079
995,1488
995,1604
995,1656
995,1772
995,1914
995,1920
995,2240
995,2311
995,2382
995,2443
995,2757
995,3064
995,3150
995,3376
995,3460
995,3516
995,3563
995,3741
995,3880
995,3892
995,3924
995,4008
995,4143
995,4171
995,4280
995,4426
995,4673
995,4802
995,4899
995,5686
995,5754
995,5774
995,5968
995,6052
995,6125
995,6163
995,6601
995,6645
995,6653
995,7236
995,7314
995,7504
995,7565
996,297
996,307
996,355
996,1149
996,1151
996,1445
996,2168
996,2413
996,2874
996,3147
996,3214
996,3477
996,4005
996,4202
996,5104
996,5803
996,6144
996,7408
996,7449
996,7509
997,144
997,1124
997,1311
997,3231
997,3747
997,4512
997,4925
997,4980
997,5094
997,5421
997,6231
997,6550
997,7460
998,100
998,1853
998,2116
998,2430
998,2897
998,2910
998,3005
998,4368
998,4378
998,4454
998,6258
998,6651
999,142
999,332
999,965
999,2341
999,3236
999,3741
999,3924
999,4008
999,4726
999,5876
999,6006
999,6623
999,6653
1000,493
1000,579
1000,2239
1000,2451
1000,3687
1000,5206
1000,5545
1000,6325
1000,6942
1001,1188
1001,1388
1001,1891
1001,2355
1001,2570
1001,2863
1001,4094
1001,4913
1001,5574
1001,5771
1001,5787
1001,6058
1001,6071
1002,592
1002,593
1002,739
1002,1082
1002,1194
1002,1744
1002,2095
1002,2198
1002,2556
1002,2685
1002,2887
1002,3049
1002,3243
1002,3247
1002,3294
1002,3438
1002,3923
1002,4345
1002,4805
1002,4828
1002,4848
1002,5133
1002,5155
1002,5293
1002,5703
1002,5853
1002,5958
1002,6175
1002,6343
1002,6371
1002,6381
1002,6702
1002,6790
1002,7398
1002,7601
1003,932
1003,1237
1003,1737
1003,2399
1003,2528
1003,3087
1003,3201
1003,3361
1003,3412
1003,3879
1003,3939
1003,4237
1003,4399
1003,4924
1003,5124
1003,5163
1003,5279
1003,5480
1003,6113
1003,6935
1003,7491
1004,26
1004,658
1004,2871
1004,3438
1004,3923
1004,4217
1004,4345
1004,4791
1004,6759
1004,7119
1004,7276
1004,7283
1005,1689
1005,1905
1005,1961
1005,2304
1005,2996
1005,3101
1005,3716
1005,3802
1005,6078
1006,173
1006,1301
1006,2421
1006,3171
1006,5525
1006,6646
1006,7628
1007,766
1007,835
1007,858
1007,1103
1007,1414
1007,1576
1007,3433
1007,6309
1007,6821
1007,6926
1008,271
1008,1235
1008,1530
1008,1755
1008,1789
1008,2082
1008,2464
1008,2865
1008,3129
1008,3728
1008,4841
1008,5770
1008,5792
1008,6471
1008,6857
1008,6885
1008,7242
1009,67
1009,93
1009,650
1009,1087
1009,1107
1009,1381
1009,1443
1009,1989
1009,2034
1009,2074
1009,2293
1009,2316
1009,2353
1009,2875
1009,3145
1009,3354
1009,3396
1009,3534
1009,3622
1009,3746
1009,4336
1009,4501
1009,4698
1009,4804
1009,5026
1009,5583
1009,5644
1009,5723
1009,6504
1009,6773
1009,6817
1010,21
1010,93
1010,117
1010,195
1010,545
1010,1068
1010,1087
1010,1107
1010,1443
1010,1964
1010,1989
1010,2316
1010,3100
1010,3396
1010,3586
1010,3953
1010,4025
1010,4051
1010,4130
1010,4809
1010,4920
1010,5298
1010,5337
1010,6169
1010,6225
1010,6299
1010,6674
1010,6773
1010,6817
1011,60
1011,85
1011,103
1011,260
1011,304
1011,341
1011,369
1011,446
1011,593
1011,632
1011,795
1011,903
1011,904
1011,906
1011,1113
1011,1218
1011,1249
1011,1293
1011,1349
1011,1431
1011,1453
1011,1478
1011,1621
1011,1624
1011,1663
1011,1798
1011,1840
1011,1999
1011,2086
1011,2106
1011,2194
1011,2215
1011,2275
1011,2377
1011,2659
1011,2719
1011,2765
1011,2855
1011,2956
1011,2967
1011,3025
1011,3039
1011,3060
1011,3069
1011,3183
1011,3297
1011,3311
1011,3347
1011,3353
1011,3370
1011,3408
1011,3502
1011,3506
1011,3538
1011,3593
1011,3762
1011,3895
1011,3958
1011,4233
1011,4253
1011,4376
1011,4384
1011,4465
1011,4641
1011,4801
1011,4865
1011,4952
1011,5037
1011,5218
1011,5286
1011,5296
1011,5709
1011,5756
1011,6026
1011,6100
1011,6449
1011,6510
1011,6537
1011,6551
1011,6588
1011,6660
1011,6702
1011,6704
1011,6707
1011,6760
1011,6933
1011,6966
1011,6981
1011,7101
1011,7296
1011,7401
1011,7582
1012,3437
1012,4305
1012,4628
1012,4906
1012,6418
1013,62
1013,91
1013,614
1013,953
1013,1030
1013,1094
1013,1267
1013,1418
1013,1532
1013,2028
1013,2143
1013,2186
1013,2202
1013,2522
1013,2664
1013,3010
1013,3559
1013,3607
1013,3671
1013,3691
1013,3784
1013,3887
1013,3920
1013,3925
1013,4349
1013,4358
1013,4493
1013,4692
1013,5080
1013,5171
1013,5378
1013,5785
1013,5941
1013,5987
1013,6770
1013,7171
1013,7222
1013,7370
1013,7387
1013,7478
1013,7623
1013,7635
1014,766
1014,1030
1014,1069
1014,1794
1014,1802
1014,2143
1014,2198
1014,3098
1014,3330
1014,3421
1014,3607
1014,3866
1014,3895
1014,4037
1014,4054
1014,4890
1014,5455
1014,5676
1014,6211
1014,7029
1014,7067
1014,7171
1014,7269
1015,135
1015,1565
1015,1588
1015,1594
1015,1756
1015,1822
1015,2035
1015,2053
1015,2100
1015,2230
1015,2245
1015,2976
1015,3094
1015,3156
1015,3175
1015,3191
1015,3292
1015,3603
1015,4242
1015,4258
1015,4275
1015,4720
1015,4843
1015,4856
1015,4997
1015,5020
1015,5086
1015,5276
1015,5548
1015,5642
1015,5789
1015,6050
1015,6205
1015,6324
1015,6472
1015,6573
1015,6819
1015,7178
1015,7450
1015,7497
1015,7562
1015,7575
1015,7620
1016,316
1016,328
1016,442
1016,516
1016,517
1016,661
1016,786
1016,828
1016,1630
1016,1759
1016,1766
1016,2019
1016,2090
1016,2260
1016,2281
1016,2327
1016,2717
1016,2768
1016,3291
1016,3840
1016,4619
1016,4666
1016,4704
1016,5529
1016,5692
1016,6104
1016,6164
1016,6465
1016,6502
1016,6679
1016,6842
1016,7060
1016,7255
1016,7348
1016,7630
1017,593
1017,622
1017,1058
1017,1744
1017,1797
1017,2198
1017,2239
1017,2553
1017,3074
1017,3720
1017,3856
1017,4161
1017,4641
1017,4805
1017,5734
1017,5881
1017,5982
1017,6673
1017,6702
1017,7003
1018,169
1018,322
1018,369
1018,431
1018,552
1018,593
1018,811
1018,906
1018,924
1018,1058
1018,1097
1018,1152
1018,1210
1018,1415
1018,1513
1018,1663
1018,1684
1018,1744
1018,1796
1018,1899
1018,1993
1018,2106
1018,2198
1018,2239
1018,2262
1018,2432
1018,2553
1018,2628
1018,3051
1018,3185
1018,3623
1018,3648
1018,3720
1018,4023
1018,4071
1018,4578
1018,4590
1018,4641
1018,4669
1018,4805
1018,4934
1018,4941
1018,5037
1018,5132
1018,5203
1018,5241
1018,5365
1018,5404
1018,5612
1018,5707
1018,5734
1018,5881
1018,5979
1018,6183
1018,6414
1018,6551
1018,6678
1018,6702
1018,6849
1018,6887
1018,7003
1018,7085
1018,7103
1018,7170
1018,7296
1018,7337
1018,7352
1018,7353
1018,7477
1018,7572
1018,7577
1018,7607
1019,4116
1019,4805
1019,4967
1019,5240
1019,6388
1020,637
1020,1704
1020,6795
1021,177
1021,204
1021,581
1021,824
1021,932
1021,1237
1021,1256
1021,1303
1021,1675
1021,1728
1021,1806
1021,2204
1021,2318
1021,2366
1021,2399
1021,2528
1021,2878
1021,2949
1021,3361
1021,3412
1021,3431
1021,3719
1021,3939
1021,4237
1021,4399
1021,4618
1021,4861
1021,5124
1021,5131
1021,5163
1021,5429
1021,5439
1021,5673
1021,6113
1021,6133
1021,6138
1021,6935
1021,7208
1021,7460
1021,7491
1021,7544
1022,1178
1022,1518
1022,1744
1022,1798
1022,2198
1022,2239
1022,2913
1022,3152
1022,4164
1022,4198
1022,4787
1022,5234
1022,5998
1022,6064
1022,6702
1023,89
1023,593
1023,2541
1023,5139
1023,6702
1024,26
1024,134
1024,522
1024,592
1024,658
1024,739
1024,774
1024,899
1024,1082
1024,1280
1024,1415
1024,1591
1024,1899
1024,2095
1024,2173
1024,2198
1024,2556
1024,2778
1024,2871
1024,2887
1024,3243
1024,3247
1024,3294
1024,3438
1024,3657
1024,3923
1024,4082
1024,4217
1024,4241
1024,4345
1024,4386
1024,4806
1024,4912
1024,5133
1024,5234
1024,5293
1024,5302
1024,5327
1024,5404
1024,5568
1024,5703
1024,5799
1024,5958
1024,6175
1024,6343
1024,6371
1024,6702
1024,6790
1024,7119
1024,7276
1024,7283
1024,7398
1024,7464
1024,7526
1024,7534
1024,7601
1025,68
1025,104
1025,238
1025,348
1025,406
1025,452
1025,470
1025,547
1025,594
1025,635
1025,799
1025,823
1025,915
1025,929
1025,1033
1025,1147
1025,1168
1025,1208
1025,1265
1025,1342
1025,1462
1025,1837
1025,1968
1025,1971
1025,2020
1025,2278
1025,2334
1025,2442
1025,2466
1025,2578
1025,2597
1025,2642
1025,2692
1025,2846
1025,2858
1025,3029
1025,3055
1025,3402
1025,3517
1025,3522
1025,3943
1025,4036
1025,4059
1025,4119
1025,4139
1025,4204
1025,4319
1025,4396
1025,4444
1025,4481
1025,5021
1025,5023
1025,5055
1025,5096
1025,5112
1025,5149
1025,5193
1025,5196
1025,5590
1025,6158
1025,6375
1025,6498
1025,6697
1025,6943
1025,6963
1025,7301
1025,7350
1025,7466
1025,7533
1025,7625
1026,373
1026,417
1026,784
1026,872
1026,1176
1026,1729
1026,1984
1026,2175
1026,2277
1026,2392
1026,2524
1026,2546
1026,2830
1026,3901
1026,4592
1026,5026
1026,5101
1026,5177
1026,5312
1026,5338
1026,5947
1026,6178
1026,6266
1026,6647
1026,6821
1026,7107
1026,7109
1026,7175
1026,7286
1026,7360
1026,7371
1026,7455
1027,434
1027,1426
1027,1560
1027,1802
1027,5664
1027,6481
1027,7067
1028,24
1028,89
1028,593
1028,2198
1028,2689
1028,3439
1028,3946
1028,4127
1028,4641
1028,5050
1028,6702
1028,6807
1028,7247
1029,807
1029,1932
1029,4518
1029,5422
1029,5680
1029,6536
1029,7045
1030,495
1030,1013
1030,1014
1030,1069
1030,1091
1030,1682
1030,1794
1030,1990
1030,2028
1030,2143
1030,2277
1030,2392
1030,2450
1030,3183
1030,3330
1030,3351
1030,3421
1030,3607
1030,3671
1030,3895
1030,3959
1030,4054
1030,4185
1030,4376
1030,4422
1030,4674
1030,4890
1030,5351
1030,5652
1030,6017
1030,6118
1030,6308
1030,6522
1030,6740
1030,7067
1030,7171
1030,7269
1030,7401
1031,1295
1031,2799
1031,2872
1031,3442
1031,4738
1032,462
1032,585
1032,846
1032,994
1032,1688
1032,1934
1032,3329
1032,3866
1032,3952
1032,4178
1032,4362
1032,5907
1032,5992
1032,6263
1032,6328
1032,6358
1032,6491
1032,6719
1032,6868
1032,6986
1032,7153
1032,7576
1033,44
1033,238
1033,565
1033,799
1033,915
1033,929
1033,1025
1033,1208
1033,1265
1033,1366
1033,1553
1033,1837
1033,1971
1033,2020
1033,2188
1033,2278
1033,2442
1033,2466
1033,2846
1033,2858
1033,3055
1033,3338
1033,3402
1033,3568
1033,3943
1033,4119
1033,4319
1033,4444
1033,5021
1033,5112
1033,5149
1033,5196
1033,5809
1033,6158
1033,6415
1033,6498
1033,6697
1033,6963
1033,7004
1033,7028
1033,7148
1033,7199
1033,7301
1033,7499
1034,28
1034,143
1034,456
1034,881
1034,920
1034,1185
1034,1429
1034,1929
1034,2438
1034,2586
1034,2738
1034,2776
1034,2795
1034,2801
1034,2804
1034,3419
1034,3670
1034,3856
1034,3990
1034,4522
1034,5209
1034,5504
1034,5708
1034,6382
1034,6403
1034,6807
1034,6852
1034,7020
1034,7032
1034,7290
1034,7373
1034,7395
1035,46
1035,56
1035,108
1035,205
1035,242
1035,244
1035,302
1035,465
1035,531
1035,577
1035,1051
1035,1190
1035,1248
1035,1535
1035,2083
1035,2379
1035,2512
1035,2702
1035,2748
1035,3100
1035,3107
1035,3227
1035,3303
1035,3352
1035,3425
1035,3571
1035,3633
1035,3792
1035,3814
1035,3833
1035,3852
1035,3953
1035,3975
1035,4020
1035,4065
1035,4089
1035,4193
1035,4325
1035,4449
1035,4582
1035,4660
1035,4926
1035,4961
1035,4963
1035,5059
1035,5239
1035,5391
1035,5400
1035,5434
1035,5560
1035,5690
1035,5701
1035,5826
1035,5861
1035,6031
1035,6109
1035,6120
1035,6300
1035,6316
1035,6517
1035,6577
1035,6583
1035,6682
1035,6691
1035,6998
1035,7026
1035,7041
1035,7051
1035,7292
1035,7316
1035,7334
1035,7367
1035,7423
1035,7447
1035,7622
1036,2
1036,846
1036,980
1036,1198
1036,1246
1036,1372
1036,1669
1036,2000
1036,2068
1036,2222
1036,2612
1036,3232
1036,3313
1036,3329
1036,3631
1036,3911
1036,4178
1036,4362
1036,4725
1036,4757
1036,5417
1036,5630
1036,5743
1036,5986
1036,6198
1036,6298
1036,6328
1036,6619
1036,6851
1036,6868
1036,7109
1036,7153
1036,7191
1036,7375
1036,7576
1036,7643
1037,275
1037,749
1037,828
1037,882
1037,1360
1037,1609
1037,1648
1037,1696
1037,1759
1037,1766
1037,1864
1037,1969
1037,2090
1037,2114
1037,2250
1037,2260
1037,2281
1037,2474
1037,2754
1037,2822
1037,2946
1037,3714
1037,4056
1037,4666
1037,4704
1037,4960
1037,5028
1037,5245
1037,5512
1037,5529
1037,5540
1037,5602
1037,5849
1037,6046
1037,6164
1037,6416
1037,6679
1037,6842
1037,6956
1037,7255
1038,10
1038,328
1038,649
1038,661
1038,1766
1038,1864
1038,1969
1038,2090
1038,2281
1038,2337
1038,2387
1038,2622
1038,2768
1038,2806
1038,3167
1038,3392
1038,3553
1038,3597
1038,4034
1038,4300
1038,4614
1038,4666
1038,4739
1038,4772
1038,5110
1038,5529
1038,5828
1038,6046
1038,6104
1038,6666
1038,6679
1038,6956
1038,7144
1038,7255
1039,1419
1039,2496
1039,3175
1039,3227
1039,4843
1039,5548
1039,7620
1040,201
1040,260
1040,369
1040,431
1040,1268
1040,1368
1040,1478
1040,2320
1040,2911
1040,3183
1040,3297
1040,3693
1040,3867
1040,4164
1040,4384
1040,4474
1040,4806
1040,4839
1040,4877
1040,5095
1040,5404
1040,5707
1040,5740
1040,5816
1040,6024
1040,6487
1040,6640
1040,7008
1040,7170
1040,7289
1041,10
1041,328
1041,349
1041,468
1041,1264
1041,1334
1041,1616
1041,1736
1041,1881
1041,1980
1041,2114
1041,2337
1041,2435
1041,3415
1041,3583
1041,3678
1041,3749
1041,3992
1041,4723
1041,5110
1041,5341
1041,5509
1041,5868
1041,6357
1041,6557
1041,6628
1041,6913
1041,7308
1041,7348
1041,7437
1041,7458
1041,7513
1042,1058
1042,2170
1042,2175
1042,2198
1042,2798
1042,4116
1042,4304
1042,4376
1042,4805
1042,5115
1042,5132
1042,5312
1042,5979
1042,6945
1042,7213
1042,7250
1042,7638
1043,511
1043,701
1043,734
1043,2282
1043,3094
1043,3735
1043,4000
1043,4209
1043,4235
1043,4646
1043,4677
1043,4920
1043,4961
1043,5288
1043,5684
1043,6514
1043,6768
1043,7178
1043,7532
1043,7586
1043,7620
1044,5520
1045,750
1045,751
1045,920
1045,1714
1045,1905
1045,2565
1045,3600
1045,3605
1045,3744
1045,3969
1045,4103
1045,4295
1045,5498
1045,6730
1046,185
1046,835
1046,940
1046,1426
1046,1442
1046,1802
1046,1915
1046,2239
1046,2368
1046,3056
1046,3331
1046,3729
1046,3887
1046,4376
1046,4542
1046,4805
1046,4863
1046,4868
1046,4890
1046,4906
1046,5889
1046,6211
1046,6280
1046,7467
1047,4376
1047,5641
1047,6430
1047,6952
1048,202
1048,993
1048,1454
1048,1710
1048,2718
1048,3437
1048,4106
1048,4628
1048,4671
1048,4906
1048,5185
1048,5563
1048,6433
1048,6735
1048,7176
1048,7641
1049,31
1049,84
1049,157
1049,193
1049,347
1049,531
1049,880
1049,1051
1049,1161
1049,1164
1049,1288
1049,1419
1049,1440
1049,2245
1049,2282
1049,2496
1049,2723
1049,3094
1049,3661
1049,4000
1049,4260
1049,4471
1049,4587
1049,4677
1049,4907
1049,4997
1049,5326
1049,5434
1049,5580
1049,5656
1049,5684
1049,5983
1049,6515
1049,6979
1049,7026
1049,7260
1049,7379
1049,7606
1049,7620
1050,89
1050,321
1050,593
1050,1472
1050,3593
1050,6313
1051,827
1051,872
1051,1035
1051,1049
1051,1123
1051,1536
1051,2272
1051,3248
1051,4341
1051,4587
1051,4875
1051,5238
1051,5582
1051,5684
1051,5746
1051,5983
1051,6429
1051,6504
1051,6813
1051,6837
1051,7620
1052,88
1052,146
1052,395
1052,764
1052,1362
1052,1832
1052,2288
1052,3265
1052,3344
1052,3778
1052,3956
1052,4189
1052,4486
1052,4762
1052,4859
1052,6048
1052,6378
1052,6592
1052,6896
1052,7304
1053,7
1053,399
1053,441
1053,781
1053,853
1053,935
1053,991
1053,1204
1053,1460
1053,1471
1053,1636
1053,1852
1053,2046
1053,2180
1053,2321
1053,2957
1053,3048
1053,3164
1053,3315
1053,3420
1053,3481
1053,3489
1053,3536
1053,3730
1053,3811
1053,3843
1053,4035
1053,4133
1053,4265
1053,4623
1053,4644
1053,4648
1053,5147
1053,5274
1053,5600
1053,5977
1053,5995
1053,6213
1053,6380
1053,6607
1053,6650
1053,6687
1053,6891
1053,6894
1054,275
1054,1364
1054,1434
1054,1531
1054,1648
1054,1696
1054,1732
1054,1759
1054,1766
1054,2192
1054,2250
1054,2260
1054,2609
1054,2754
1054,2822
1054,2849
1054,3116
1054,3346
1054,3825
1054,3840
1054,3874
1054,4236
1054,4666
1054,4758
1054,4881
1054,4960
1054,5164
1054,5512
1054,5848
1054,6164
1054,6465
1054,7060
1055,83
1055,187
1055,231
1055,409
1055,550
1055,1124
1055,1533
1055,1823
1055,1920
1055,2109
1055,2140
1055,2409
1055,2720
1055,2837
1055,2951
1055,3231
1055,3601
1055,3747
1055,3801
1055,4896
1055,4950
1055,4980
1055,5421
1055,5829
1055,6401
1055,6428
1055,6718
1055,6791
1055,7011
1055,7243
1056,2577
1056,2872
1056,5633
1057,93
1057,195
1057,200
1057,373
1057,872
1057,941
1057,1068
1057,1087
1057,1107
1057,1161
1057,2034
1057,2074
1057,2293
1057,3145
1057,3354
1057,3396
1057,3534
1057,4025
1057,4051
1057,4336
1057,4698
1057,4804
1057,5026
1057,5185
1057,5644
1057,6051
1057,6201
1057,6504
1057,6674
1057,6773
1057,6817
1057,6821
1057,7155
1058,3
1058,5
1058,34
1058,41
1058,42
1058,69
1058,76
1058,99
1058,109
1058,115
1058,123
1058,127
1058,137
1058,143
1058,152
1058,169
1058,170
1058,184
1058,192
1058,201
1058,220
1058,225
1058,235
1058,260
1058,272
1058,276
1058,304
1058,317
1058,345
1058,346
1058,380
1058,421
1058,431
1058,432
1058,446
1058,456
1058,473
1058,475
1058,479
1058,482
1058,500
1058,540
1058,552
1058,576
1058,590
1058,593
1058,607
1058,669
1058,693
1058,711
1058,717
1058,726
1058,727
1058,731
1058,774
1058,780
1058,784
1058,785
1058,789
1058,813
1058,831
1058,836
1058,841
1058,847
1058,854
1058,869
1058,921
1058,924
1058,934
1058,939
1058,942
1058,951
1058,958
1058,967
1058,973
1058,989
1058,1017
1058,1018
1058,1042
1058,1063
1058,1089
1058,1097
1058,1101
1058,1102
1058,1113
1058,1152
1058,1170
1058,1178
1058,1195
1058,1210
1058,1211
1058,1254
1058,1266
1058,1268
1058,1284
1058,1293
1058,1316
1058,1317
1058,1330
1058,1337
1058,1344
1058,1357
1058,1368
1058,1370
1058,1378
1058,1399
1058,1414
1058,1415
1058,1421
1058,1447
1058,1453
1058,1472
1058,1481
1058,1485
1058,1491
1058,1494
1058,1551
1058,1561
1058,1575
1058,1620
1058,1621
1058,1631
1058,1634
1058,1642
1058,1645
1058,1650
1058,1651
1058,1655
1058,1665
1058,1667
1058,1668
1058,1671
1058,1684
1058,1690
1058,1695
1058,1697
1058,1708
1058,1718
1058,1730
1058,1790
1058,1797
1058,1833
1058,1847
1058,1854
1058,1880
1058,1884
1058,1898
1058,1908
1058,1915
1058,1918
1058,1959
1058,1965
1058,1993
1058,1996
1058,1997
1058,2010
1058,2013
1058,2032
1058,2033
1058,2039
1058,2048
1058,2049
1058,2060
1058,2089
1058,2104
1058,2115
1058,2120
1058,2129
1058,2163
1058,2170
1058,2172
1058,2173
1058,2175
1058,2198
1058,2208
1058,2229
1058,2239
1058,2243
1058,2262
1058,2267
1058,2279
1058,2287
1058,2310
1058,2320
1058,2334
1058,2339
1058,2340
1058,2368
1058,2370
1058,2377
1058,2393
1058,2406
1058,2410
1058,2414
1058,2418
1058,2427
1058,2431
1058,2432
1058,2440
1058,2441
1058,2461
1058,2471
1058,2479
1058,2485
1058,2487
1058,2513
1058,2522
1058,2537
1058,2540
1058,2549
1058,2558
1058,2564
1058,2571
1058,2573
1058,2595
1058,2600
1058,2617
1058,2627
1058,2634
1058,2637
1058,2645
1058,2650
1058,2657
1058,2660
1058,2736
1058,2744
1058,2745
1058,2765
1058,2770
1058,2772
1058,2798
1058,2808
1058,2852
1058,2855
1058,2881
1058,2882
1058,2888
1058,2905
1058,2911
1058,2913
1058,2917
1058,2931
1058,2938
1058,2958
1058,2961
1058,2972
1058,2974
1058,2977
1058,2981
1058,2991
1058,3001
1058,3018
1058,3042
1058,3049
1058,3050
1058,3061
1058,3070
1058,3074
1058,3079
1058,3114
1058,3115
1058,3149
1058,3152
1058,3157
1058,3160
1058,3170
1058,3172
1058,3177
1058,3178
1058,3183
1058,3184
1058,3193
1058,3203
1058,3206
1058,3225
1058,3226
1058,3234
1058,3237
1058,3245
1058,3252
1058,3261
1058,3264
1058,3269
1058,3279
1058,3284
1058,3289
1058,3311
1058,3334
1058,3339
1058,3347
1058,3348
1058,3362
1058,3363
1058,3370
1058,3377
1058,3403
1058,3459
1058,3469
1058,3476
1058,3493
1058,3502
1058,3514
1058,3521
1058,3527
1058,3540
1058,3542
1058,3606
1058,3612
1058,3616
1058,3648
1058,3659
1058,3671
1058,3692
1058,3693
1058,3695
1058,3697
1058,3710
1058,3713
1058,3718
1058,3748
1058,3750
1058,3756
1058,3793
1058,3808
1058,3861
1058,3867
1058,3948
1058,3985
1058,3996
1058,3999
1058,4003
1058,4017
1058,4023
1058,4042
1058,4062
1058,4071
1058,4074
1058,4090
1058,4091
1058,4095
1058,4096
1058,4109
1058,4128
1058,4147
1058,4155
1058,4160
1058,4161
1058,4164
1058,4182
1058,4184
1058,4188
1058,4206
1058,4210
1058,4212
1058,4213
1058,4216
1058,4233
1058,4253
1058,4257
1058,4270
1058,4290
1058,4301
1058,4303
1058,4304
1058,4313
1058,4326
1058,4355
1058,4358
1058,4371
1058,4373
1058,4376
1058,4384
1058,4402
1058,4408
1058,4448
1058,4466
1058,4479
1058,4484
1058,4502
1058,4513
1058,4525
1058,4535
1058,4541
1058,4553
1058,4556
1058,4570
1058,4579
1058,4580
1058,4592
1058,4595
1058,4608
1058,4616
1058,4642
1058,4658
1058,4669
1058,4672
1058,4679
1058,4680
1058,4691
1058,4694
1058,4714
1058,4715
1058,4735
1058,4737
1058,4771
1058,4785
1058,4805
1058,4806
1058,4845
1058,4846
1058,4857
1058,4919
1058,4934
1058,5007
1058,5008
1058,5037
1058,5049
1058,5058
1058,5068
1058,5070
1058,5108
1058,5115
1058,5139
1058,5148
1058,5155
1058,5193
1058,5194
1058,5203
1058,5208
1058,5212
1058,5220
1058,5224
1058,5231
1058,5234
1058,5251
1058,5258
1058,5259
1058,5286
1058,5296
1058,5301
1058,5304
1058,5312
1058,5313
1058,5316
1058,5332
1058,5344
1058,5352
1058,5365
1058,5369
1058,5375
1058,5398
1058,5403
1058,5404
1058,5406
1058,5415
1058,5459
1058,5463
1058,5470
1058,5485
1058,5490
1058,5505
1058,5507
1058,5518
1058,5531
1058,5543
1058,5551
1058,5557
1058,5559
1058,5577
1058,5593
1058,5612
1058,5623
1058,5634
1058,5641
1058,5649
1058,5651
1058,5667
1058,5669
1058,5707
1058,5714
1058,5716
1058,5730
1058,5740
1058,5744
1058,5764
1058,5782
1058,5816
1058,5832
1058,5833
1058,5853
1058,5855
1058,5859
1058,5880
1058,5881
1058,5888
1058,5889
1058,5898
1058,5903
1058,5909
1058,5937
1058,5941
1058,5949
1058,5952
1058,5961
1058,5975
1058,5993
1058,6021
1058,6024
1058,6027
1058,6039
1058,6040
1058,6047
1058,6066
1058,6067
1058,6073
1058,6075
1058,6078
1058,6082
1058,6131
1058,6140
1058,6183
1058,6188
1058,6193
1058,6216
1058,6230
1058,6242
1058,6284
1058,6309
1058,6313
1058,6315
1058,6335
1058,6342
1058,6354
1058,6400
1058,6409
1058,6449
1058,6464
1058,6474
1058,6484
1058,6492
1058,6505
1058,6512
1058,6526
1058,6540
1058,6551
1058,6562
1058,6576
1058,6579
1058,6584
1058,6669
1058,6672
1058,6705
1058,6707
1058,6714
1058,6723
1058,6758
1058,6760
1058,6769
1058,6787
1058,6804
1058,6805
1058,6807
1058,6811
1058,6831
1058,6847
1058,6848
1058,6877
1058,6892
1058,6895
1058,6906
1058,6907
1058,6909
1058,6911
1058,6933
1058,6936
1058,6945
1058,6952
1058,6954
1058,6959
1058,6961
1058,6968
1058,6971
1058,6981
1058,6985
1058,6989
1058,6990
1058,6992
1058,6994
1058,7003
1058,7008
1058,7017
1058,7018
1058,7044
1058,7046
1058,7071
1058,7077
1058,7079
1058,7085
1058,7091
1058,7096
1058,7101
1058,7103
1058,7116
1058,7125
1058,7147
1058,7159
1058,7163
1058,7166
1058,7173
1058,7174
1058,7215
1058,7216
1058,7231
1058,7252
1058,7266
1058,7277
1058,7278
1058,7280
1058,7289
1058,7312
1058,7320
1058,7352
1058,7353
1058,7369
1058,7382
1058,7410
1058,7424
1058,7428
1058,7446
1058,7448
1058,7467
1058,7471
1058,7520
1058,7525
1058,7535
1058,7553
1058,7568
1058,7572
1058,7573
1058,7577
1058,7578
1058,7582
1058,7585
1058,7593
1058,7612
1059,452
1059,1307
1059,1341
1059,1398
1059,1405
1059,1606
1059,1793
1059,1968
1059,2278
1059,2580
1059,3126
1059,3200
1059,3390
1059,3505
1059,4036
1059,4299
1059,4481
1059,5021
1059,5096
1059,6697
1059,6883
1059,7002
1060,28
1060,36
1060,485
1060,536
1060,644
1060,920
1060,970
1060,1076
1060,1280
1060,1347
1060,1353
1060,1429
1060,1457
1060,1610
1060,1714
1060,1905
1060,1930
1060,2565
1060,2871
1060,3310
1060,3763
1060,4033
1060,4103
1060,4152
1060,4295
1060,5209
1060,5343
1060,5661
1060,5953
1060,5963
1060,6237
1060,6572
1060,6726
1060,6807
1060,7365
1060,7503
1060,7550
1061,222
1061,237
1061,520
1061,602
1061,709
1061,745
1061,884
1061,1438
1061,2064
1061,2329
1061,3084
1061,3104
1061,3431
1061,3494
1061,3759
1061,4087
1061,4443
1061,4530
1061,4647
1061,4925
1061,4978
1061,5523
1061,5793
1061,5877
1061,5911
1061,5934
1061,6130
1061,6355
1061,6975
1061,7388
1062,111
1062,784
1062,1176
1062,1730
1062,1790
1062,1990
1062,2175
1062,2205
1062,2629
1062,3019
1062,3115
1062,3739
1062,4185
1062,4592
1062,4805
1062,5212
1062,5301
1062,5312
1062,6647
1062,7446
1063,752
1063,994
1063,1058
1063,1291
1063,1348
1063,1575
1063,1862
1063,1954
1063,2170
1063,2208
1063,2431
1063,2703
1063,2772
1063,2897
1063,3202
1063,3672
1063,4067
1063,4376
1063,4573
1063,4670
1063,4805
1063,5251
1063,5313
1063,5550
1063,5556
1063,6592
1063,7147
1063,7416
1064,73
1064,170
1064,295
1064,606
1064,705
1064,1212
1064,1315
1064,1409
1064,1453
1064,1722
1064,2145
1064,2198
1064,2211
1064,2257
1064,2332
1064,2339
1064,2434
1064,2588
1064,2626
1064,2901
1064,3501
1064,3643
1064,3689
1064,3944
1064,3990
1064,4006
1064,4067
1064,4184
1064,4186
1064,4302
1064,4330
1064,4356
1064,4376
1064,4384
1064,4386
1064,4422
1064,4569
1064,4719
1064,4876
1064,5132
1064,5216
1064,5346
1064,5396
1064,5511
1064,5936
1064,5993
1064,6276
1064,6301
1064,6547
1064,6878
1064,6898
1064,6901
1064,7007
1064,7330
1064,7599
1065,112
1065,120
1065,166
1065,182
1065,187
1065,314
1065,520
1065,656
1065,695
1065,740
1065,817
1065,884
1065,982
1065,1171
1065,1247
1065,1303
1065,1446
1065,1502
1065,1523
1065,1567
1065,1702
1065,1804
1065,1808
1065,1909
1065,1923
1065,2148
1065,2196
1065,2328
1065,2333
1065,2534
1065,2774
1065,2792
1065,3258
1065,3530
1065,3656
1065,3684
1065,3754
1065,3988
1065,4088
1065,4145
1065,4146
1065,4610
1065,4800
1065,4849
1065,4937
1065,4943
1065,4950
1065,4951
1065,4993
1065,5053
1065,5092
1065,5153
1065,5169
1065,5237
1065,5429
1065,5432
1065,5515
1065,5523
1065,5697
1065,5698
1065,5827
1065,5860
1065,5867
1065,5884
1065,5934
1065,6090
1065,6130
1065,6344
1065,6376
1065,6396
1065,6423
1065,6480
1065,6482
1065,6652
1065,6806
1065,6937
1065,6993
1065,7009
1065,7133
1065,7136
1065,7530
1066,1
1066,483
1066,490
1066,584
1066,856
1066,1287
1066,2215
1066,2434
1066,2648
1066,3013
1066,3506
1066,4186
1066,4259
1066,4735
1066,6417
1066,7067
1066,7128
1066,7359
1067,23
1067,85
1067,260
1067,304
1067,345
1067,369
1067,542
1067,593
1067,869
1067,904
1067,951
1067,1113
1067,1268
1067,1293
1067,1368
1067,1421
1067,1453
1067,1570
1067,1663
1067,1784
1067,1798
1067,1842
1067,1862
1067,1959
1067,2013
1067,2039
1067,2106
1067,2128
1067,2198
1067,2370
1067,2571
1067,2671
1067,3149
1067,3347
1067,3408
1067,3459
1067,3693
1067,3756
1067,3895
1067,3958
1067,4184
1067,4286
1067,4326
1067,4384
1067,4385
1067,4608
1067,4768
1067,4787
1067,4806
1067,4847
1067,4952
1067,5222
1067,5468
1067,5641
1067,5646
1067,5707
1067,5740
1067,5816
1067,5945
1067,5955
1067,5976
1067,6492
1067,6551
1067,6646
1067,6702
1067,6707
1067,6892
1067,6906
1067,6933
1067,6971
1067,7003
1067,7044
1067,7071
1067,7395
1067,7428
1067,7464
1067,7535
1067,7537
1067,7568
1067,7607
1067,7628
1068,549
1068,1010
1068,1057
1068,1338
1068,1680
1068,1869
1068,2496
1068,2585
1068,2702
1068,2742
1068,3792
1068,3824
1068,3829
1068,4000
1068,4025
1068,4193
1068,4323
1068,4560
1068,4582
1068,4878
1068,5337
1068,5624
1068,5671
1068,6493
1068,6674
1068,6845
1068,6991
1068,7613
1069,91
1069,127
1069,143
1069,308
1069,336
1069,372
1069,432
1069,495
1069,583
1069,728
1069,766
1069,771
1069,776
1069,1014
1069,1030
1069,1091
1069,1094
1069,1133
1069,1418
1069,1432
1069,1486
1069,1673
1069,1682
1069,1794
1069,1802
1069,1817
1069,2021
1069,2028
1069,2055
1069,2143
1069,2368
1069,2450
1069,2490
1069,2522
1069,2577
1069,2809
1069,2908
1069,2977
1069,2993
1069,3015
1069,3077
1069,3223
1069,3257
1069,3269
1069,3330
1069,3421
1069,3466
1069,3578
1069,3607
1069,3672
1069,3695
1069,3756
1069,3773
1069,3781
1069,3866
1069,3887
1069,3890
1069,3895
1069,4037
1069,4054
1069,4062
1069,4109
1069,4223
1069,4343
1069,4562
1069,4764
1069,4890
1069,4987
1069,5363
1069,5455
1069,5676
1069,5749
1069,5785
1069,5936
1069,5941
1069,5962
1069,6098
1069,6118
1069,6448
1069,6522
1069,6565
1069,6581
1069,6892
1069,7005
1069,7029
1069,7067
1069,7079
1069,7171
1069,7222
1069,7226
1069,7349
1069,7370
1069,7478
1069,7603
1069,7623
1069,7632
1070,2143
1070,2371
1070,2611
1070,2999
1070,3183
1070,3199
1070,3330
1070,3410
1070,3559
1070,3607
1070,3681
1070,3762
1070,3895
1070,4046
1070,4228
1070,6098
1070,7067
1070,7269
1071,451
1071,1201
1071,1387
1071,1968
1071,1971
1071,3228
1071,4036
1071,4481
1071,6883
1071,7567
1072,239
1072,988
1072,1251
1072,1503
1072,1951
1072,3735
1072,3872
1072,4689
1072,5057
1072,5119
1072,5337
1072,5382
1072,5970
1072,6523
1072,6768
1072,6814
1072,7081
1072,7178
1072,7475
1072,7586
1072,7620
1073,273
1073,458
1073,797
1073,965
1073,983
1073,1233
1073,2757
1073,3150
1073,3771
1073,4101
1073,6052
1073,6653
1073,6657
1073,7565
1074,2285
1075,67
1075,373
1075,472
1075,872
1075,1107
1075,1181
1075,1381
1075,1534
1075,1541
1075,2293
1075,2505
1075,2709
1075,2764
1075,2830
1075,2875
1075,3145
1075,3197
1075,3525
1075,3534
1075,3673
1075,4118
1075,4328
1075,4346
1075,4810
1075,4906
1075,5185
1075,5314
1075,5338
1075,5918
1075,6431
1075,6504
1075,6821
1075,7176
1075,7427
1076,51
1076,103
1076,551
1076,930
1076,1060
1076,1310
1076,1596
1076,2143
1076,2239
1076,2371
1076,2565
1076,2765
1076,3109
1076,3503
1076,3698
1076,3744
1076,3895
1076,4384
1076,4422
1076,4490
1076,4908
1076,4952
1076,5191
1076,5461
1076,6001
1076,6269
1076,6297
1076,6593
1076,6618
1076,6629
1076,6713
1076,6726
1076,6920
1076,7409
1076,7596
1076,7599
1077,2815
1077,5086
1078,930
1078,1252
1078,1261
1078,1270
1078,1525
1078,1596
1078,1961
1078,2524
1078,2629
1078,2997
1078,3109
1078,3351
1078,3724
1078,3744
1078,3969
1078,4295
1078,4356
1078,4407
1078,5191
1078,5506
1078,5947
1078,6119
1078,6629
1078,7596
1079,22
1079,273
1079,284
1079,315
1079,554
1079,557
1079,794
1079,965
1079,995
1079,1587
1079,1656
1079,1772
1079,1845
1079,1982
1079,2226
1079,2240
1079,2382
1079,2654
1079,2757
1079,3376
1079,3391
1079,3563
1079,3741
1079,3892
1079,3924
1079,3941
1079,4008
1079,4125
1079,4143
1079,4171
1079,4208
1079,4280
1079,4351
1079,4426
1079,4673
1079,5587
1079,5627
1079,5686
1079,5754
1079,6125
1079,6645
1079,6653
1079,7314
1079,7504
1079,7541
1079,7565
1080,301
1080,829
1080,2863
1080,5912
1081,89
1081,369
1081,593
1081,732
1081,1663
1081,1723
1081,1738
1081,2239
1081,2832
1081,3359
1081,4164
1081,4522
1081,4578
1081,4641
1081,5404
1081,5881
1081,5903
1081,6468
1081,6526
1081,6678
1081,6702
1081,6830
1082,419
1082,522
1082,1002
1082,1024
1082,1194
1082,1236
1082,1591
1082,1899
1082,2095
1082,2117
1082,2173
1082,2309
1082,2556
1082,2819
1082,2887
1082,3257
1082,3621
1082,3657
1082,4217
1082,4650
1082,4791
1082,4812
1082,4828
1082,4848
1082,5061
1082,5133
1082,5327
1082,5568
1082,5595
1082,5932
1082,6054
1082,6175
1082,6289
1082,6343
1082,6759
1082,6807
1082,6983
1082,7398
1083,1354
1083,2877
1083,5297
1083,6816
1083,7162
1084,669
1084,804
1084,892
1084,898
1084,1448
1084,1979
1084,2111
1084,2279
1084,2893
1084,2917
1084,3457
1084,3510
1084,3742
1084,3837
1084,3964
1084,4069
1084,4503
1084,4990
1084,5115
1084,5189
1084,5786
1084,5944
1084,6512
1084,6569
1084,6715
1084,6879
1084,7130
1084,7250
1084,7608
1085,371
1085,2085
1085,3200
1085,6150
1085,6456
1085,6809
1085,6862
1085,7185
1085,7199
1085,7429
1086,147
1086,398
1086,444
1086,481
1086,510
1086,744
1086,812
1086,837
1086,1096
1086,1223
1086,1292
1086,1477
1086,1529
1086,1562
1086,1622
1086,1646
1086,1683
1086,2499
1086,2873
1086,2926
1086,3180
1086,3211
1086,3255
1086,3393
1086,3411
1086,3449
1086,3452
1086,3733
1086,4117
1086,4244
1086,4411
1086,4485
1086,4494
1086,4498
1086,4524
1086,4607
1086,4663
1086,4873
1086,5270
1086,5345
1086,5609
1086,5784
1086,5974
1086,6106
1086,6311
1086,6488
1086,6709
1086,7024
1086,7324
1086,7383
1086,7444
1086,7489
1086,7598
1087,148
1087,545
1087,676
1087,1009
1087,1010
1087,1057
1087,1534
1087,1674
1087,1924
1087,2074
1087,2077
1087,2236
1087,2315
1087,2477
1087,2606
1087,2963
1087,3154
1087,3205
1087,3233
1087,3327
1087,4239
1087,4656
1087,4705
1087,5238
1087,5578
1087,5583
1087,5746
1087,6241
1087,6433
1088,10
1088,1736
1088,3678
1088,3711
1088,3749
1088,4723
1088,5110
1088,5929
1088,6357
1088,7348
1089,1058
1089,1575
1089,2198
1089,3359
1089,4376
1089,4384
1089,5286
1089,5404
1089,5455
1089,7277
1090,1291
1090,1521
1090,1899
1090,2215
1090,3506
1090,3559
1090,4067
1090,4153
1090,4384
1090,5132
1090,5709
1090,5798
1090,6412
1090,6909
1091,62
1091,287
1091,495
1091,502
1091,535
1091,766
1091,771
1091,1030
1091,1069
1091,1499
1091,1682
1091,1802
1091,1817
1091,1862
1091,1956
1091,2028
1091,2143
1091,2577
1091,2676
1091,2763
1091,2993
1091,3183
1091,3246
1091,3330
1091,3421
1091,3607
1091,3671
1091,3866
1091,3871
1091,3895
1091,3959
1091,4037
1091,4054
1091,4223
1091,4343
1091,4692
1091,4764
1091,4890
1091,4987
1091,5079
1091,5080
1091,5098
1091,5144
1091,5171
1091,5213
1091,5366
1091,5378
1091,5957
1091,5998
1091,6017
1091,6118
1091,6581
1091,7067
1091,7102
1091,7171
1091,7180
1091,7269
1091,7452
1091,7480
1091,7603
1091,7623
1092,134
1092,739
1092,1744
1092,2095
1092,2556
1092,2778
1092,3243
1092,4217
1092,4376
1092,4791
1092,5042
1092,5133
1092,5958
1092,7276
1093,593
1093,1113
1093,1330
1093,1712
1093,1798
1093,2198
1093,3804
1093,3895
1093,4376
1093,4384
1093,4465
1093,4806
1093,4952
1093,4983
1093,5626
1093,6409
1093,6971
1093,7003
1093,7071
1094,62
1094,304
1094,432
1094,535
1094,718
1094,766
1094,881
1094,1013
1094,1069
1094,1267
1094,1339
1094,1377
1094,2009
1094,2143
1094,2198
1094,2202
1094,2239
1094,2580
1094,3223
1094,3277
1094,3359
1094,3578
1094,3607
1094,3895
1094,4054
1094,4223
1094,4230
1094,4343
1094,5676
1094,6437
1094,6522
1094,6551
1094,6581
1094,7054
1094,7067
1094,7269
1095,4452
1095,5521
1096,147
1096,481
1096,679
1096,744
1096,812
1096,837
1096,855
1096,1086
1096,1292
1096,1466
1096,1477
1096,1622
1096,1889
1096,2489
1096,2499
1096,2926
1096,3180
1096,3449
1096,3733
1096,3904
1096,4047
1096,4123
1096,4191
1096,4244
1096,4411
1096,4487
1096,4498
1096,4663
1096,4681
1096,5573
1096,5784
1096,5974
1096,6106
1096,6311
1096,6488
1096,6829
1096,7489
1097,269
1097,593
1097,924
1097,1018
1097,1058
1097,1152
1097,1178
1097,1210
1097,1357
1097,1415
1097,1744
1097,1796
1097,1899
1097,1959
1097,1993
1097,2039
1097,2106
1097,2115
1097,2198
1097,2206
1097,2553
1097,2571
1097,2913
1097,2981
1097,3074
1097,3138
1097,3160
1097,3311
1097,3469
1097,3623
1097,3748
1097,4071
1097,4164
1097,4376
1097,4384
1097,4538
1097,4608
1097,4805
1097,5070
1097,5132
1097,5234
1097,5372
1097,5404
1097,5415
1097,5612
1097,5649
1097,5734
1097,5740
1097,5816
1097,5833
1097,5881
1097,5979
1097,6409
1097,6551
1097,6597
1097,6702
1097,6707
1097,6847
1097,7003
1097,7021
1097,7215
1097,7352
1097,7464
1097,7477
1097,7572
1097,7607
1098,114
1098,161
1098,389
1098,393
1098,456
1098,714
1098,881
1098,1185
1098,1479
1098,1872
1098,2062
1098,2113
1098,2239
1098,2586
1098,2626
1098,2743
1098,3157
1098,3216
1098,3277
1098,3532
1098,3983
1098,3990
1098,4154
1098,4373
1098,4522
1098,4565
1098,4731
1098,4735
1098,4987
1098,5289
1098,6069
1098,6403
1098,6604
1098,6854
1098,7032
1098,7290
1098,7298
1098,7330
1098,7510
1098,7524
1099,932
1099,2366
1099,2538
1099,3201
1099,3361
1099,4237
1099,4399
1099,4861
1099,5163
1099,5439
1099,6138
1099,6347
1099,7405
1099,7460
1100,522
1100,593
1100,659
1100,774
1100,924
1100,1467
1100,1517
1100,1744
1100,1899
1100,2206
1100,2408
1100,2485
1100,2598
1100,2628
1100,2649
1100,2689
1100,3051
1100,3138
1100,3185
1100,3373
1100,3445
1100,3623
1100,3683
1100,3704
1100,3721
1100,4755
1100,4812
1100,4946
1100,5013
1100,5037
1100,5048
1100,5070
1100,5077
1100,5148
1100,5518
1100,5543
1100,5734
1100,5769
1100,5780
1100,5853
1100,5881
1100,5897
1100,5904
1100,6414
1100,6526
1100,6669
1100,6702
1100,6787
1100,6887
1100,6968
1100,7021
1100,7247
1100,7280
1101,593
1101,1058
1101,6702
1101,7103
1102,40
1102,42
1102,61
1102,85
1102,258
1102,290
1102,304
1102,593
1102,633
1102,687
1102,1058
1102,1249
1102,1284
1102,1663
1102,1708
1102,1899
1102,2198
1102,2205
1102,2215
1102,2239
1102,2370
1102,2380
1102,2911
1102,2913
1102,3079
1102,3502
1102,3559
1102,3623
1102,3632
1102,3683
1102,3748
1102,3782
1102,3808
1102,4153
1102,4164
1102,4184
1102,4376
1102,4805
1102,4806
1102,4870
1102,4983
1102,5042
1102,5070
1102,5132
1102,5199
1102,5296
1102,5372
1102,5404
1102,5415
1102,5689
1102,5707
1102,5734
1102,5782
1102,5797
1102,5816
1102,5881
1102,6414
1102,6646
1102,6658
1102,6702
1102,6985
1102,7036
1102,7071
1102,7209
1102,7296
1102,7369
1102,7395
1102,7535
1102,7572
1102,7597
1103,858
1103,1007
1103,1929
1103,1966
1103,2125
1103,2138
1103,2195
1103,2198
1103,2239
1103,2518
1103,2781
1103,3469
1103,3527
1103,4805
1103,4831
1103,5180
1103,6012
1103,6246
1103,7335
1103,7456
1104,260
1104,1268
1104,1377
1104,2042
1104,2198
1104,2239
1104,3183
1104,3264
1104,4083
1104,4366
1104,4384
1104,4768
1104,4952
1104,5404
1104,5412
1104,6284
1104,6707
1104,7330
1104,7464
1104,7572
1104,7628
1105,89
1105,258
1105,260
1105,1798
1105,2198
1105,2239
1105,2510
1105,3063
1105,3152
1105,3277
1105,3359
1105,3364
1105,3594
1105,3912
1105,4154
1105,4164
1105,4267
1105,4384
1105,4511
1105,4768
1105,4806
1105,5199
1105,5404
1105,5707
1105,5816
1105,5909
1105,6039
1105,6551
1105,6646
1105,7071
1106,60
1106,304
1106,446
1106,593
1106,780
1106,1444
1106,1472
1106,1524
1106,1999
1106,2113
1106,2142
1106,2194
1106,2198
1106,2239
1106,2275
1106,2571
1106,2659
1106,2967
1106,3183
1106,3428
1106,3538
1106,4210
1106,4253
1106,4286
1106,4376
1106,4952
1106,5132
1106,5707
1106,5881
1106,6001
1106,6437
1106,6537
1106,6551
1106,6646
1106,6702
1106,7395
1107,150
1107,241
1107,480
1107,545
1107,918
1107,950
1107,1009
1107,1010
1107,1057
1107,1075
1107,1161
1107,1338
1107,2034
1107,2051
1107,2074
1107,2136
1107,2315
1107,2585
1107,2606
1107,2830
1107,3038
1107,3121
1107,3186
1107,3354
1107,3495
1107,3534
1107,3622
1107,3633
1107,3746
1107,3993
1107,4346
1107,4533
1107,4656
1107,4698
1107,5024
1107,5314
1107,5358
1107,5466
1107,5583
1107,5671
1107,5723
1107,5746
1107,5838
1107,5841
1107,6187
1107,6504
1107,6606
1107,6674
1107,6991
1107,7281
1108,28
1108,188
1108,947
1108,1414
1108,1700
1108,1753
1108,2166
1108,2198
1108,2239
1108,2287
1108,2339
1108,2663
1108,2823
1108,3070
1108,3080
1108,3152
1108,3331
1108,4458
1108,4746
1108,4771
1108,5007
1108,5056
1108,5155
1108,5167
1108,5412
1108,5559
1108,5909
1108,6354
1108,6406
1108,6527
1108,6664
1108,7305
1108,7467
1109,101
1109,148
1109,195
1109,630
1109,676
1109,859
1109,1515
1109,1674
1109,1946
1109,2077
1109,2236
1109,2319
1109,2338
1109,2436
1109,2477
1109,2505
1109,2695
1109,3495
1109,4019
1109,4108
1109,4283
1109,4495
1109,4628
1109,4705
1109,5137
1109,5616
1109,5624
1109,5713
1109,5885
1109,6191
1109,6203
1109,6433
1109,6735
1109,7639
1109,7641
1110,1534
1111,72
1111,485
1111,920
1111,1280
1111,1429
1111,1627
1111,1777
1111,2740
1111,3577
1111,4390
1111,5114
1111,5364
1111,5437
1111,5615
1111,5843
1111,6600
1111,6807
1112,930
1112,1377
1112,1427
1112,1444
1112,1563
1112,2239
1112,2750
1112,3488
1112,3532
1112,4230
1112,4406
1112,5839
1112,5931
1112,6437
1113,23
1113,85
1113,103
1113,124
1113,132
1113,192
1113,240
1113,260
1113,369
1113,415
1113,475
1113,593
1113,626
1113,693
1113,813
1113,814
1113,836
1113,841
1113,903
1113,904
1113,973
1113,1011
1113,1058
1113,1067
1113,1093
1113,1218
1113,1232
1113,1284
1113,1293
1113,1330
1113,1402
1113,1453
1113,1621
1113,1663
1113,1665
1113,1668
1113,1684
1113,1708
1113,1711
1113,1712
1113,1798
1113,1840
1113,1847
1113,1902
1113,1927
1113,1945
1113,2013
1113,2021
1113,2039
1113,2106
1113,2129
1113,2166
1113,2194
1113,2198
1113,2239
1113,2302
1113,2320
1113,2370
1113,2410
1113,2549
1113,2571
1113,2617
1113,2661
1113,2671
1113,2744
1113,2745
1113,2770
1113,2787
1113,2852
1113,2881
1113,2888
1113,2911
1113,2974
1113,3025
1113,3079
1113,3132
1113,3183
1113,3185
1113,3225
1113,3226
1113,3311
1113,3347
1113,3363
1113,3377
1113,3384
1113,3408
1113,3538
1113,3664
1113,3692
1113,3748
1113,3758
1113,3808
1113,3895
1113,3926
1113,3970
1113,3996
1113,4054
1113,4083
1113,4184
1113,4233
1113,4262
1113,4303
1113,4313
1113,4376
1113,4384
1113,4556
1113,4608
1113,4616
1113,4680
1113,4806
1113,4865
1113,4952
1113,5095
1113,5132
1113,5259
1113,5278
1113,5281
1113,5286
1113,5296
1113,5350
1113,5351
1113,5381
1113,5404
1113,5459
1113,5623
1113,5626
1113,5730
1113,5732
1113,5756
1113,5816
1113,5858
1113,5859
1113,5941
1113,5955
1113,5976
1113,5982
1113,6024
1113,6208
1113,6284
1113,6313
1113,6451
1113,6468
1113,6551
1113,6640
1113,6678
1113,6702
1113,6707
1113,6760
1113,6802
1113,6810
1113,6848
1113,6880
1113,6889
1113,6971
1113,7044
1113,7071
1113,7085
1113,7105
1113,7174
1113,7296
1113,7331
1113,7410
1113,7428
1113,7464
1113,7465
1113,7487
1113,7520
1113,7535
1113,7580
1113,7582
1113,7597
1113,7603
1114,281
1114,354
1114,452
1114,1201
1114,1754
1114,1837
1114,2203
1114,2278
1114,2403
1114,2580
1114,2858
1114,3402
1114,3943
1114,4119
1114,4998
1114,5196
1114,5233
1114,6158
1114,6204
1114,6292
1114,7028
1114,7625
1115,126
1115,144
1115,204
1115,824
1115,932
1115,1128
1115,1262
1115,1664
1115,1772
1115,1841
1115,2140
1115,2318
1115,2366
1115,2388
1115,2391
1115,2528
1115,2939
1115,2949
1115,3135
1115,3201
1115,3361
1115,3803
1115,3879
1115,4226
1115,4399
1115,4861
1115,5131
1115,5439
1115,5611
1115,6138
1115,6199
1115,6347
1115,6550
1115,6622
1115,7317
1115,7347
1115,7460
1116,330
1116,407
1116,1216
1116,1274
1116,1530
1116,2246
1116,2721
1116,3668
1116,3977
1116,4841
1116,4898
1116,5159
1116,5622
1116,5770
1116,5837
1116,7192
1116,7303
1117,193
1117,292
1117,6116
1117,6501
1117,7064
1118,2612
1118,4362
1118,4725
1118,4757
1118,6719
1118,6851
1118,6868
1119,1375
1119,4516
1119,5027
1120,499
1120,766
1120,892
1120,1241
1120,1448
1120,1660
1120,2425
1120,3466
1120,3480
1120,3578
1120,3665
1120,3695
1120,3757
1120,4790
1120,4990
1120,5378
1120,5574
1120,5943
1120,7029
1120,7307
1120,7467
1120,7584
1120,7587
1121,20
1121,73
1121,606
1121,1820
1121,4986
1121,5321
1121,6119
1121,6563
1121,6777
1122,189
1122,275
1122,328
1122,517
1122,801
1122,1391
1122,1696
1122,1759
1122,1849
1122,1969
1122,2132
1122,2281
1122,2596
1122,2643
1122,2754
1122,2822
1122,2925
1122,3272
1122,3305
1122,3840
1122,4312
1122,4467
1122,4739
1122,4960
1122,5409
1122,5448
1122,5692
1122,6391
1122,6416
1122,6842
1122,7013
1123,31
1123,84
1123,157
1123,1051
1123,1395
1123,2876
1123,2930
1123,3860
1123,4907
1123,5580
1123,6515
1123,7026
1123,7545
1124,144
1124,350
1124,550
1124,729
1124,730
1124,932
1124,997
1124,1055
1124,1262
1124,1326
1124,1354
1124,1533
1124,1638
1124,1676
1124,1823
1124,2109
1124,2140
1124,2391
1124,2710
1124,2951
1124,3128
1124,3231
1124,3266
1124,3919
1124,4144
1124,4237
1124,4512
1124,4613
1124,4923
1124,5271
1124,5297
1124,5410
1124,5537
1124,5673
1124,5759
1124,6347
1124,6428
1124,6816
1124,7011
1124,7230
1124,7264
1124,7268
1124,7356
1124,7460
1124,7565
1125,920
1125,1280
1125,1429
1125,1457
1125,1714
1125,1905
1125,2198
1125,2565
1125,4033
1125,4295
1125,5209
1125,6593
1125,6807
1125,6852
1126,1830
1126,3668
1126,3904
1126,3977
1126,4244
1126,4968
1126,5038
1127,593
1127,1684
1127,3438
1127,3704
1127,6414
1127,6702
1128,982
1128,1115
1128,1804
1128,1909
1128,3198
1128,4240
1128,4849
1128,5867
1128,6138
1128,6207
1128,6396
1128,7208
1129,85
1129,906
1129,1189
1129,1432
1129,2198
1129,2440
1129,2558
1129,3049
1129,3548
1129,3574
1129,4805
1129,4892
1129,5068
1129,5132
1129,6038
1129,6624
1129,6740
1129,7032
1129,7116
1129,7195
1129,7201
1129,7296
1130,495
1130,634
1130,1252
1130,1261
1130,1442
1130,2372
1130,2445
1130,2465
1130,3336
1130,3578
1130,4805
1130,4922
1130,4994
1130,5454
1130,5664
1130,6549
1131,204
1131,315
1131,581
1131,965
1131,2756
1131,3903
1131,3924
1131,4125
1131,4143
1131,4280
1131,4899
1131,5019
1131,5131
1131,5380
1131,6088
1131,6653
1131,7314
1131,7565
1132,381
1132,613
1132,2162
1132,4121
1132,4136
1132,4621
1132,5253
1132,5318
1132,5422
1132,6274
1132,6491
1132,7200
1132,7591
1133,49
1133,73
1133,382
1133,502
1133,551
1133,584
1133,881
1133,1069
1133,1189
1133,1289
1133,1361
1133,1432
1133,1442
1133,1472
1133,1682
1133,2143
1133,2198
1133,2332
1133,2363
1133,3183
1133,3212
1133,3330
1133,3878
1133,3959
1133,4080
1133,4384
1133,4406
1133,4952
1133,5280
1133,5845
1133,5926
1133,6211
1133,6440
1133,6743
1133,7149
1133,7330
1133,7599
1134,73
1134,807
1134,1252
1134,1295
1134,1454
1134,1610
1134,1984
1134,2160
1134,3866
1134,4324
1134,4867
1134,5633
1134,6245
1134,6314
1134,6549
1134,6994
1134,7334
1134,7442
1134,7498
1134,7621
1135,608
1135,798
1135,1606
1135,2429
1135,2851
1135,3200
1135,3414
1135,3537
1135,4401
1135,4996
1135,5683
1135,6080
1135,6862
1135,6903
1135,7002
1135,7082
1135,7327
1136,5526
1137,2106
1137,2320
1137,3895
1137,4384
1137,5296
1137,5816
1138,5684
1138,7620
1139,40
1139,51
1139,143
1139,456
1139,1185
1139,1820
1139,1904
1139,2113
1139,2225
1139,2299
1139,2586
1139,2795
1139,3179
1139,3339
1139,4033
1139,4062
1139,4173
1139,4294
1139,4301
1139,4735
1139,4879
1139,4940
1139,5321
1139,5504
1139,6119
1139,6369
1139,6452
1139,6777
1140,96
1141,1283
1141,2862
1141,3075
1141,4124
1141,4643
1141,6394
1141,7115
1142,2862
1142,6433
1142,7120
1143,100
1143,146
1143,395
1143,1362
1143,1618
1143,1987
1143,2131
1143,2265
1143,2374
1143,2910
1143,3005
1143,3120
1143,3778
1143,4189
1143,4378
1143,4577
1143,4687
1143,5115
1143,5175
1143,5379
1143,5862
1143,6114
1143,6378
1143,6592
1143,6729
1143,7304
1144,1201
1144,2278
1144,7083
1145,4194
1145,4371
1145,4670
1145,4805
1145,6945
1145,7467
1146,204
1146,581
1146,932
1146,968
1146,1237
1146,1392
1146,1737
1146,2528
1146,3201
1146,3361
1146,3431
1146,3569
1146,4237
1146,4351
1146,4399
1146,4414
1146,4418
1146,4557
1146,4726
1146,4861
1146,5131
1146,5444
1146,6138
1146,6199
1146,6623
1146,7208
1146,7631
1147,68
1147,104
1147,281
1147,348
1147,354
1147,396
1147,416
1147,451
1147,452
1147,457
1147,547
1147,594
1147,624
1147,635
1147,792
1147,799
1147,823
1147,929
1147,1025
1147,1154
1147,1168
1147,1201
1147,1203
1147,1208
1147,1231
1147,1265
1147,1300
1147,1366
1147,1387
1147,1542
1147,1557
1147,1590
1147,1605
1147,1754
1147,1779
1147,1837
1147,1968
1147,1971
1147,2029
1147,2203
1147,2276
1147,2278
1147,2403
1147,2578
1147,2580
1147,2642
1147,2692
1147,2696
1147,2716
1147,2735
1147,2841
1147,2846
1147,2858
1147,2919
1147,2937
1147,3110
1147,3286
1147,3301
1147,3390
1147,3402
1147,3505
1147,3522
1147,3535
1147,3769
1147,3943
1147,4011
1147,4036
1147,4059
1147,4090
1147,4119
1147,4132
1147,4139
1147,4166
1147,4327
1147,4444
1147,4481
1147,4547
1147,4550
1147,4568
1147,4825
1147,4927
1147,4977
1147,4998
1147,5021
1147,5055
1147,5073
1147,5112
1147,5149
1147,5196
1147,5233
1147,5246
1147,5353
1147,5590
1147,5712
1147,5766
1147,6011
1147,6158
1147,6375
1147,6455
1147,6638
1147,6659
1147,6697
1147,6833
1147,6863
1147,6883
1147,6932
1147,6938
1147,6943
1147,7028
1147,7040
1147,7066
1147,7148
1147,7301
1147,7350
1147,7533
1147,7567
1147,7571
1147,7625
1148,4305
1148,5521
1149,64
1149,249
1149,297
1149,307
1149,355
1149,543
1149,996
1149,1151
1149,1692
1149,1740
1149,1807
1149,2168
1149,2413
1149,2534
1149,2874
1149,2947
1149,3135
1149,3147
1149,3494
1149,3511
1149,3736
1149,4005
1149,4093
1149,4202
1149,4322
1149,4611
1149,5046
1149,5104
1149,5803
1149,6144
1149,6524
1149,6988
1149,7108
1149,7408
1149,7449
1149,7472
1150,4907
1150,5684
1150,5746
1150,7620
1151,249
1151,307
1151,355
1151,996
1151,1149
1151,1740
1151,1807
1151,2168
1151,2413
1151,2534
1151,2874
1151,2947
1151,3135
1151,3147
1151,3511
1151,4005
1151,4322
1151,5046
1151,5128
1151,5803
1151,6144
1151,7108
1151,7220
1151,7408
1151,7449
1151,7509
1152,42
1152,94
1152,260
1152,358
1152,369
1152,400
1152,455
1152,552
1152,593
1152,774
1152,811
1152,813
1152,906
1152,1018
1152,1058
1152,1097
1152,1178
1152,1210
1152,1211
1152,1254
1152,1357
1152,1415
1152,1447
1152,1467
1152,1663
1152,1744
1152,1796
1152,1797
1152,1899
1152,1993
1152,2115
1152,2198
1152,2206
1152,2239
1152,2370
1152,2393
1152,2471
1152,2553
1152,2571
1152,2573
1152,2637
1152,2645
1152,2736
1152,2882
1152,3001
1152,3074
1152,3185
1152,3373
1152,3623
1152,3720
1152,4071
1152,4164
1152,4241
1152,4376
1152,4384
1152,4590
1152,4641
1152,4688
1152,4805
1152,4934
1152,5042
1152,5132
1152,5234
1152,5251
1152,5286
1152,5365
1152,5404
1152,5415
1152,5543
1152,5577
1152,5612
1152,5707
1152,5734
1152,5816
1152,5833
1152,5878
1152,5881
1152,6149
1152,6551
1152,6669
1152,6678
1152,6702
1152,6787
1152,6847
1152,7003
1152,7046
1152,7105
1152,7166
1152,7215
1152,7352
1152,7395
1152,7440
1152,7477
1152,7520
1152,7526
1152,7572
1152,7582
1153,15
1153,835
1153,2239
1153,3197
1153,3578
1153,4194
1153,4344
1153,4805
1153,5213
1153,7391
1154,304
1154,354
1154,451
1154,452
1154,547
1154,1147
1154,1265
1154,1393
1154,1542
1154,1837
1154,1968
1154,1971
1154,2203
1154,2278
1154,2403
1154,2578
1154,2580
1154,2696
1154,2846
1154,2919
1154,2937
1154,3286
1154,3301
1154,3505
1154,3522
1154,3943
1154,4036
1154,4119
1154,4166
1154,4481
1154,4550
1154,5021
1154,5196
1154,5246
1154,6158
1154,6455
1154,6863
1154,6883
1154,7301
1154,7533
1154,7625
1155,6359
1156,301
1156,2863
1156,3397
1157,216
1157,324
1157,1743
1157,2508
1157,3220
1157,5250
1157,5272
1157,5465
1157,6532
1157,6965
1158,162
1158,1961
1158,2304
1158,3600
1158,3716
1158,3802
1158,5483
1159,310
1159,548
1159,1290
1159,3405
1159,6908
1159,7078
1160,13
1160,878
1160,1924
1160,3095
1160,3197
1160,3387
1160,3534
1160,4646
1160,5121
1161,1049
1161,1057
1161,1107
1161,2034
1161,2074
1161,2136
1161,2606
1161,3186
1161,3354
1161,3622
1161,3746
1161,3993
1161,4346
1161,5358
1161,5671
1161,5723
1161,6656
1161,6674
1161,6991
1162,617
1162,708
1162,740
1162,783
1162,1367
1162,1593
1162,1737
1162,1903
1162,1909
1162,2517
1162,2554
1162,2666
1162,2792
1162,3143
1162,3494
1162,4075
1162,4088
1162,4149
1162,4214
1162,4379
1162,5034
1162,5127
1162,5581
1162,5973
1162,6090
1162,6094
1162,6130
1162,6206
1162,6453
1162,6635
1162,6681
1162,6855
1162,7198
1162,7208
1162,7282
1163,456
1163,756
1163,3612
1163,6246
1164,84
1164,195
1164,1049
1164,1419
1164,1536
1164,1554
1164,3222
1164,3227
1164,3248
1164,3396
1164,3661
1164,4341
1164,4646
1164,4875
1164,4907
1164,5326
1164,5519
1164,5684
1164,6087
1164,6169
1164,6515
1164,6813
1164,6817
1164,6818
1164,7620
1165,319
1165,484
1165,593
1165,633
1165,1467
1165,1513
1165,1663
1165,1684
1165,1723
1165,1738
1165,1796
1165,1899
1165,2102
1165,2198
1165,2239
1165,2380
1165,3359
1165,3946
1165,4380
1165,4816
1165,5006
1165,5042
1165,5372
1165,5584
1165,5679
1165,6183
1165,6354
1165,6409
1165,6551
1165,6673
1165,6702
1165,6707
1165,7150
1165,7247
1165,7311
1166,148
1166,160
1166,676
1166,1386
1166,1596
1166,2236
1166,2607
1166,3327
1166,3524
1166,3645
1166,3705
1166,3865
1166,4521
1166,4560
1166,4705
1166,5172
1166,6314
1166,6433
1166,6516
1166,6741
1166,7030
1166,7507
1167,304
1167,1280
1167,1421
1167,1744
1167,1798
1167,2198
1167,2239
1167,3408
1167,3623
1167,3715
1167,3947
1167,4114
1167,4164
1167,4792
1167,5664
1167,6077
1167,7395
1168,281
1168,354
1168,452
1168,624
1168,823
1168,1025
1168,1147
1168,1201
1168,1300
1168,1358
1168,1366
1168,1571
1168,1576
1168,1602
1168,1754
1168,1779
1168,1837
1168,1971
1168,2203
1168,2276
1168,2278
1168,2580
1168,3254
1168,3402
1168,3522
1168,3943
1168,4119
1168,4132
1168,4166
1168,4389
1168,4481
1168,4568
1168,4977
1168,4998
1168,5021
1168,5196
1168,5353
1168,6158
1168,6455
1168,6638
1168,6697
1168,6863
1168,6883
1168,7028
1168,7148
1168,7301
1168,7533
1168,7571
1168,7625
1169,192
1169,593
1169,1210
1169,1232
1169,1712
1169,2198
1169,2406
1169,2571
1169,3748
1169,4384
1169,5330
1169,6449
1170,260
1170,475
1170,479
1170,593
1170,727
1170,904
1170,1058
1170,1268
1170,1293
1170,1453
1170,1798
1170,1999
1170,2198
1170,2239
1170,2370
1170,2571
1170,2671
1170,3034
1170,3428
1170,3538
1170,3693
1170,3698
1170,3748
1170,3895
1170,3958
1170,4080
1170,4164
1170,4376
1170,4384
1170,4578
1170,4806
1170,4952
1170,5132
1170,5296
1170,5404
1170,5859
1170,6098
1170,6265
1170,6409
1170,6551
1170,6618
1170,6673
1170,6702
1170,6707
1170,6825
1170,6892
1170,6971
1170,7071
1170,7464
1170,7487
1170,7535
1170,7607
1171,1065
1171,1446
1171,1523
1171,1537
1171,3656
1171,3915
1171,6130
1171,6247
1172,2239
1174,305
1174,573
1174,1280
1174,1457
1174,1510
1174,1596
1174,1610
1174,1961
1174,3256
1174,3394
1174,3512
1174,3698
1174,3744
1174,3789
1174,3969
1174,4295
1174,4407
1174,5654
1174,5694
1174,6572
1174,6590
1174,6730
1174,6807
1174,7288
1174,7374
1175,195
1175,202
1175,549
1175,627
1175,941
1175,1454
1175,1534
1175,2014
1175,2052
1175,2428
1175,2662
1175,2833
1175,3086
1175,3219
1175,3227
1175,3239
1175,3244
1175,3729
1175,3869
1175,4106
1175,4209
1175,4628
1175,4633
1175,4665
1175,4689
1175,4738
1175,4906
1175,5035
1175,5172
1175,5185
1175,5454
1175,6433
1175,6548
1175,6549
1175,6642
1175,6735
1175,6813
1175,7641
1176,352
1176,526
1176,784
1176,832
1176,1026
1176,1062
1176,1730
1176,1790
1176,2111
1176,2175
1176,2798
1176,3902
1176,4805
1176,5301
1176,5312
1176,6547
1176,6769
1176,6909
1176,7627
1177,695
1177,708
1177,3988
1177,4340
1177,5092
1177,5256
1177,5419
1177,6145
1177,6207
1177,6226
1177,6261
1177,6915
1177,7133
1177,7343
1178,42
1178,593
1178,607
1178,731
1178,762
1178,774
1178,836
1178,1022
1178,1058
1178,1097
1178,1152
1178,1210
1178,1211
1178,1268
1178,1399
1178,1415
1178,1545
1178,1634
1178,1663
1178,1711
1178,1723
1178,1744
1178,1796
1178,1899
1178,1959
1178,1975
1178,2183
1178,2198
1178,2206
1178,2228
1178,2239
1178,2370
1178,2471
1178,2541
1178,2571
1178,2573
1178,2736
1178,2981
1178,3074
1178,3152
1178,3178
1178,3189
1178,3234
1178,3237
1178,3362
1178,3438
1178,3459
1178,3713
1178,3882
1178,4071
1178,4080
1178,4083
1178,4157
1178,4164
1178,4241
1178,4347
1178,4376
1178,4384
1178,4578
1178,4595
1178,4608
1178,4662
1178,4688
1178,4806
1178,4827
1178,4952
1178,5008
1178,5042
1178,5048
1178,5070
1178,5258
1178,5290
1178,5311
1178,5344
1178,5365
1178,5372
1178,5404
1178,5415
1178,5471
1178,5490
1178,5649
1178,5707
1178,5740
1178,5772
1178,5799
1178,5816
1178,5833
1178,5881
1178,5945
1178,6039
1178,6075
1178,6313
1178,6321
1178,6500
1178,6551
1178,6669
1178,6702
1178,6847
1178,7046
1178,7071
1178,7091
1178,7105
1178,7166
1178,7289
1178,7395
1178,7464
1178,7520
1178,7572
1178,7582
1178,7599
1178,7610
1179,523
1179,548
1179,2992
1179,2997
1179,7414
1180,407
1180,1699
1180,2301
1180,4690
1180,4841
1180,4898
1180,5159
1180,6346
1180,6995
1180,7123
1181,146
1181,395
1181,429
1181,461
1181,525
1181,613
1181,1075
1181,1261
1181,1362
1181,1987
1181,2162
1181,2397
1181,2416
1181,2997
1181,3120
1181,3202
1181,3265
1181,3344
1181,3358
1181,3387
1181,3554
1181,3709
1181,3778
1181,3856
1181,3956
1181,4121
1181,4172
1181,4189
1181,4362
1181,4462
1181,4551
1181,4621
1181,4656
1181,4687
1181,4817
1181,4926
1181,5232
1181,5379
1181,5388
1181,5519
1181,5899
1181,6005
1181,6045
1181,6048
1181,6084
1181,6129
1181,6274
1181,6378
1181,6592
1181,6896
1181,7078
1181,7087
1181,7155
1181,7169
1181,7246
1181,7304
1182,28
1182,36
1182,920
1182,971
1182,1280
1182,1429
1182,1579
1182,2244
1182,2586
1182,2740
1182,2804
1182,3054
1182,3271
1182,3630
1182,3856
1182,4033
1182,4100
1182,5209
1182,5343
1182,5437
1182,5496
1182,6237
1182,6572
1182,6696
1182,6807
1182,7190
1183,495
1183,994
1183,1650
1183,2317
1183,3331
1183,3578
1183,4116
1183,4482
1183,5335
1183,5598
1183,6263
1183,6454
1183,6572
1183,6668
1183,6911
1184,40
1184,137
1184,305
1184,456
1184,474
1184,1524
1184,1551
1184,1586
1184,1757
1184,1948
1184,2084
1184,2106
1184,2198
1184,2239
1184,2332
1184,2586
1184,3171
1184,3469
1184,3578
1184,3689
1184,3698
1184,4479
1184,5001
1184,5132
1184,5234
1184,5404
1184,5629
1184,5772
1184,5807
1184,6297
1184,6451
1184,7003
1184,7395
1185,39
1185,40
1185,51
1185,75
1185,105
1185,106
1185,107
1185,161
1185,211
1185,217
1185,248
1185,262
1185,305
1185,306
1185,456
1185,471
1185,495
1185,522
1185,526
1185,596
1185,670
1185,680
1185,756
1185,766
1185,834
1185,905
1185,964
1185,1034
1185,1098
1185,1139
1185,1228
1185,1245
1185,1280
1185,1337
1185,1379
1185,1409
1185,1722
1185,1725
1185,1776
1185,1777
1185,1894
1185,1911
1185,1999
1185,2024
1185,2062
1185,2070
1185,2084
1185,2145
1185,2170
1185,2198
1185,2211
1185,2368
1185,2470
1185,2565
1185,2586
1185,2588
1185,2610
1185,2611
1185,2761
1185,3049
1185,3109
1185,3157
1185,3194
1185,3224
1185,3339
1185,3382
1185,3578
1185,3585
1185,3591
1185,3643
1185,3849
1185,3916
1185,3966
1185,4029
1185,4031
1185,4055
1185,4067
1185,4098
1185,4186
1185,4259
1185,4278
1185,4301
1185,4302
1185,4376
1185,4390
1185,4422
1185,4569
1185,4719
1185,4731
1185,4745
1185,4805
1185,4862
1185,4900
1185,4940
1185,4991
1185,5001
1185,5081
1185,5188
1185,5216
1185,5263
1185,5289
1185,5317
1185,5321
1185,5364
1185,5368
1185,5420
1185,5433
1185,5474
1185,5500
1185,5530
1185,5674
1185,5855
1185,5864
1185,5948
1185,5963
1185,5997
1185,6079
1185,6096
1185,6105
1185,6119
1185,6176
1185,6210
1185,6246
1185,6301
1185,6338
1185,6339
1185,6451
1185,6511
1185,6563
1185,6572
1185,6600
1185,6683
1185,6761
1185,6784
1185,6878
1185,6904
1185,6947
1185,7035
1185,7293
1185,7298
1185,7359
1185,7365
1185,7409
1185,7481
1185,7589
1186,24
1186,319
1186,593
1186,622
1186,868
1186,1838
1186,2102
1186,2198
1186,2598
1186,3704
1186,4127
1186,4376
1186,4380
1186,5441
1186,5493
1186,5584
1186,5734
1186,6673
1186,6702
1187,1280
1188,430
1188,829
1188,864
1188,1001
1188,1388
1188,1891
1188,2223
1188,2355
1188,2570
1188,2834
1188,2863
1188,2879
1188,2918
1188,3260
1188,3270
1188,3378
1188,3520
1188,3595
1188,3793
1188,3855
1188,3883
1188,4094
1188,4532
1188,4913
1188,5168
1188,5771
1188,5787
1188,5796
1188,6058
1188,6071
1188,6386
1188,6724
1189,73
1189,382
1189,502
1189,551
1189,674
1189,839
1189,861
1189,1129
1189,1133
1189,1289
1189,1296
1189,1361
1189,1432
1189,1442
1189,1465
1189,1486
1189,1572
1189,1607
1189,2024
1189,2028
1189,2205
1189,2299
1189,2529
1189,2673
1189,2729
1189,2855
1189,2993
1189,3052
1189,3077
1189,3430
1189,3515
1189,3574
1189,3635
1189,3702
1189,3760
1189,3832
1189,3878
1189,3891
1189,3959
1189,4168
1189,4356
1189,4493
1189,4584
1189,4692
1189,4716
1189,4724
1189,4904
1189,5091
1189,5098
1189,5111
1189,5280
1189,5503
1189,5511
1189,5661
1189,5665
1189,5801
1189,5845
1189,5926
1189,5957
1189,6001
1189,6096
1189,6189
1189,6440
1189,6588
1189,6594
1189,6624
1189,6679
1189,6740
1189,6960
1189,6968
1189,7131
1189,7134
1189,7149
1189,7234
1189,7330
1189,7452
1189,7468
1190,66
1190,242
1190,530
1190,1035
1190,1450
1190,2379
1190,3107
1190,3352
1190,3833
1190,4020
1190,4065
1190,4089
1190,4209
1190,4961
1190,5047
1190,5310
1190,5402
1190,5563
1190,6307
1190,6792
1191,2239
1191,2287
1191,4026
1191,5056
1191,5206
1191,5545
1192,3260
1192,4869
1192,5912
1192,7076
1193,1772
1193,4208
1194,261
1194,419
1194,522
1194,658
1194,899
1194,1002
1194,1082
1194,1197
1194,1215
1194,1236
1194,1591
1194,2095
1194,2117
1194,2173
1194,2309
1194,2408
1194,2819
1194,2871
1194,3063
1194,3123
1194,3243
1194,3257
1194,3621
1194,3807
1194,4082
1194,4217
1194,4650
1194,4791
1194,4812
1194,4828
1194,5061
1194,5133
1194,5327
1194,5568
1194,5595
1194,5932
1194,6054
1194,6289
1194,6417
1194,6759
1194,6983
1194,7276
1194,7398
1194,7534
1194,7601
1195,258
1195,558
1195,1058
1195,2198
1195,2239
1195,2627
1195,3152
1195,3578
1195,4376
1195,4670
1195,4805
1195,5213
1195,5664
1195,7467
1196,189
1196,225
1196,287
1196,352
1196,499
1196,526
1196,584
1196,600
1196,628
1196,655
1196,724
1196,785
1196,808
1196,892
1196,936
1196,994
1196,1291
1196,1521
1196,1607
1196,1733
1196,1978
1196,2059
1196,2092
1196,2111
1196,2215
1196,2325
1196,2402
1196,2404
1196,2536
1196,2632
1196,2655
1196,2703
1196,2764
1196,2783
1196,2903
1196,2945
1196,3062
1196,3083
1196,3250
1196,3270
1196,3404
1196,3455
1196,3457
1196,3506
1196,3510
1196,3513
1196,3539
1196,3559
1196,3702
1196,3821
1196,3839
1196,3978
1196,4067
1196,4069
1196,4153
1196,4917
1196,5115
1196,5174
1196,5513
1196,5739
1196,5798
1196,5917
1196,6036
1196,6059
1196,6174
1196,6243
1196,6348
1196,6408
1196,6458
1196,6547
1196,6569
1196,6630
1196,6699
1196,6715
1196,6909
1196,6920
1196,7047
1196,7077
1196,7149
1196,7512
1196,7608
1197,592
1197,1194
1197,1591
1197,2198
1197,2685
1197,3247
1197,4082
1197,4217
1197,5133
1197,6702
1197,6759
1197,7276
1198,1036
1198,1372
1198,2205
1198,2612
1198,4320
1198,4482
1198,4757
1198,5535
1198,5743
1198,6328
1198,6358
1198,6684
1199,354
1199,452
1199,929
1199,1201
1199,1571
1199,1576
1199,1837
1199,2002
1199,2278
1199,2858
1199,3402
1199,3943
1199,4119
1199,5388
1199,5645
1199,6136
1199,6158
1199,6292
1199,6697
1199,6926
1199,7004
1199,7028
1200,1451
1200,1547
1200,2167
1200,2178
1200,2429
1200,3192
1200,3200
1200,3639
1200,3971
1200,4374
1200,4597
1200,4652
1200,4929
1200,4996
1200,5516
1200,6248
1200,6809
1200,6820
1200,6862
1200,7089
1200,7199
1201,68
1201,234
1201,281
1201,327
1201,348
1201,354
1201,407
1201,451
1201,452
1201,594
1201,624
1201,635
1201,792
1201,799
1201,823
1201,1071
1201,1114
1201,1144
1201,1147
1201,1168
1201,1199
1201,1203
1201,1208
1201,1229
1201,1231
1201,1265
1201,1300
1201,1318
1201,1366
1201,1387
1201,1542
1201,1557
1201,1571
1201,1576
1201,1602
1201,1635
1201,1754
1201,1779
1201,1837
1201,1968
1201,1971
1201,2141
1201,2203
1201,2276
1201,2278
1201,2403
1201,2578
1201,2580
1201,2642
1201,2688
1201,2692
1201,2693
1201,2696
1201,2716
1201,2747
1201,2841
1201,2858
1201,2934
1201,2936
1201,2937
1201,3055
1201,3110
1201,3144
1201,3182
1201,3254
1201,3286
1201,3301
1201,3402
1201,3418
1201,3522
1201,3556
1201,3917
1201,3943
1201,4011
1201,4119
1201,4132
1201,4139
1201,4166
1201,4331
1201,4389
1201,4481
1201,4547
1201,4550
1201,4568
1201,4749
1201,4825
1201,4844
1201,4898
1201,4927
1201,4977
1201,4998
1201,5021
1201,5055
1201,5233
1201,5246
1201,5353
1201,5443
1201,5590
1201,5695
1201,5712
1201,5766
1201,6011
1201,6158
1201,6267
1201,6292
1201,6375
1201,6455
1201,6498
1201,6638
1201,6659
1201,6710
1201,6782
1201,6833
1201,6863
1201,6883
1201,6938
1201,7028
1201,7083
1201,7148
1201,7152
1201,7156
1201,7242
1201,7301
1201,7533
1201,7567
1201,7571
1201,7625
1202,4690
1202,5767
1202,7495
1202,7549
1203,304
1203,348
1203,354
1203,452
1203,547
1203,594
1203,624
1203,635
1203,792
1203,799
1203,823
1203,929
1203,1147
1203,1201
1203,1208
1203,1231
1203,1265
1203,1366
1203,1542
1203,1837
1203,1968
1203,1971
1203,2278
1203,2403
1203,2578
1203,2580
1203,2642
1203,2696
1203,2841
1203,2846
1203,2858
1203,3254
1203,3286
1203,3338
1203,3402
1203,3522
1203,3943
1203,4036
1203,4119
1203,4132
1203,4139
1203,4166
1203,4481
1203,4927
1203,4977
1203,5021
1203,5055
1203,5073
1203,5087
1203,5196
1203,5233
1203,5246
1203,5590
1203,5712
1203,5766
1203,6011
1203,6158
1203,6292
1203,6375
1203,6498
1203,6547
1203,6659
1203,6697
1203,6863
1203,6883
1203,6938
1203,7028
1203,7066
1203,7083
1203,7301
1203,7625
1204,491
1204,890
1204,1053
1204,1306
1204,1411
1204,1852
1204,2054
1204,2321
1204,3536
1204,3811
1204,3843
1204,4126
1204,4133
1204,4224
1204,4265
1204,5161
1204,5395
1204,5915
1204,6127
1204,6213
1204,6380
1204,6525
1204,6650
1205,162
1205,1961
1205,2304
1205,3802
1205,5657
1206,258
1206,319
1206,562
1206,633
1206,659
1206,720
1206,818
1206,1210
1206,1467
1206,1517
1206,1671
1206,1744
1206,1899
1206,2307
1206,2380
1206,2381
1206,2598
1206,2661
1206,3373
1206,3683
1206,3768
1206,3859
1206,4156
1206,4161
1206,4243
1206,4484
1206,4510
1206,4570
1206,4662
1206,4870
1206,4928
1206,4946
1206,5048
1206,5070
1206,5199
1206,5214
1206,5372
1206,5518
1206,5543
1206,5797
1206,6077
1206,6497
1206,6526
1206,6702
1206,6787
1206,6850
1206,6887
1206,6890
1206,6968
1206,7097
1206,7294
1206,7536
1207,1341
1207,1352
1207,1405
1207,1606
1207,1793
1207,1890
1207,1968
1207,2069
1207,2085
1207,2242
1207,2289
1207,2942
1207,3033
1207,3126
1207,3200
1207,3390
1207,3519
1207,3790
1207,4079
1207,4229
1207,4299
1207,4339
1207,4794
1207,5096
1207,5342
1207,5477
1207,5481
1207,5621
1207,5905
1207,5956
1207,6023
1207,6080
1207,6285
1207,6543
1207,6875
1207,7002
1207,7082
1207,7138
1207,7199
1207,7425
1207,7429
1207,7605
1208,68
1208,238
1208,348
1208,396
1208,406
1208,452
1208,457
1208,546
1208,565
1208,574
1208,594
1208,624
1208,799
1208,823
1208,915
1208,929
1208,1025
1208,1033
1208,1147
1208,1201
1208,1203
1208,1231
1208,1265
1208,1342
1208,1366
1208,1369
1208,1384
1208,1462
1208,1514
1208,1542
1208,1571
1208,1754
1208,1779
1208,1968
1208,1971
1208,2020
1208,2029
1208,2105
1208,2185
1208,2278
1208,2403
1208,2442
1208,2459
1208,2466
1208,2578
1208,2580
1208,2642
1208,2687
1208,2692
1208,2696
1208,2802
1208,2841
1208,2858
1208,3029
1208,3055
1208,3110
1208,3200
1208,3254
1208,3338
1208,3402
1208,3517
1208,3541
1208,3611
1208,3769
1208,3943
1208,4011
1208,4059
1208,4119
1208,4132
1208,4139
1208,4166
1208,4319
1208,4364
1208,4389
1208,4396
1208,4444
1208,4481
1208,4547
1208,4977
1208,4998
1208,5023
1208,5055
1208,5073
1208,5112
1208,5149
1208,5193
1208,5196
1208,5233
1208,5246
1208,5389
1208,5590
1208,5621
1208,5695
1208,5712
1208,5766
1208,5809
1208,5891
1208,6011
1208,6158
1208,6248
1208,6292
1208,6375
1208,6498
1208,6659
1208,6697
1208,6863
1208,6883
1208,6932
1208,6938
1208,6943
1208,6963
1208,7028
1208,7040
1208,7148
1208,7152
1208,7199
1208,7301
1208,7350
1208,7466
1208,7533
1208,7571
1208,7625
1209,766
1209,2198
1209,3295
1209,4805
1209,4863
1210,0
1210,14
1210,69
1210,77
1210,85
1210,98
1210,124
1210,138
1210,192
1210,240
1210,260
1210,290
1210,320
1210,322
1210,369
1210,415
1210,421
1210,473
1210,540
1210,593
1210,687
1210,693
1210,727
1210,795
1210,813
1210,831
1210,841
1210,951
1210,1018
1210,1058
1210,1097
1210,1152
1210,1169
1210,1178
1210,1206
1210,1211
1210,1218
1210,1254
1210,1268
1210,1284
1210,1333
1210,1357
1210,1370
1210,1399
1210,1414
1210,1415
1210,1430
1210,1431
1210,1447
1210,1453
1210,1485
1210,1540
1210,1575
1210,1581
1210,1620
1210,1634
1210,1665
1210,1668
1210,1684
1210,1711
1210,1798
1210,1840
1210,1862
1210,1875
1210,1908
1210,1965
1210,1996
1210,1997
1210,2039
1210,2060
1210,2115
1210,2120
1210,2129
1210,2198
1210,2229
1210,2239
1210,2310
1210,2334
1210,2336
1210,2370
1210,2410
1210,2485
1210,2571
1210,2573
1210,2587
1210,2595
1210,2645
1210,2657
1210,2671
1210,2730
1210,2736
1210,2738
1210,2745
1210,2772
1210,2782
1210,2801
1210,2848
1210,2882
1210,2904
1210,2908
1210,2958
1210,2981
1210,3049
1210,3050
1210,3070
1210,3074
1210,3123
1210,3160
1210,3172
1210,3177
1210,3183
1210,3226
1210,3234
1210,3245
1210,3279
1210,3334
1210,3362
1210,3384
1210,3456
1210,3459
1210,3502
1210,3693
1210,3708
1210,3713
1210,3718
1210,3748
1210,3782
1210,3808
1210,3895
1210,3951
1210,3996
1210,4071
1210,4080
1210,4156
1210,4161
1210,4164
1210,4177
1210,4248
1210,4257
1210,4313
1210,4376
1210,4384
1210,4388
1210,4465
1210,4466
1210,4510
1210,4553
1210,4570
1210,4573
1210,4578
1210,4579
1210,4595
1210,4630
1210,4669
1210,4805
1210,4806
1210,4816
1210,4827
1210,4846
1210,5054
1210,5070
1210,5108
1210,5132
1210,5155
1210,5160
1210,5194
1210,5223
1210,5251
1210,5258
1210,5259
1210,5286
1210,5365
1210,5404
1210,5463
1210,5490
1210,5507
1210,5518
1210,5543
1210,5551
1210,5612
1210,5623
1210,5641
1210,5649
1210,5651
1210,5707
1210,5714
1210,5730
1210,5740
1210,5816
1210,5833
1210,5855
1210,5859
1210,5881
1210,5937
1210,5961
1210,5976
1210,6021
1210,6047
1210,6075
1210,6100
1210,6140
1210,6183
1210,6215
1210,6242
1210,6284
1210,6313
1210,6354
1210,6400
1210,6407
1210,6414
1210,6449
1210,6464
1210,6484
1210,6492
1210,6537
1210,6540
1210,6551
1210,6553
1210,6562
1210,6634
1210,6693
1210,6701
1210,6702
1210,6707
1210,6723
1210,6787
1210,6877
1210,6880
1210,6892
1210,6936
1210,6952
1210,6990
1210,7003
1210,7008
1210,7021
1210,7044
1210,7046
1210,7071
1210,7090
1210,7103
1210,7105
1210,7116
1210,7147
1210,7209
1210,7277
1210,7280
1210,7369
1210,7440
1210,7448
1210,7471
1210,7477
1210,7481
1210,7572
1210,7582
1211,69
1211,85
1211,304
1211,552
1211,1058
1211,1152
1211,1178
1211,1210
1211,1284
1211,1357
1211,1415
1211,1453
1211,1561
1211,1723
1211,1908
1211,2039
1211,2106
1211,2115
1211,2198
1211,2239
1211,2370
1211,2571
1211,2848
1211,2938
1211,3183
1211,3311
1211,3370
1211,3510
1211,3693
1211,3748
1211,3895
1211,3996
1211,4071
1211,4080
1211,4113
1211,4164
1211,4376
1211,4384
1211,4805
1211,4806
1211,5132
1211,5251
1211,5286
1211,5404
1211,5641
1211,5707
1211,5816
1211,5881
1211,6140
1211,6284
1211,6492
1211,6551
1211,6702
1211,6971
1211,7071
1211,7277
1212,40
1212,143
1212,295
1212,629
1212,881
1212,964
1212,1064
1212,1315
1212,1479
1212,1820
1212,1904
1212,2113
1212,2118
1212,2257
1212,2299
1212,2626
1212,2678
1212,2701
1212,2738
1212,2955
1212,3339
1212,3503
1212,3990
1212,4173
1212,4301
1212,4330
1212,4735
1212,4876
1212,4940
1212,4987
1212,5211
1212,5396
1212,5993
1212,6276
1212,6338
1212,6369
1212,7032
1212,7330
1213,7
1213,247
1213,337
1213,464
1213,645
1213,781
1213,935
1213,1306
1213,1411
1213,1471
1213,1636
1213,1895
1213,2180
1213,2475
1213,3048
1213,3057
1213,3204
1213,3263
1213,3315
1213,3489
1213,3738
1213,3806
1213,3843
1213,4035
1213,4133
1213,4363
1213,4644
1213,4648
1213,4780
1213,4795
1213,4897
1213,5147
1213,5236
1213,5274
1213,5275
1213,5395
1213,5599
1213,5977
1213,5995
1213,6151
1213,6255
1213,6607
1213,6641
1213,6752
1213,6763
1213,6871
1213,6891
1214,23
1214,258
1214,260
1214,593
1214,1226
1214,1254
1214,1421
1214,1614
1214,1798
1214,2013
1214,2115
1214,2198
1214,2239
1214,2313
1214,2575
1214,3184
1214,3363
1214,3748
1214,4074
1214,4157
1214,4465
1214,4658
1214,5404
1214,5455
1214,5756
1214,5881
1214,5966
1214,5979
1214,6024
1214,6098
1214,6414
1214,6673
1214,6702
1214,6706
1214,7085
1214,7464
1214,7568
1214,7572
1215,287
1215,299
1215,601
1215,629
1215,881
1215,1194
1215,1379
1215,1479
1215,2043
1215,2113
1215,2586
1215,2626
1215,2795
1215,3503
1215,3532
1215,3775
1215,3870
1215,3888
1215,4029
1215,4940
1215,4987
1215,5022
1215,5111
1215,5263
1215,5452
1215,5864
1215,6210
1215,6588
1215,6717
1215,7032
1215,7102
1215,7225
1215,7290
1215,7330
1216,330
1216,636
1216,1116
1216,1235
1216,1530
1216,1755
1216,1921
1216,2082
1216,2301
1216,3129
1216,4898
1216,5159
1216,5622
1216,5770
1216,6643
1216,7192
1217,621
1217,2390
1217,3329
1217,3662
1217,4482
1217,6433
1217,7591
1218,23
1218,85
1218,103
1218,762
1218,772
1218,903
1218,1011
1218,1113
1218,1210
1218,1293
1218,1456
1218,1478
1218,1545
1218,1798
1218,2040
1218,2106
1218,2290
1218,3025
1218,3183
1218,3408
1218,3698
1218,4080
1218,4083
1218,4157
1218,4174
1218,4384
1218,4420
1218,4806
1218,4952
1218,5095
1218,5222
1218,5261
1218,5756
1218,5799
1218,6039
1218,6297
1218,6487
1218,6551
1218,6618
1218,6640
1218,6707
1218,6802
1218,7107
1218,7401
1218,7465
1218,7599
1218,7607
1219,53
1219,66
1219,662
1219,1242
1219,2433
1219,2492
1219,2752
1219,2840
1219,2976
1219,3292
1219,4646
1219,4689
1219,4961
1219,5093
1219,5684
1219,6109
1219,6169
1219,6307
1219,7063
1219,7117
1219,7260
1219,7261
1219,7575
1219,7586
1220,96
1220,1930
1220,6138
1220,6807
1221,136
1221,516
1221,556
1221,661
1221,877
1221,972
1221,1504
1221,1630
1221,1759
1221,1864
1221,1969
1221,2019
1221,2037
1221,2260
1221,2281
1221,2324
1221,2357
1221,2557
1221,3167
1221,3528
1221,3553
1221,3575
1221,4300
1221,4539
1221,4666
1221,4728
1221,4819
1221,5588
1221,6104
1221,6679
1221,7075
1221,7255
1221,7566
1221,7630
1222,593
1222,2198
1222,5139
1222,5518
1222,5679
1222,5734
1222,6702
1222,7477
1223,147
1223,221
1223,398
1223,425
1223,444
1223,481
1223,510
1223,561
1223,578
1223,618
1223,619
1223,653
1223,663
1223,671
1223,685
1223,688
1223,690
1223,782
1223,837
1223,943
1223,1086
1223,1292
1223,1365
1223,1477
1223,1509
1223,1529
1223,1555
1223,1562
1223,1622
1223,1646
1223,1683
1223,1858
1223,1889
1223,1917
1223,1944
1223,2012
1223,2067
1223,2073
1223,2238
1223,2361
1223,2383
1223,2395
1223,2398
1223,2444
1223,2449
1223,2468
1223,2491
1223,2499
1223,2548
1223,2786
1223,2805
1223,2843
1223,2873
1223,2983
1223,3211
1223,3255
1223,3393
1223,3399
1223,3411
1223,3449
1223,3452
1223,3479
1223,3504
1223,3584
1223,3984
1223,4004
1223,4117
1223,4123
1223,4151
1223,4191
1223,4244
1223,4252
1223,4310
1223,4353
1223,4411
1223,4423
1223,4475
1223,4478
1223,4485
1223,4491
1223,4494
1223,4524
1223,4585
1223,4607
1223,4663
1223,4703
1223,4708
1223,4711
1223,4761
1223,4873
1223,4884
1223,4886
1223,5016
1223,5038
1223,5072
1223,5138
1223,5228
1223,5270
1223,5345
1223,5357
1223,5383
1223,5405
1223,5489
1223,5573
1223,5609
1223,5718
1223,5721
1223,5737
1223,5751
1223,5896
1223,5928
1223,5935
1223,5972
1223,6083
1223,6092
1223,6103
1223,6106
1223,6168
1223,6227
1223,6288
1223,6311
1223,6496
1223,6508
1223,6609
1223,6709
1223,6725
1223,6829
1223,6924
1223,7015
1223,7024
1223,7110
1223,7218
1223,7263
1223,7324
1223,7426
1223,7444
1223,7489
1223,7490
1223,7531
1223,7598
1224,304
1224,584
1224,593
1224,942
1224,1453
1224,1971
1224,2198
1224,2215
1224,2239
1224,2441
1224,2846
1224,2911
1224,3370
1224,3748
1224,4376
1224,4384
1224,4952
1224,5082
1224,5132
1224,5641
1224,5707
1224,7464
1225,8
1225,571
1225,748
1225,1321
1225,1520
1225,1922
1225,2028
1225,2031
1225,2055
1225,2522
1225,2529
1225,2577
1225,2894
1225,2993
1225,3492
1225,3702
1225,3821
1225,3887
1225,3978
1225,4493
1225,4634
1225,4692
1225,4890
1225,5280
1225,6470
1225,6675
1225,6864
1225,6960
1225,7149
1225,7222
1225,7309
1225,7452
1225,7546
1225,7624
1226,23
1226,33
1226,593
1226,780
1226,1214
1226,1421
1226,1744
1226,1798
1226,1993
1226,2013
1226,2039
1226,2198
1226,2313
1226,2406
1226,2553
1226,2575
1226,3051
1226,3184
1226,3237
1226,3363
1226,3895
1226,4086
1226,4164
1226,4333
1226,4376
1226,4864
1226,5015
1226,5070
1226,5082
1226,5139
1226,5201
1226,5404
1226,5538
1226,5756
1226,5966
1226,6361
1226,6414
1226,6449
1226,6597
1226,6673
1226,6702
1226,7085
1226,7170
1226,7203
1226,7296
1226,7464
1226,7568
1227,2927
1227,4685
1227,5123
1227,5354
1227,5634
1227,7467
1228,28
1228,161
1228,456
1228,471
1228,629
1228,1185
1228,1280
1228,1417
1228,1585
1228,1929
1228,2145
1228,2586
1228,2626
1228,2738
1228,2795
1228,2804
1228,2835
1228,3339
1228,3419
1228,3889
1228,3931
1228,3990
1228,4033
1228,4098
1228,4373
1228,4569
1228,5504
1228,5708
1228,5993
1228,6403
1228,6852
1228,7020
1229,354
1229,1201
1229,1971
1229,1984
1229,2278
1229,2580
1229,2858
1229,3522
1229,4481
1229,4977
1229,6883
1229,7175
1229,7455
1230,190
1230,333
1230,2515
1230,2545
1230,3740
1230,4172
1230,4750
1230,5076
1230,5564
1230,5763
1230,5890
1230,6214
1230,6277
1230,6283
1230,6908
1230,7057
1230,7078
1230,7529
1231,281
1231,348
1231,354
1231,452
1231,547
1231,594
1231,624
1231,635
1231,792
1231,799
1231,823
1231,929
1231,1147
1231,1201
1231,1203
1231,1208
1231,1265
1231,1312
1231,1366
1231,1462
1231,1542
1231,1576
1231,1602
1231,1837
1231,1968
1231,1971
1231,2278
1231,2403
1231,2578
1231,2580
1231,2642
1231,2841
1231,2858
1231,3402
1231,3522
1231,3943
1231,4036
1231,4119
1231,4139
1231,4166
1231,4481
1231,4977
1231,4998
1231,5021
1231,5055
1231,5073
1231,5196
1231,5233
1231,5712
1231,6011
1231,6158
1231,6292
1231,6375
1231,6455
1231,6498
1231,6659
1231,6697
1231,6710
1231,6863
1231,6883
1231,6938
1231,7028
1231,7148
1231,7301
1231,7533
1231,7625
1232,1113
1232,1169
1232,1469
1232,2039
1232,2198
1232,3226
1232,3713
1232,4253
1232,4535
1232,5626
1232,6702
1233,284
1233,458
1233,519
1233,983
1233,1073
1233,4101
1233,5291
1233,5627
1233,6385
1233,6657
1234,17
1234,120
1234,656
1234,817
1234,1326
1234,1367
1234,1487
1234,1567
1234,1806
1234,1903
1234,1909
1234,2362
1234,2554
1234,2869
1234,3636
1234,3850
1234,4214
1234,4974
1234,5480
1234,5591
1234,5673
1234,5867
1234,5883
1234,6090
1234,6094
1234,6376
1234,6681
1234,7491
1235,330
1235,1008
1235,1216
1235,1530
1235,1755
1235,1789
1235,2082
1235,2119
1235,2464
1235,2865
1235,3285
1235,3728
1235,4030
1235,5770
1235,5792
1235,6471
1235,6857
1235,6885
1235,7192
1235,7242
1236,26
1236,134
1236,383
1236,419
1236,592
1236,739
1236,1082
1236,1194
1236,1591
1236,2095
1236,2117
1236,2206
1236,2556
1236,2685
1236,2778
1236,2887
1236,3020
1236,3243
1236,3247
1236,3294
1236,3438
1236,3623
1236,3657
1236,3923
1236,4082
1236,4345
1236,4848
1236,4912
1236,5133
1236,5293
1236,5302
1236,5734
1236,5958
1236,6175
1236,6343
1236,6371
1236,6790
1236,7119
1236,7164
1236,7276
1236,7283
1236,7398
1236,7601
1237,54
1237,255
1237,932
1237,1003
1237,1021
1237,1146
1237,1256
1237,1326
1237,1422
1237,1737
1237,2204
1237,2388
1237,2399
1237,2528
1237,2538
1237,2605
1237,2638
1237,2885
1237,2943
1237,3087
1237,3201
1237,3361
1237,3412
1237,3572
1237,3736
1237,3850
1237,3939
1237,4237
1237,4399
1237,4418
1237,4861
1237,4924
1237,5124
1237,5163
1237,5279
1237,5429
1237,5439
1237,5480
1237,6374
1237,6425
1237,6993
1237,7264
1237,7405
1237,7544
1238,866
1238,1625
1238,6513
1238,7281
1239,258
1239,393
1239,611
1239,769
1239,1258
1239,1285
1239,1359
1239,1377
1239,1658
1239,1669
1239,1700
1239,2000
1239,2068
1239,2162
1239,2171
1239,2210
1239,2228
1239,2239
1239,2303
1239,2979
1239,3329
1239,3368
1239,3557
1239,3573
1239,3589
1239,3631
1239,3664
1239,3844
1239,3911
1239,3913
1239,4027
1239,4041
1239,4154
1239,4230
1239,4315
1239,4482
1239,4555
1239,4621
1239,4725
1239,4908
1239,5039
1239,5534
1239,5604
1239,5630
1239,5839
1239,6069
1239,6179
1239,6198
1239,6274
1239,6437
1239,6518
1239,6544
1239,6589
1239,6770
1239,6778
1239,6890
1239,6946
1239,6967
1239,7039
1239,7191
1239,7290
1239,7376
1239,7441
1239,7548
1239,7579
1240,2746
1241,111
1241,461
1241,495
1241,804
1241,847
1241,898
1241,1120
1241,1817
1241,1979
1241,2092
1241,2563
1241,2917
1241,3295
1241,3381
1241,3480
1241,3492
1241,3578
1241,3742
1241,3743
1241,3757
1241,4863
1241,5589
1241,5786
1241,5865
1241,5880
1241,6980
1241,7125
1241,7142
1241,7250
1241,7307
1242,53
1242,662
1242,1219
1242,1565
1242,2492
1242,2840
1242,2976
1242,3107
1242,3175
1242,3735
1242,4646
1242,5020
1242,5310
1242,6324
1242,6768
1242,7063
1242,7261
1242,7575
1242,7620
1243,405
1243,412
1243,478
1243,1364
1243,1389
1243,1531
1243,1648
1243,1732
1243,1734
1243,1759
1243,1827
1243,1969
1243,2192
1243,2235
1243,2250
1243,2324
1243,2754
1243,2822
1243,2849
1243,2854
1243,2861
1243,2895
1243,2946
1243,3024
1243,3091
1243,3164
1243,3326
1243,3371
1243,3805
1243,4265
1243,4274
1243,4412
1243,4496
1243,4603
1243,4956
1243,4960
1243,5164
1243,5512
1243,5658
1243,6099
1243,6479
1243,6532
1243,7086
1244,19
1244,315
1244,580
1244,581
1244,737
1244,871
1244,968
1244,1256
1244,1392
1244,1604
1244,1664
1244,1772
1244,2133
1244,3516
1244,3569
1244,3997
1244,4125
1244,4143
1244,4181
1244,4208
1244,4280
1244,4899
1244,5131
1244,5300
1244,5380
1244,5876
1244,5968
1244,6138
1244,6199
1244,6347
1244,6653
1244,6874
1244,7271
1244,7565
1245,28
1245,107
1245,143
1245,304
1245,308
1245,456
1245,629
1245,881
1245,1185
1245,1280
1245,2113
1245,2415
1245,2438
1245,2586
1245,2626
1245,2738
1245,2795
1245,2801
1245,3179
1245,3339
1245,3856
1245,3888
1245,3990
1245,4031
1245,4097
1245,4098
1245,4294
1245,4373
1245,4522
1245,4569
1245,4940
1245,5022
1245,5708
1245,6176
1245,6389
1245,7032
1246,852
1246,1036
1246,1669
1246,5417
1246,6195
1246,6298
1246,6851
1246,6868
1246,7153
1246,7191
1247,187
1247,1065
1247,1502
1247,1649
1247,1909
1247,2148
1247,2328
1247,3258
1247,3754
1247,4145
1247,4923
1247,5153
1247,5860
1247,5867
1247,6090
1247,6130
1247,6806
1247,6993
1248,195
1248,242
1248,496
1248,941
1248,988
1248,993
1248,1035
1248,1340
1248,1443
1248,1454
1248,1556
1248,2014
1248,2338
1248,2379
1248,2412
1248,3086
1248,3227
1248,3244
1248,3396
1248,3437
1248,3729
1248,3823
1248,3869
1248,4209
1248,4628
1248,4906
1248,4961
1248,5035
1248,5060
1248,5260
1248,6307
1248,6352
1248,6433
1248,6621
1248,6735
1248,6813
1249,61
1249,85
1249,290
1249,304
1249,421
1249,593
1249,780
1249,789
1249,857
1249,1011
1249,1102
1249,1254
1249,1293
1249,1453
1249,1584
1249,1590
1249,1708
1249,1711
1249,1798
1249,1833
1249,1847
1249,1862
1249,1899
1249,2013
1249,2106
1249,2198
1249,2370
1249,2571
1249,2765
1249,2911
1249,3093
1249,3183
1249,3408
1249,3502
1249,3632
1249,3748
1249,3782
1249,3808
1249,3895
1249,3947
1249,4080
1249,4174
1249,4384
1249,4407
1249,4594
1249,4806
1249,4865
1249,4952
1249,4983
1249,5132
1249,5160
1249,5296
1249,5381
1249,5404
1249,5782
1249,5799
1249,5816
1249,5881
1249,6253
1249,6468
1249,6551
1249,6673
1249,6702
1249,6760
1249,6985
1249,7003
1249,7036
1249,7071
1249,7209
1249,7597
1249,7617
1250,3295
1250,3381
1250,3578
1250,4805
1250,5251
1250,5880
1250,7467
1251,791
1251,1072
1251,1681
1251,1939
1251,1951
1251,2702
1251,2876
1251,3303
1251,4068
1251,4738
1251,5057
1251,5970
1251,6523
1251,7237
1251,7618
1252,165
1252,197
1252,223
1252,397
1252,1078
1252,1130
1252,1134
1252,1270
1252,1275
1252,1296
1252,1335
1252,1391
1252,1596
1252,1610
1252,2213
1252,2218
1252,2221
1252,2277
1252,2392
1252,2416
1252,2430
1252,2546
1252,2574
1252,2579
1252,2626
1252,2673
1252,2741
1252,2952
1252,2979
1252,2990
1252,2999
1252,3083
1252,3351
1252,3566
1252,3631
1252,3763
1252,3770
1252,3816
1252,3914
1252,3969
1252,4033
1252,4106
1252,4178
1252,4200
1252,4255
1252,4282
1252,4362
1252,4767
1252,4922
1252,4994
1252,5014
1252,5101
1252,5456
1252,5506
1252,5550
1252,5566
1252,5571
1252,5630
1252,5839
1252,5947
1252,5971
1252,6005
1252,6031
1252,6063
1252,6123
1252,6155
1252,6179
1252,6266
1252,6548
1252,6558
1252,6590
1252,6619
1252,6713
1252,6721
1252,6967
1252,7006
1252,7039
1252,7107
1252,7109
1252,7175
1252,7195
1252,7371
1252,7498
1252,7564
1252,7639
1253,456
1253,485
1253,751
1253,920
1253,1280
1253,1347
1253,1353
1253,1429
1253,1457
1253,1610
1253,1666
1253,1714
1253,2871
1253,2941
1253,4033
1253,4103
1253,4173
1253,4295
1253,4386
1253,5209
1253,5437
1253,5661
1253,6085
1253,6237
1253,6549
1253,6572
1253,6807
1253,7365
1253,7406
1253,7503
1253,7526
1254,85
1254,260
1254,431
1254,593
1254,726
1254,727
1254,735
1254,951
1254,1058
1254,1152
1254,1210
1254,1214
1254,1249
1254,1268
1254,1357
1254,1453
1254,1524
1254,1581
1254,1634
1254,1798
1254,1959
1254,2039
1254,2106
1254,2115
1254,2129
1254,2198
1254,2370
1254,2410
1254,2571
1254,2848
1254,2881
1254,2931
1254,2981
1254,3160
1254,3384
1254,3456
1254,3502
1254,3616
1254,3659
1254,3720
1254,3748
1254,3804
1254,3895
1254,3898
1254,4017
1254,4080
1254,4164
1254,4210
1254,4376
1254,4384
1254,4573
1254,4608
1254,4616
1254,4768
1254,4805
1254,4806
1254,4845
1254,4952
1254,5037
1254,5070
1254,5212
1254,5372
1254,5404
1254,5412
1254,5490
1254,5651
1254,5707
1254,5740
1254,5855
1254,5859
1254,5881
1254,6024
1254,6284
1254,6315
1254,6354
1254,6449
1254,6551
1254,6702
1254,6787
1254,6936
1254,7003
1254,7044
1254,7071
1254,7091
1254,7103
1254,7147
1254,7166
1254,7289
1254,7296
1254,7320
1254,7465
1254,7572
1254,7582
1255,197
1255,364
1255,454
1255,1454
1255,1515
1255,1541
1255,2360
1255,2986
1255,3374
1255,3525
1255,4019
1255,4495
1255,4671
1255,4885
1255,4922
1255,4994
1255,5137
1255,5506
1255,5517
1255,5748
1255,5910
1255,6418
1255,6433
1255,6735
1255,7543
1255,7639
1255,7641
1256,54
1256,219
1256,581
1256,595
1256,737
1256,932
1256,968
1256,1021
1256,1237
1256,1244
1256,1303
1256,1392
1256,1455
1256,1737
1256,2133
1256,2366
1256,2439
1256,2528
1256,3361
1256,3431
1256,3879
1256,4237
1256,4399
1256,4861
1256,4993
1256,5131
1256,5429
1256,5480
1256,6113
1256,6138
1256,6194
1256,6199
1256,6347
1256,6423
1256,6480
1256,6935
1256,7264
1256,7404
1256,7460
1256,7500
1256,7565
1257,437
1257,1405
1257,2085
1257,3200
1257,3694
1257,6150
1257,6862
1257,7138
1257,7185
1257,7199
1257,7605
1258,73
1258,1239
1258,1561
1258,1610
1258,1961
1258,2239
1258,2998
1258,4054
1258,5401
1258,5604
1258,5839
1258,7054
1258,7395
1259,1786
1259,2237
1260,5546
1260,6365
1260,6897
1261,223
1261,329
1261,429
1261,1078
1261,1130
1261,1181
1261,1335
1261,1436
1261,1464
1261,1731
1261,1987
1261,2081
1261,2149
1261,2213
1261,2414
1261,2574
1261,2997
1261,3240
1261,3351
1261,3566
1261,3664
1261,3709
1261,3822
1261,3878
1261,4255
1261,4462
1261,4823
1261,5315
1261,5499
1261,5550
1261,5616
1261,6005
1261,6123
1261,6142
1261,6318
1261,6513
1261,6558
1261,6619
1261,6721
1261,7087
1261,7267
1262,122
1262,144
1262,423
1262,824
1262,932
1262,1115
1262,1124
1262,1676
1262,1841
1262,1855
1262,2140
1262,2318
1262,2388
1262,2710
1262,2949
1262,3028
1262,3231
1262,3879
1262,4237
1262,4399
1262,4512
1262,4861
1262,5011
1262,5163
1262,5271
1262,5410
1262,5611
1262,5673
1262,6095
1262,6138
1262,6347
1262,6550
1262,7011
1262,7108
1262,7317
1262,7347
1262,7460
1263,583
1263,584
1263,2002
1263,2198
1263,3506
1263,4153
1263,5994
1263,6070
1263,6909
1263,7112
1264,10
1264,335
1264,349
1264,641
1264,1041
1264,1334
1264,1616
1264,1736
1264,1803
1264,2337
1264,2435
1264,2623
1264,2777
1264,3415
1264,3583
1264,3678
1264,3717
1264,3749
1264,3992
1264,4509
1264,4829
1264,4992
1264,5110
1264,5117
1264,5509
1264,5555
1264,5852
1264,5868
1264,5929
1264,6357
1264,6519
1264,6557
1264,6665
1264,7308
1264,7458
1264,7513
1265,348
1265,354
1265,396
1265,406
1265,451
1265,452
1265,547
1265,594
1265,624
1265,635
1265,792
1265,799
1265,823
1265,929
1265,1025
1265,1033
1265,1147
1265,1154
1265,1201
1265,1203
1265,1208
1265,1231
1265,1366
1265,1407
1265,1462
1265,1542
1265,1557
1265,1571
1265,1576
1265,1605
1265,1713
1265,1754
1265,1779
1265,1837
1265,1968
1265,1971
1265,2020
1265,2029
1265,2185
1265,2203
1265,2276
1265,2278
1265,2403
1265,2578
1265,2580
1265,2642
1265,2696
1265,2716
1265,2841
1265,2846
1265,2858
1265,3055
1265,3110
1265,3254
1265,3338
1265,3402
1265,3505
1265,3517
1265,3541
1265,3769
1265,3943
1265,3982
1265,4011
1265,4036
1265,4119
1265,4132
1265,4139
1265,4166
1265,4319
1265,4444
1265,4481
1265,4547
1265,4550
1265,4844
1265,4977
1265,4998
1265,5021
1265,5055
1265,5073
1265,5149
1265,5193
1265,5196
1265,5233
1265,5246
1265,5590
1265,5712
1265,5766
1265,6011
1265,6158
1265,6292
1265,6375
1265,6498
1265,6544
1265,6659
1265,6697
1265,6781
1265,6863
1265,6883
1265,6932
1265,6938
1265,6943
1265,6949
1265,7028
1265,7148
1265,7301
1265,7350
1265,7533
1265,7567
1265,7571
1265,7625
1266,593
1266,1058
1266,1908
1266,2198
1266,2370
1266,2848
1266,3234
1266,3311
1266,3748
1266,4164
1266,4376
1266,5132
1266,5251
1266,5404
1266,5641
1266,7369
1267,1013
1267,1094
1267,2143
1267,3098
1267,7443
1268,42
1268,85
1268,201
1268,260
1268,266
1268,272
1268,283
1268,345
1268,431
1268,479
1268,527
1268,540
1268,593
1268,727
1268,789
1268,795
1268,810
1268,836
1268,958
1268,1040
1268,1058
1268,1067
1268,1104
1268,1170
1268,1178
1268,1210
1268,1254
1268,1284
1268,1330
1268,1370
1268,1414
1268,1415
1268,1453
1268,1472
1268,1513
1268,1621
1268,1634
1268,1668
1268,1712
1268,1723
1268,1735
1268,1775
1268,1798
1268,1854
1268,1880
1268,1959
1268,1996
1268,2033
1268,2039
1268,2042
1268,2106
1268,2129
1268,2198
1268,2239
1268,2370
1268,2377
1268,2479
1268,2571
1268,2573
1268,2600
1268,2657
1268,2744
1268,2770
1268,2888
1268,2911
1268,2913
1268,3079
1268,3093
1268,3177
1268,3185
1268,3284
1268,3347
1268,3362
1268,3377
1268,3602
1268,3659
1268,3704
1268,3734
1268,3748
1268,3867
1268,3895
1268,4080
1268,4090
1268,4164
1268,4253
1268,4257
1268,4290
1268,4366
1268,4376
1268,4384
1268,4392
1268,4465
1268,4466
1268,4535
1268,4553
1268,4570
1268,4608
1268,4616
1268,4680
1268,4737
1268,4787
1268,4806
1268,4983
1268,5039
1268,5132
1268,5194
1268,5195
1268,5258
1268,5296
1268,5316
1268,5344
1268,5404
1268,5415
1268,5455
1268,5490
1268,5507
1268,5557
1268,5623
1268,5641
1268,5649
1268,5707
1268,5710
1268,5714
1268,5740
1268,5816
1268,5878
1268,5881
1268,5976
1268,6047
1268,6075
1268,6100
1268,6183
1268,6208
1268,6284
1268,6400
1268,6487
1268,6551
1268,6562
1268,6582
1268,6618
1268,6701
1268,6702
1268,6707
1268,6760
1268,6847
1268,6848
1268,6892
1268,6933
1268,6961
1268,6971
1268,6981
1268,7044
1268,7046
1268,7085
1268,7105
1268,7320
1268,7337
1268,7353
1268,7369
1268,7464
1268,7471
1268,7525
1268,7535
1268,7572
1268,7582
1269,4116
1270,70
1270,165
1270,197
1270,223
1270,428
1270,573
1270,1078
1270,1252
1270,1275
1270,1353
1270,1515
1270,1527
1270,1541
1270,2036
1270,2156
1270,2179
1270,2360
1270,2519
1270,2958
1270,2986
1270,3374
1270,3763
1270,3765
1270,4033
1270,4885
1270,4922
1270,4994
1270,5506
1270,5566
1270,5910
1270,6155
1270,6431
1270,6521
1270,6572
1270,7550
1271,593
1271,1744
1271,2198
1271,2553
1271,3623
1271,3704
1271,3799
1271,4388
1271,4805
1271,5255
1271,5584
1271,6702
1272,649
1272,937
1272,1630
1272,1709
1272,1759
1272,1969
1272,2037
1272,2099
1272,2114
1272,2281
1272,2324
1272,3167
1272,4441
1272,4539
1272,4666
1272,5588
1272,5668
1272,6502
1272,6519
1272,6552
1272,6679
1272,7124
1272,7255
1272,7566
1272,7630
1272,7648
1273,3426
1274,1116
1274,1530
1274,1755
1274,2082
1274,2464
1274,4898
1274,5770
1274,5837
1275,223
1275,1252
1275,1270
1275,1335
1275,1394
1275,1669
1275,1984
1275,2213
1275,2392
1275,2546
1275,2867
1275,2897
1275,3083
1275,3240
1275,3351
1275,3518
1275,3557
1275,4282
1275,4518
1275,4922
1275,5101
1275,5422
1275,5506
1275,5571
1275,6314
1275,6558
1275,6967
1275,7045
1275,7109
1275,7175
1275,7455
1275,7498
1276,1565
1276,2976
1276,3086
1276,3168
1276,3227
1276,4209
1276,4471
1276,4527
1276,4810
1276,4906
1276,6970
1277,2709
1277,5902
1277,6900
1278,149
1278,606
1278,1377
1278,2212
1278,3025
1278,3501
1278,3532
1278,3602
1278,3698
1278,4080
1278,4384
1278,4406
1278,4952
1278,5534
1278,6297
1278,6646
1278,7067
1279,3121
1279,7112
1280,28
1280,36
1280,48
1280,72
1280,94
1280,105
1280,154
1280,167
1280,175
1280,262
1280,296
1280,305
1280,306
1280,403
1280,438
1280,456
1280,478
1280,489
1280,522
1280,526
1280,536
1280,659
1280,669
1280,714
1280,736
1280,756
1280,764
1280,774
1280,802
1280,848
1280,872
1280,920
1280,924
1280,966
1280,971
1280,1024
1280,1060
1280,1111
1280,1125
1280,1167
1280,1174
1280,1182
1280,1185
1280,1187
1280,1228
1280,1245
1280,1253
1280,1317
1280,1396
1280,1417
1280,1429
1280,1457
1280,1470
1280,1534
1280,1585
1280,1627
1280,1643
1280,1671
1280,1738
1280,1744
1280,1763
1280,1777
1280,1827
1280,1834
1280,1850
1280,1863
1280,1899
1280,1905
1280,1911
1280,1962
1280,2032
1280,2045
1280,2070
1280,2111
1280,2163
1280,2173
1280,2180
1280,2198
1280,2206
1280,2220
1280,2239
1280,2244
1280,2250
1280,2262
1280,2286
1280,2335
1280,2400
1280,2419
1280,2447
1280,2485
1280,2494
1280,2581
1280,2648
1280,2689
1280,2706
1280,2738
1280,2740
1280,2746
1280,2761
1280,2776
1280,2796
1280,2801
1280,2804
1280,2849
1280,2871
1280,2905
1280,2960
1280,3022
1280,3109
1280,3138
1280,3155
1280,3157
1280,3164
1280,3197
1280,3224
1280,3271
1280,3278
1280,3295
1280,3326
1280,3328
1280,3335
1280,3371
1280,3433
1280,3473
1280,3512
1280,3577
1280,3578
1280,3585
1280,3605
1280,3621
1280,3623
1280,3683
1280,3704
1280,3721
1280,3744
1280,3849
1280,3856
1280,3916
1280,3931
1280,3962
1280,4001
1280,4033
1280,4035
1280,4194
1280,4217
1280,4243
1280,4265
1280,4294
1280,4295
1280,4348
1280,4390
1280,4415
1280,4434
1280,4546
1280,4592
1280,4688
1280,4729
1280,4731
1280,4754
1280,4755
1280,4791
1280,4805
1280,4835
1280,4854
1280,4870
1280,4956
1280,4991
1280,5001
1280,5063
1280,5114
1280,5136
1280,5148
1280,5154
1280,5188
1280,5209
1280,5214
1280,5299
1280,5328
1280,5332
1280,5335
1280,5343
1280,5364
1280,5437
1280,5454
1280,5496
1280,5500
1280,5549
1280,5615
1280,5628
1280,5634
1280,5654
1280,5659
1280,5664
1280,5674
1280,5708
1280,5734
1280,5783
1280,5788
1280,5903
1280,5953
1280,5963
1280,6015
1280,6077
1280,6079
1280,6099
1280,6176
1280,6187
1280,6237
1280,6246
1280,6282
1280,6338
1280,6382
1280,6414
1280,6450
1280,6481
1280,6552
1280,6568
1280,6572
1280,6600
1280,6608
1280,6658
1280,6696
1280,6702
1280,6730
1280,6746
1280,6784
1280,6807
1280,6844
1280,6852
1280,6923
1280,6941
1280,6947
1280,7021
1280,7035
1280,7042
1280,7097
1280,7137
1280,7206
1280,7215
1280,7250
1280,7258
1280,7276
1280,7293
1280,7298
1280,7305
1280,7351
1280,7364
1280,7373
1280,7380
1280,7395
1280,7402
1280,7430
1280,7503
1280,7526
1280,7589
1280,7610
1281,258
1281,593
1281,2198
1281,2868
1281,3185
1281,5006
1281,6887
1281,7280
1281,7330
1282,236
1282,850
1282,879
1282,1969
1282,2022
1282,2250
1282,2260
1282,2728
1282,2975
1282,3099
1282,4666
1282,4739
1282,5848
1282,5849
1282,5906
1282,6007
1282,6010
1282,6046
1282,6363
1282,7238
1283,929
1283,1141
1283,2278
1283,2478
1283,2862
1283,3075
1283,4124
1283,4431
1283,4439
1283,4643
1283,6008
1283,6394
1284,85
1284,113
1284,123
1284,260
1284,272
1284,283
1284,357
1284,410
1284,421
1284,460
1284,476
1284,538
1284,593
1284,693
1284,727
1284,752
1284,766
1284,795
1284,813
1284,939
1284,973
1284,986
1284,1058
1284,1102
1284,1113
1284,1210
1284,1211
1284,1268
1284,1299
1284,1333
1284,1414
1284,1430
1284,1453
1284,1479
1284,1485
1284,1549
1284,1575
1284,1628
1284,1655
1284,1708
1284,1826
1284,1833
1284,1853
1284,1854
1284,1884
1284,1965
1284,2198
1284,2215
1284,2239
1284,2320
1284,2393
1284,2564
1284,2595
1284,2659
1284,2671
1284,2719
1284,2725
1284,2744
1284,2763
1284,2765
1284,2770
1284,2911
1284,2961
1284,2972
1284,3015
1284,3050
1284,3183
1284,3226
1284,3347
1284,3593
1284,3659
1284,3672
1284,3748
1284,3796
1284,3895
1284,4067
1284,4095
1284,4164
1284,4248
1284,4307
1284,4358
1284,4376
1284,4384
1284,4408
1284,4466
1284,4525
1284,4535
1284,4622
1284,4658
1284,4805
1284,4982
1284,5125
1284,5132
1284,5143
1284,5145
1284,5203
1284,5212
1284,5296
1284,5404
1284,5446
1284,5455
1284,5485
1284,5507
1284,5508
1284,5557
1284,5641
1284,5646
1284,5732
1284,5924
1284,5945
1284,5962
1284,6082
1284,6098
1284,6216
1284,6400
1284,6424
1284,6579
1284,6702
1284,6705
1284,6907
1284,6945
1284,6952
1284,6971
1284,7067
1284,7079
1284,7101
1284,7147
1284,7197
1284,7231
1284,7269
1284,7278
1284,7296
1284,7446
1284,7465
1284,7525
1284,7580
1285,1239
1285,1999
1285,2000
1285,2198
1285,3532
1285,3557
1285,4362
1285,4725
1285,4908
1285,5630
1285,5839
1285,6551
1285,6572
1285,6967
1285,7579
1286,258
1286,659
1286,1744
1286,1798
1286,1899
1286,3051
1286,3594
1286,4174
1286,5070
1286,6887
1286,7289
1286,7330
1287,49
1287,212
1287,283
1287,382
1287,584
1287,683
1287,808
1287,921
1287,936
1287,1066
1287,1448
1287,1521
1287,1549
1287,1624
1287,1716
1287,2013
1287,2059
1287,2086
1287,2186
1287,2198
1287,2215
1287,2325
1287,2371
1287,2525
1287,2536
1287,2579
1287,2620
1287,2673
1287,2703
1287,2903
1287,3083
1287,3506
1287,3559
1287,3781
1287,3970
1287,4050
1287,4067
1287,4153
1287,4220
1287,4384
1287,4427
1287,4584
1287,4811
1287,4893
1287,4917
1287,5120
1287,5174
1287,5296
1287,5798
1287,5851
1287,5917
1287,6026
1287,6059
1287,6208
1287,6296
1287,6348
1287,6412
1287,6427
1287,6452
1287,6677
1287,6699
1287,6713
1287,6909
1287,6920
1287,7006
1287,7131
1287,7296
1287,7401
1287,7569
1287,7604
1288,66
1288,242
1288,414
1288,1049
1288,2100
1288,2976
1288,3156
1288,3191
1288,3222
1288,3227
1288,4209
1288,4471
1288,4587
1288,4646
1288,4961
1288,5642
1288,5684
1288,5720
1288,6169
1288,6324
1288,6514
1288,7450
1288,7571
1288,7575
1288,7620
1289,73
1289,674
1289,1133
1289,1189
1289,1361
1289,1479
1289,1820
1289,1904
1289,1910
1289,2450
1289,3430
1289,3760
1289,3878
1289,4062
1289,4716
1289,4879
1289,4986
1289,4987
1289,5845
1289,5957
1289,6030
1289,6210
1289,6252
1289,6440
1289,6777
1289,7234
1289,7330
1290,381
1290,1159
1290,1760
1290,2110
1290,2135
1290,2465
1290,2880
1290,3097
1290,3141
1290,5014
1290,5456
1290,6459
1290,6663
1290,7418
1291,5
1291,8
1291,71
1291,212
1291,245
1291,352
1291,382
1291,410
1291,460
1291,521
1291,526
1291,571
1291,584
1291,655
1291,754
1291,785
1291,808
1291,911
1291,919
1291,1063
1291,1090
1291,1196
1291,1310
1291,1521
1291,1665
1291,1733
1291,1780
1291,1809
1291,1810
1291,1873
1291,1919
1291,1922
1291,1967
1291,2026
1291,2059
1291,2111
1291,2112
1291,2122
1291,2172
1291,2186
1291,2215
1291,2273
1291,2279
1291,2325
1291,2376
1291,2404
1291,2423
1291,2462
1291,2529
1291,2536
1291,2632
1291,2673
1291,2719
1291,2729
1291,2856
1291,2903
1291,2945
1291,3062
1291,3083
1291,3125
1291,3246
1291,3270
1291,3443
1291,3457
1291,3506
1291,3510
1291,3520
1291,3539
1291,3559
1291,3702
1291,3784
1291,3962
1291,4057
1291,4067
1291,4069
1291,4115
1291,4206
1291,4362
1291,4398
1291,4500
1291,4502
1291,4609
1291,4634
1291,4722
1291,4811
1291,4917
1291,5115
1291,5539
1291,5556
1291,5648
1291,5722
1291,5798
1291,5813
1291,5917
1291,5926
1291,5992
1291,6036
1291,6067
1291,6131
1291,6296
1291,6408
1291,6412
1291,6512
1291,6536
1291,6538
1291,6547
1291,6569
1291,6610
1291,6630
1291,6672
1291,6677
1291,6715
1291,6872
1291,6879
1291,6909
1291,6992
1291,7077
1291,7130
1291,7131
1291,7322
1291,7336
1291,7338
1291,7512
1291,7576
1291,7590
1291,7608
1291,7624
1292,147
1292,425
1292,481
1292,561
1292,578
1292,690
1292,1086
1292,1096
1292,1223
1292,1622
1292,1646
1292,1683
1292,2361
1292,2489
1292,2499
1292,2843
1292,2853
1292,3180
1292,3211
1292,4004
1292,4047
1292,4191
1292,4244
1292,4411
1292,4423
1292,4663
1292,4711
1292,5357
1292,5573
1292,5737
1292,5974
1292,6092
1292,6311
1292,6488
1292,6609
1292,6924
1292,7015
1292,7110
1292,7383
1292,7489
1292,7598
1293,23
1293,69
1293,85
1293,103
1293,184
1293,201
1293,240
1293,260
1293,283
1293,287
1293,304
1293,346
1293,369
1293,415
1293,431
1293,475
1293,479
1293,527
1293,538
1293,657
1293,693
1293,726
1293,735
1293,789
1293,795
1293,903
1293,904
1293,939
1293,955
1293,958
1293,986
1293,1011
1293,1058
1293,1067
1293,1113
1293,1170
1293,1218
1293,1249
1293,1330
1293,1368
1293,1421
1293,1427
1293,1431
1293,1453
1293,1456
1293,1478
1293,1499
1293,1540
1293,1549
1293,1621
1293,1624
1293,1775
1293,1778
1293,1784
1293,1798
1293,1860
1293,1907
1293,1996
1293,2021
1293,2033
1293,2040
1293,2060
1293,2086
1293,2194
1293,2198
1293,2215
1293,2229
1293,2313
1293,2320
1293,2377
1293,2479
1293,2521
1293,2549
1293,2571
1293,2587
1293,2595
1293,2600
1293,2617
1293,2620
1293,2657
1293,2671
1293,2719
1293,2744
1293,2765
1293,2808
1293,2852
1293,2855
1293,2888
1293,2911
1293,2921
1293,2956
1293,2967
1293,3025
1293,3039
1293,3069
1293,3125
1293,3149
1293,3183
1293,3225
1293,3264
1293,3297
1293,3362
1293,3370
1293,3406
1293,3408
1293,3502
1293,3538
1293,3593
1293,3659
1293,3672
1293,3708
1293,3718
1293,3734
1293,3756
1293,3762
1293,3804
1293,3895
1293,3898
1293,3926
1293,3947
1293,3948
1293,3958
1293,3970
1293,4037
1293,4049
1293,4083
1293,4090
1293,4096
1293,4141
1293,4167
1293,4233
1293,4286
1293,4290
1293,4376
1293,4384
1293,4398
1293,4474
1293,4535
1293,4570
1293,4658
1293,4737
1293,4785
1293,4787
1293,4801
1293,4827
1293,4865
1293,4877
1293,4919
1293,4952
1293,5095
1293,5111
1293,5222
1293,5251
1293,5261
1293,5278
1293,5296
1293,5350
1293,5403
1293,5490
1293,5513
1293,5626
1293,5714
1293,5730
1293,5732
1293,5740
1293,5756
1293,5816
1293,5859
1293,5945
1293,5955
1293,5976
1293,6022
1293,6202
1293,6216
1293,6242
1293,6253
1293,6259
1293,6265
1293,6303
1293,6348
1293,6395
1293,6400
1293,6412
1293,6439
1293,6484
1293,6492
1293,6507
1293,6537
1293,6540
1293,6551
1293,6562
1293,6574
1293,6588
1293,6640
1293,6704
1293,6760
1293,6802
1293,6810
1293,6811
1293,6889
1293,6892
1293,6895
1293,6906
1293,6933
1293,6936
1293,6971
1293,6981
1293,6984
1293,7103
1293,7143
1293,7182
1293,7197
1293,7219
1293,7269
1293,7311
1293,7320
1293,7321
1293,7385
1293,7420
1293,7428
1293,7465
1293,7487
1293,7520
1293,7537
1293,7569
1293,7580
1293,7603
1294,593
1294,710
1294,732
1294,1738
1294,1744
1294,4641
1294,4669
1294,4688
1294,5050
1294,5441
1294,5903
1294,6414
1294,6702
1295,202
1295,1031
1295,1134
1295,1454
1295,1534
1295,1560
1295,2662
1295,2709
1295,2799
1295,2833
1295,3227
1295,3239
1295,3437
1295,3869
1295,4209
1295,4232
1295,4305
1295,4405
1295,4628
1295,4665
1295,4906
1295,4922
1295,4935
1295,5185
1295,5454
1295,5633
1295,5664
1295,6245
1295,6433
1295,6549
1295,6571
1295,6813
1295,6838
1295,6970
1295,7538
1295,7641
1296,73
1296,92
1296,388
1296,502
1296,674
1296,721
1296,1189
1296,1252
1296,1432
1296,1483
1296,1511
1296,1572
1296,1607
1296,1910
1296,2186
1296,2205
1296,2434
1296,2450
1296,2676
1296,2954
1296,3427
1296,3503
1296,3688
1296,3804
1296,3832
1296,4046
1296,4080
1296,4114
1296,4174
1296,4228
1296,4356
1296,4422
1296,4724
1296,4876
1296,4879
1296,4892
1296,4986
1296,5000
1296,5091
1296,5685
1296,6030
1296,6252
1296,6452
1296,6518
1296,6563
1296,6624
1296,6740
1296,6775
1296,6966
1296,7134
1296,7195
1296,7239
1297,331
1297,462
1297,585
1297,846
1297,930
1297,980
1297,1522
1297,1669
1297,3631
1297,4178
1297,4320
1297,4362
1297,6328
1297,7153
1297,7576
1298,9
1298,2209
1298,5933
1298,7514
1299,1284
1299,4356
1299,5143
1300,281
1300,354
1300,452
1300,564
1300,908
1300,1147
1300,1168
1300,1201
1300,1358
1300,1576
1300,1754
1300,1837
1300,1999
1300,2027
1300,2094
1300,2203
1300,2707
1300,3402
1300,3418
1300,3457
1300,3943
1300,4119
1300,4166
1300,4277
1300,4327
1300,4389
1300,4568
1300,4769
1300,4882
1300,4977
1300,5021
1300,5192
1300,5486
1300,6158
1300,6292
1300,6555
1300,7094
1300,7148
1300,7393
1300,7625
1301,1006
1301,5525
1301,6646
1302,413
1302,2295
1302,2927
1302,3578
1302,3817
1302,4685
1302,5123
1302,5354
1302,5484
1302,5664
1303,656
1303,932
1303,982
1303,1021
1303,1065
1303,1256
1303,1400
1303,1449
1303,1737
1303,1903
1303,1920
1303,2079
1303,2204
1303,2318
1303,2388
1303,2399
1303,2528
1303,2878
1303,3366
1303,3412
1303,3431
1303,3879
1303,4237
1303,4399
1303,4497
1303,4618
1303,5140
1303,5163
1303,5421
1303,5827
1303,6113
1303,6133
1303,6550
1303,6561
1303,6635
1303,6935
1303,7037
1303,7275
1303,7355
1303,7460
1303,7491
1304,64
1304,355
1304,2168
1304,2413
1304,2874
1304,3135
1304,3214
1304,4005
1304,5046
1304,5104
1304,7220
1305,26
1305,258
1305,522
1305,659
1305,924
1305,1429
1305,1899
1305,1999
1305,2173
1305,2871
1305,4217
1305,4669
1305,6702
1305,6759
1305,7464
1306,7
1306,247
1306,337
1306,890
1306,935
1306,1204
1306,1213
1306,1460
1306,1471
1306,1852
1306,2180
1306,2321
1306,2504
1306,2591
1306,2957
1306,3048
1306,3057
1306,3204
1306,3263
1306,3315
1306,3489
1306,3806
1306,3843
1306,4035
1306,4133
1306,4265
1306,4623
1306,4639
1306,4644
1306,4795
1306,4855
1306,4897
1306,5147
1306,5161
1306,5236
1306,5274
1306,5600
1306,5977
1306,5995
1306,6081
1306,6151
1306,6255
1306,6390
1306,6607
1306,6650
1306,6687
1306,6763
1306,6894
1306,7092
1307,792
1307,1059
1307,1341
1307,1352
1307,1605
1307,1793
1307,1968
1307,1971
1307,2403
1307,2580
1307,3126
1307,3390
1307,3505
1307,3519
1307,3535
1307,4036
1307,4079
1307,4299
1307,4481
1307,5021
1307,5096
1307,5477
1307,5850
1307,5956
1307,6158
1307,6543
1307,7002
1307,7301
1308,1656
1308,1772
1308,3924
1308,4143
1308,4208
1308,4673
1308,6653
1309,38
1309,324
1309,453
1309,529
1309,569
1309,779
1309,1459
1309,1706
1309,1743
1309,2189
1309,2552
1309,3023
1309,3032
1309,3220
1309,3570
1309,4342
1309,5250
1309,5662
1309,6275
1309,6357
1309,6965
1309,7368
1310,39
1310,584
1310,705
1310,881
1310,930
1310,1076
1310,1291
1310,1938
1310,2901
1310,3320
1310,3501
1310,3506
1310,4302
1310,4384
1310,4904
1310,5938
1310,6112
1310,6281
1310,6740
1310,7067
1310,7323
1310,7330
1311,96
1311,730
1311,997
1311,1533
1311,1638
1311,2168
1311,2788
1311,3128
1311,3231
1311,4145
1311,4399
1311,5537
1311,5815
1311,7356
1311,7460
1312,354
1312,452
1312,1231
1312,4119
1312,6158
1312,6292
1312,6375
1312,7625
1313,459
1313,1781
1313,2022
1313,2842
1313,3350
1313,3940
1313,4175
1313,4911
1313,4981
1313,5113
1313,5319
1313,5416
1313,5831
1313,5871
1313,6220
1313,6239
1313,6865
1313,7484
1314,407
1314,1393
1314,1506
1314,4432
1314,4437
1314,4690
1314,4841
1314,4898
1314,5159
1314,5207
1314,6053
1314,6346
1314,6826
1314,6869
1314,7168
1315,1
1315,211
1315,456
1315,629
1315,881
1315,1064
1315,1212
1315,1347
1315,1776
1315,1820
1315,1904
1315,2113
1315,2257
1315,2678
1315,3339
1315,3503
1315,4031
1315,4173
1315,4301
1315,4735
1315,4940
1315,4982
1315,4987
1315,5997
1315,6369
1315,6588
1315,6594
1315,7032
1315,7330
1316,593
1316,1058
1316,1744
1316,1899
1316,2198
1316,3348
1316,5833
1316,5881
1316,6354
1316,6702
1317,967
1317,1058
1317,1280
1317,1429
1317,1809
1317,2170
1317,2198
1317,2461
1317,2513
1317,2579
1317,2587
1317,2772
1317,2935
1317,3049
1317,3078
1317,3384
1317,3962
1317,4067
1317,4376
1317,4541
1317,4805
1317,5832
1317,6408
1317,6636
1317,6769
1317,7179
1318,354
1318,452
1318,1201
1318,1576
1318,1837
1318,2858
1318,3402
1318,4119
1318,4389
1318,6158
1319,716
1319,2347
1319,3437
1319,4646
1319,4970
1319,5382
1319,6808
1319,7217
1319,7245
1320,1535
1320,3437
1320,4424
1320,4452
1320,4582
1320,4628
1320,6223
1320,7160
1320,7423
1321,308
1321,835
1321,1225
1321,1371
1321,1442
1321,1566
1321,1660
1321,2625
1321,2907
1321,3052
1321,3433
1321,3567
1321,3732
1321,4863
1321,5781
1321,6172
1321,6437
1321,6675
1321,6703
1321,6864
1321,7325
1322,155
1322,2374
1322,3549
1322,4378
1322,4454
1322,4687
1322,6126
1323,379
1323,4544
1323,5235
1323,6635
1323,7243
1323,7460
1323,7483
1324,581
1324,2813
1324,4181
1324,4208
1324,4351
1324,4726
1324,6623
1324,7565
1325,1566
1325,1572
1325,2490
1325,2625
1325,2907
1325,3052
1325,3567
1325,3866
1325,4722
1325,6243
1326,120
1326,447
1326,745
1326,819
1326,1124
1326,1234
1326,1237
1326,2130
1326,2343
1326,2362
1326,2399
1326,2456
1326,2528
1326,3084
1326,3143
1326,3201
1326,3361
1326,3431
1326,3569
1326,3850
1326,4237
1326,4399
1326,4647
1326,4655
1326,4861
1326,4974
1326,5480
1326,5675
1326,5883
1326,5927
1326,6138
1326,6681
1326,6855
1326,7264
1326,7388
1327,568
1327,2239
1327,2510
1327,3844
1327,5707
1328,740
1328,917
1328,2517
1328,2554
1328,6130
1329,593
1329,2198
1329,2239
1329,2553
1329,3799
1329,5734
1329,5881
1329,6098
1329,6702
1329,7003
1329,7352
1329,7577
1330,23
1330,85
1330,240
1330,260
1330,446
1330,538
1330,593
1330,789
1330,795
1330,813
1330,865
1330,1058
1330,1093
1330,1113
1330,1268
1330,1293
1330,1453
1330,1478
1330,1798
1330,1847
1330,1927
1330,1965
1330,1999
1330,2039
1330,2183
1330,2198
1330,2370
1330,2571
1330,2765
1330,2882
1330,2911
1330,3079
1330,3183
1330,3225
1330,3226
1330,3269
1330,3311
1330,3370
1330,3408
1330,3538
1330,3692
1330,3748
1330,3898
1330,3996
1330,4080
1330,4164
1330,4303
1330,4376
1330,4384
1330,4420
1330,4465
1330,4806
1330,4864
1330,5132
1330,5222
1330,5296
1330,5404
1330,5490
1330,5714
1330,5732
1330,5816
1330,5881
1330,6039
1330,6098
1330,6313
1330,6348
1330,6409
1330,6551
1330,6702
1330,6707
1330,6723
1330,6971
1330,7071
1330,7197
1330,7296
1330,7464
1330,7572
1330,7582
1331,93
1331,200
1331,878
1331,1556
1331,1674
1331,1964
1331,3038
1331,3086
1331,4325
1331,4587
1331,5913
1331,6429
1332,78
1332,378
1332,427
1332,459
1332,1781
1332,1937
1332,2022
1332,2139
1332,2369
1332,2737
1332,2842
1332,3288
1332,3350
1332,3416
1332,3940
1332,4099
1332,4298
1332,4425
1332,4515
1332,4740
1332,4911
1332,4981
1332,5005
1332,5113
1332,5319
1332,5416
1332,5681
1332,5831
1332,5871
1332,6132
1332,6220
1332,6239
1332,6559
1332,6865
1332,6918
1332,7249
1332,7431
1332,7484
1332,7645
1333,446
1333,552
1333,593
1333,766
1333,1210
1333,1284
1333,1453
1333,1546
1333,2198
1333,2310
1333,2370
1333,2993
1333,4054
1333,4376
1333,4384
1333,5132
1333,5455
1333,7269
1334,10
1334,349
1334,605
1334,981
1334,1041
1334,1264
1334,1736
1334,1881
1334,1980
1334,2435
1334,2777
1334,3102
1334,3415
1334,3711
1334,3717
1334,3749
1334,4723
1334,4740
1334,4829
1334,4992
1334,5110
1334,5929
1334,5939
1334,6250
1334,6357
1334,6665
1334,6876
1334,7348
1334,7437
1334,7458
1334,7513
1335,223
1335,382
1335,747
1335,1252
1335,1261
1335,1275
1335,1394
1335,1465
1335,1731
1335,2081
1335,2213
1335,2277
1335,2299
1335,2392
1335,2488
1335,2574
1335,2952
1335,3240
1335,3351
1335,3566
1335,3731
1335,4255
1335,4282
1335,4605
1335,4767
1335,4987
1335,5022
1335,5248
1335,5550
1335,5571
1335,5661
1335,5778
1335,6123
1335,6558
1335,6590
1335,7107
1335,7153
1335,7267
1335,7479
1335,7569
1335,7588
1336,3791
1336,4657
1336,4732
1336,4843
1336,4866
1336,5592
1336,7516
1337,287
1337,456
1337,532
1337,728
1337,766
1337,858
1337,975
1337,1058
1337,1185
1337,1493
1337,1575
1337,1695
1337,1739
1337,2198
1337,2202
1337,2239
1337,2358
1337,2427
1337,2567
1337,3223
1337,3246
1337,3492
1337,3578
1337,3695
1337,3866
1337,3994
1337,4185
1337,4358
1337,4376
1337,4722
1337,4805
1337,4902
1337,5132
1337,5144
1337,5179
1337,5287
1337,5505
1337,5652
1337,5664
1337,5785
1337,5987
1337,6118
1337,6211
1337,6272
1337,6522
1337,6565
1337,6841
1337,7029
1337,7240
1337,7452
1337,7467
1337,7572
1338,93
1338,195
1338,200
1338,1068
1338,1107
1338,1441
1338,1556
1338,1576
1338,1674
1338,1964
1338,2052
1338,2121
1338,2136
1338,2254
1338,2316
1338,2422
1338,2585
1338,2646
1338,2803
1338,2833
1338,3086
1338,3205
1338,3233
1338,3467
1338,3630
1338,3647
1338,3993
1338,4025
1338,4232
1338,4239
1338,4283
1338,4410
1338,4779
1338,5644
1338,5671
1338,6051
1338,6225
1338,6337
1338,6436
1338,6493
1338,6599
1338,6606
1338,6633
1338,6674
1338,6768
1338,6817
1338,6910
1338,7019
1338,7427
1339,62
1339,336
1339,432
1339,495
1339,535
1339,539
1339,766
1339,975
1339,1094
1339,1343
1339,1418
1339,1494
1339,1572
1339,1619
1339,1673
1339,1682
1339,1753
1339,1802
1339,1875
1339,2055
1339,2143
1339,2198
1339,2239
1339,2372
1339,2425
1339,2490
1339,2799
1339,3223
1339,3578
1339,3664
1339,3866
1339,3887
1339,3895
1339,3925
1339,4054
1339,4109
1339,4185
1339,4324
1339,4343
1339,4358
1339,4376
1339,4672
1339,5179
1339,5378
1339,5392
1339,5455
1339,5505
1339,5865
1339,5949
1339,6098
1339,6211
1339,6235
1339,6531
1339,6581
1339,6770
1339,7067
1339,7226
1339,7478
1339,7635
1340,160
1340,402
1340,496
1340,668
1340,1248
1340,1403
1340,1626
1340,1750
1340,1816
1340,1952
1340,2078
1340,2512
1340,2608
1340,2799
1340,2924
1340,2966
1340,3222
1340,3227
1340,3281
1340,3524
1340,3647
1340,3662
1340,3729
1340,3823
1340,3902
1340,4867
1340,5391
1340,5539
1340,6408
1340,6556
1340,7442
1340,7594
1340,7621
1341,1059
1341,1207
1341,1307
1341,1405
1341,1793
1341,1968
1341,2085
1341,2242
1341,2466
1341,2942
1341,3033
1341,3126
1341,3390
1341,4299
1341,6158
1341,7002
1342,565
1342,799
1342,929
1342,1025
1342,1208
1342,1886
1342,2466
1342,2858
1342,4119
1342,4396
1342,5023
1342,6498
1342,6697
1342,6846
1343,111
1343,308
1343,434
1343,495
1343,501
1343,766
1343,847
1343,1339
1343,1426
1343,1795
1343,1817
1343,1966
1343,1979
1343,3295
1343,3381
1343,3578
1343,3739
1343,3922
1343,4508
1343,4851
1343,4863
1343,5150
1343,5880
1343,5948
1343,6211
1343,6976
1343,7022
1343,7142
1343,7307
1343,7467
1344,1058
1344,1561
1344,1738
1344,1744
1344,1782
1344,2198
1344,2239
1344,3080
1344,3152
1344,3856
1344,4161
1344,4458
1344,4522
1344,4688
1344,4771
1344,4805
1344,5007
1344,5056
1344,5167
1344,5234
1344,5404
1344,6345
1344,6406
1344,6807
1344,7395
1345,1961
1345,2304
1345,3369
1345,3600
1345,3802
1345,4395
1346,174
1346,340
1346,879
1346,1389
1346,1709
1346,1827
1346,1969
1346,2099
1346,2250
1346,2324
1346,2953
1346,3009
1346,3162
1346,3371
1346,4264
1346,4274
1346,5668
1346,6465
1346,7188
1347,26
1347,134
1347,149
1347,167
1347,211
1347,305
1347,471
1347,522
1347,591
1347,658
1347,834
1347,970
1347,1060
1347,1253
1347,1315
1347,1353
1347,1457
1347,1603
1347,1610
1347,1633
1347,1666
1347,1767
1347,1777
1347,2173
1347,2205
1347,2239
1347,2415
1347,2621
1347,2831
1347,2871
1347,2941
1347,3035
1347,3123
1347,3310
1347,3339
1347,3577
1347,3591
1347,3698
1347,4173
1347,4196
1347,4386
1347,4729
1347,5091
1347,5181
1347,5191
1347,5302
1347,5442
1347,5461
1347,5661
1347,5708
1347,5953
1347,6085
1347,6269
1347,6450
1347,6511
1347,6572
1347,6593
1347,6600
1347,6726
1347,6784
1347,7020
1347,7032
1347,7072
1347,7276
1347,7293
1347,7365
1347,7406
1347,7409
1347,7503
1347,7526
1347,7534
1347,7596
1348,1063
1348,1932
1348,2214
1348,2218
1348,3982
1348,5901
1348,7045
1349,60
1349,593
1349,780
1349,1011
1349,1453
1349,1472
1349,1729
1349,1798
1349,1837
1349,1968
1349,1971
1349,1978
1349,2198
1349,2275
1349,2580
1349,2659
1349,2846
1349,2967
1349,3171
1349,3402
1349,3522
1349,3532
1349,3748
1349,4080
1349,4086
1349,4376
1349,4384
1349,5021
1349,5196
1349,5629
1349,5839
1349,6034
1349,6158
1349,6883
1349,7296
1349,7301
1349,7597
1350,260
1350,294
1350,351
1350,369
1350,431
1350,482
1350,593
1350,811
1350,1467
1350,1513
1350,1628
1350,1663
1350,1798
1350,1907
1350,2396
1350,2432
1350,3051
1350,3185
1350,3377
1350,3582
1350,3704
1350,4074
1350,4157
1350,4253
1350,4350
1350,4578
1350,4669
1350,5105
1350,5139
1350,5399
1350,5404
1350,5543
1350,5707
1350,5734
1350,5816
1350,5979
1350,6082
1350,6188
1350,6335
1350,6414
1350,6673
1350,6702
1350,6706
1350,7010
1350,7139
1350,7170
1350,7280
1350,7353
1350,7464
1350,7597
1351,89
1351,319
1351,593
1351,1744
1351,1838
1351,2095
1351,2198
1351,2239
1351,2553
1351,3946
1351,4127
1351,4641
1351,5013
1351,5050
1351,5441
1351,5495
1351,5881
1351,6409
1351,6702
1351,7247
1351,7395
1352,437
1352,547
1352,1207
1352,1307
1352,1405
1352,1605
1352,1606
1352,1793
1352,1949
1352,1968
1352,2085
1352,2242
1352,2942
1352,3033
1352,3200
1352,3390
1352,3505
1352,3519
1352,3535
1352,4036
1352,4079
1352,4299
1352,4339
1352,4370
1352,4794
1352,5096
1352,5477
1352,5956
1352,6080
1352,6150
1352,6543
1352,6862
1352,6903
1352,7002
1352,7138
1352,7185
1352,7199
1353,149
1353,485
1353,573
1353,751
1353,970
1353,1060
1353,1253
1353,1270
1353,1347
1353,1454
1353,1457
1353,1596
1353,1610
1353,1633
1353,1666
1353,1714
1353,1905
1353,1930
1353,1961
1353,1981
1353,2068
1353,2179
1353,2239
1353,2629
1353,2695
1353,2871
1353,3035
1353,3054
1353,3109
1353,3310
1353,3605
1353,3698
1353,3763
1353,3787
1353,3928
1353,3969
1353,4033
1353,4103
1353,4386
1353,4464
1353,4746
1353,4959
1353,5018
1353,5191
1353,5461
1353,5506
1353,5661
1353,5694
1353,5843
1353,5953
1353,5963
1353,6085
1353,6119
1353,6269
1353,6331
1353,6450
1353,6572
1353,6726
1353,6807
1353,7365
1353,7375
1353,7406
1353,7409
1353,7503
1353,7526
1353,7550
1353,7596
1354,144
1354,222
1354,231
1354,1083
1354,1124
1354,2409
1354,2456
1354,2720
1354,2877
1354,3231
1354,3431
1354,3747
1354,3801
1354,5297
1354,5911
1354,6148
1354,6816
1354,7098
1354,7162
1354,7243
1354,7356
1355,1686
1355,3256
1355,4295
1356,4690
1356,5767
1356,6869
1356,7549
1357,85
1357,99
1357,235
1357,309
1357,369
1357,431
1357,540
1357,552
1357,593
1357,657
1357,811
1357,813
1357,1058
1357,1097
1357,1152
1357,1210
1357,1211
1357,1254
1357,1414
1357,1453
1357,1569
1357,1575
1357,1620
1357,1628
1357,1753
1357,1854
1357,1875
1357,1908
1357,2030
1357,2170
1357,2198
1357,2239
1357,2267
1357,2370
1357,2410
1357,2571
1357,2586
1357,2587
1357,2659
1357,2772
1357,2801
1357,2808
1357,2848
1357,2882
1357,2904
1357,2972
1357,3015
1357,3049
1357,3160
1357,3172
1357,3177
1357,3384
1357,3469
1357,3641
1357,3720
1357,3748
1357,3758
1357,3895
1357,3985
1357,4164
1357,4216
1357,4376
1357,4388
1357,4408
1357,4466
1357,4535
1357,4570
1357,4573
1357,4579
1357,4595
1357,4670
1357,4680
1357,4805
1357,5037
1357,5048
1357,5108
1357,5132
1357,5139
1357,5208
1357,5234
1357,5251
1357,5273
1357,5365
1357,5381
1357,5399
1357,5404
1357,5507
1357,5551
1357,5556
1357,5641
1357,5649
1357,5651
1357,5749
1357,5961
1357,6040
1357,6047
1357,6078
1357,6140
1357,6215
1357,6284
1357,6313
1357,6315
1357,6354
1357,6414
1357,6553
1357,6702
1357,6952
1357,6990
1357,7017
1357,7105
1357,7147
1357,7277
1357,7320
1357,7339
1357,7353
1357,7369
1357,7440
1357,7448
1357,7471
1358,9
1358,128
1358,252
1358,564
1358,796
1358,908
1358,1168
1358,1300
1358,1435
1358,1550
1358,1888
1358,2027
1358,2044
1358,2094
1358,2096
1358,2263
1358,2378
1358,2707
1358,2944
1358,3365
1358,3418
1358,3478
1358,3484
1358,3555
1358,3706
1358,4024
1358,4277
1358,4327
1358,4430
1358,4437
1358,4635
1358,4769
1358,4882
1358,5118
1358,5192
1358,5486
1358,5625
1358,5636
1358,5933
1358,6162
1358,6555
1358,6955
1358,7094
1358,7235
1358,7393
1359,769
1359,784
1359,807
1359,1239
1359,1522
1359,1655
1359,1669
1359,2210
1359,2390
1359,2416
1359,2462
1359,2583
1359,2741
1359,3232
1359,3329
1359,3557
1359,3589
1359,3911
1359,4178
1359,4314
1359,4362
1359,4482
1359,4507
1359,4555
1359,4725
1359,5014
1359,5318
1359,5604
1359,5907
1359,5971
1359,6005
1359,6314
1359,6328
1359,6575
1359,6967
1359,7039
1359,7153
1359,7191
1359,7365
1359,7375
1359,7376
1359,7579
1359,7591
1360,275
1360,328
1360,749
1360,828
1360,1037
1360,1648
1360,1696
1360,1759
1360,1766
1360,2090
1360,2114
1360,2134
1360,2147
1360,2189
1360,2260
1360,2474
1360,2822
1360,2849
1360,4056
1360,4342
1360,4412
1360,4496
1360,4960
1360,5245
1360,5448
1360,5512
1360,5602
1360,5753
1360,5848
1360,6143
1360,6164
1360,6416
1360,6771
1360,6842
1360,7073
1361,143
1361,502
1361,551
1361,1133
1361,1189
1361,1289
1361,2586
1361,2678
1361,3275
1361,3430
1361,3760
1361,3878
1361,4039
1361,4294
1361,4301
1361,4422
1361,4716
1361,4940
1361,5111
1361,5845
1361,6030
1361,6369
1361,6430
1361,6440
1361,6951
1361,7234
1361,7330
1362,613
1362,1052
1362,1143
1362,1181
1362,1653
1362,1832
1362,2041
1362,2162
1362,2897
1362,3767
1362,3783
1362,3956
1362,4121
1362,4378
1362,4451
1362,4577
1362,4621
1362,4817
1362,5009
1362,5226
1362,6048
1362,6378
1362,6481
1362,6627
1362,6748
1362,7587
1363,886
1363,1410
1363,3569
1363,4581
1363,6377
1363,6425
1364,749
1364,1054
1364,1243
1364,1531
1364,1648
1364,1732
1364,1759
1364,1969
1364,2250
1364,2260
1364,2324
1364,2326
1364,2754
1364,2822
1364,2849
1364,2975
1364,4236
1364,4412
1364,4704
1364,4956
1364,4960
1364,5512
1364,5602
1364,5848
1364,6046
1364,6357
1364,6772
1364,7118
1364,7437
1365,147
1365,481
1365,561
1365,837
1365,1223
1365,2805
1365,3211
1365,4244
1365,4411
1365,4663
1365,4914
1365,5270
1365,5345
1365,6488
1365,6609
1365,6625
1365,7110
1365,7383
1365,7489
1365,7598
1366,348
1366,354
1366,452
1366,547
1366,594
1366,624
1366,635
1366,792
1366,799
1366,823
1366,929
1366,1033
1366,1147
1366,1168
1366,1201
1366,1203
1366,1208
1366,1231
1366,1265
1366,1542
1366,1571
1366,1837
1366,1968
1366,1971
1366,2203
1366,2278
1366,2403
1366,2578
1366,2580
1366,2642
1366,2696
1366,2841
1366,2846
1366,2858
1366,2937
1366,3110
1366,3254
1366,3286
1366,3402
1366,3522
1366,3943
1366,4011
1366,4036
1366,4119
1366,4132
1366,4166
1366,4481
1366,4927
1366,4977
1366,5021
1366,5149
1366,5196
1366,5233
1366,5246
1366,5590
1366,6011
1366,6158
1366,6375
1366,6498
1366,6659
1366,6697
1366,6782
1366,6863
1366,6883
1366,6938
1366,7028
1366,7083
1366,7148
1366,7301
1366,7533
1366,7567
1366,7625
1367,120
1367,581
1367,1162
1367,1234
1367,2130
1367,2343
1367,2362
1367,3850
1367,3879
1367,4655
1367,4974
1367,5675
1367,5927
1367,6138
1367,6681
1367,7460
1368,71
1368,85
1368,138
1368,170
1368,201
1368,260
1368,304
1368,369
1368,479
1368,568
1368,593
1368,762
1368,789
1368,795
1368,810
1368,841
1368,1040
1368,1058
1368,1067
1368,1293
1368,1415
1368,1453
1368,1540
1368,1545
1368,1620
1368,1621
1368,1624
1368,1668
1368,1798
1368,1907
1368,1959
1368,1970
1368,2033
1368,2106
1368,2173
1368,2198
1368,2377
1368,2600
1368,2617
1368,2620
1368,2657
1368,2671
1368,2744
1368,2745
1368,2808
1368,2888
1368,2911
1368,2921
1368,3093
1368,3177
1368,3184
1368,3226
1368,3297
1368,3311
1368,3334
1368,3347
1368,3362
1368,3370
1368,3646
1368,3748
1368,3895
1368,3948
1368,4062
1368,4080
1368,4184
1368,4190
1368,4233
1368,4253
1368,4376
1368,4384
1368,4392
1368,4393
1368,4535
1368,4556
1368,4578
1368,4787
1368,5132
1368,5251
1368,5278
1368,5296
1368,5344
1368,5490
1368,5507
1368,5593
1368,5623
1368,5641
1368,5710
1368,5714
1368,5816
1368,5881
1368,5955
1368,6004
1368,6208
1368,6284
1368,6537
1368,6551
1368,6553
1368,6707
1368,6760
1368,6811
1368,6843
1368,6892
1368,6933
1368,6961
1368,6971
1368,6990
1368,6992
1368,7010
1368,7046
1368,7085
1368,7101
1368,7170
1368,7182
1368,7252
1368,7280
1368,7296
1368,7320
1368,7353
1368,7448
1368,7464
1368,7465
1368,7471
1368,7525
1368,7535
1368,7572
1368,7582
1369,396
1369,547
1369,574
1369,799
1369,929
1369,1208
1369,1384
1369,2846
1369,4059
1369,4119
1369,4444
1369,4929
1369,5695
1369,6498
1369,7040
1369,7199
1370,85
1370,593
1370,726
1370,789
1370,813
1370,958
1370,1058
1370,1210
1370,1268
1370,1415
1370,1453
1370,1665
1370,1798
1370,1862
1370,1959
1370,2106
1370,2198
1370,2239
1370,2339
1370,2370
1370,2571
1370,2573
1370,2981
1370,3183
1370,3370
1370,3692
1370,3693
1370,3748
1370,4071
1370,4080
1370,4164
1370,4290
1370,4376
1370,4384
1370,4556
1370,4608
1370,4680
1370,4805
1370,4806
1370,5194
1370,5251
1370,5296
1370,5344
1370,5404
1370,5641
1370,5649
1370,5707
1370,5816
1370,5881
1370,5937
1370,6354
1370,6492
1370,6551
1370,6702
1370,6952
1370,7003
1370,7044
1370,7046
1370,7147
1370,7289
1370,7520
1370,7572
1370,7582
1371,990
1371,1321
1371,1442
1371,1520
1371,1979
1371,2529
1371,2993
1371,3612
1371,4218
1371,4863
1371,4989
1371,6189
1371,6280
1371,6675
1371,6960
1371,7113
1371,7262
1371,7518
1371,7546
1372,1036
1372,1198
1372,2446
1372,3573
1372,3631
1372,3767
1372,3952
1372,4136
1372,4757
1372,4944
1372,5535
1372,5907
1372,6209
1372,6298
1372,6358
1372,6868
1372,7579
1373,1544
1373,1815
1373,3290
1373,3771
1375,230
1375,729
1375,902
1375,932
1375,1119
1375,1857
1375,5027
1376,2239
1376,2502
1376,4685
1377,91
1377,226
1377,229
1377,259
1377,450
1377,611
1377,766
1377,875
1377,1094
1377,1104
1377,1112
1377,1239
1377,1278
1377,1700
1377,2143
1377,2198
1377,2239
1377,2484
1377,2569
1377,2661
1377,3330
1377,3532
1377,3607
1377,3912
1377,3925
1377,4196
1377,4315
1377,4381
1377,4406
1377,4469
1377,5218
1377,5404
1377,5505
1377,5510
1377,5585
1377,5661
1377,5707
1377,6063
1377,6331
1377,6434
1377,6437
1377,6664
1377,6737
1377,6778
1377,7067
1377,7171
1377,7269
1377,7290
1377,7330
1377,7395
1377,7548
1378,789
1378,1058
1378,1472
1378,2377
1378,2580
1378,3183
1378,3748
1378,4384
1378,5296
1378,5316
1378,7296
1379,40
1379,143
1379,161
1379,287
1379,299
1379,456
1379,601
1379,881
1379,1185
1379,1215
1379,1409
1379,1725
1379,2113
1379,2586
1379,2738
1379,2795
1379,2801
1379,3339
1379,3503
1379,3870
1379,3888
1379,3966
1379,4029
1379,4294
1379,4373
1379,4735
1379,4940
1379,4987
1379,5022
1379,5081
1379,5263
1379,5504
1379,6717
1379,7032
1379,7225
1379,7330
1379,7589
1380,1815
1380,3771
1381,241
1381,545
1381,878
1381,1009
1381,1075
1381,1681
1381,2034
1381,2550
1381,3095
1381,3823
1381,3981
1381,4336
1381,4810
1381,4906
1381,5238
1381,5725
1381,5746
1381,6084
1381,6606
1381,6674
1381,6807
1381,7281
1381,7386
1382,526
1382,1999
1382,2198
1382,2856
1382,3510
1382,4116
1382,4805
1382,6408
1382,6424
1382,6807
1382,7090
1382,7250
1383,2239
1383,3548
1383,4198
1383,5155
1383,5234
1383,5595
1383,6064
1383,7560
1384,396
1384,547
1384,565
1384,574
1384,799
1384,915
1384,1208
1384,1369
1384,1398
1384,1837
1384,1968
1384,1971
1384,2167
1384,2278
1384,2429
1384,2846
1384,3200
1384,3694
1384,4036
1384,4059
1384,4119
1384,4319
1384,4481
1384,4597
1384,4652
1384,4929
1384,5196
1384,5695
1384,5891
1384,5900
1384,6498
1384,6697
1384,6833
1384,6862
1384,7040
1384,7185
1384,7199
1384,7301
1384,7533
1385,197
1385,364
1385,384
1385,454
1385,927
1385,1386
1385,1441
1385,1515
1385,1629
1385,2121
1385,2347
1385,2680
1385,3219
1385,3496
1385,3995
1385,4051
1385,4994
1385,5035
1385,5440
1385,5458
1385,5517
1385,5802
1385,5894
1385,6418
1385,6757
1385,6957
1385,7417
1386,197
1386,202
1386,384
1386,560
1386,891
1386,912
1386,1166
1386,1385
1386,1515
1386,1992
1386,2126
1386,2373
1386,2453
1386,2477
1386,2695
1386,3046
1386,3239
1386,3675
1386,3894
1386,3957
1386,3979
1386,4852
1386,4922
1386,4994
1386,5172
1386,5210
1386,5458
1386,5475
1386,5506
1386,5605
1386,6433
1386,7417
1386,7435
1387,354
1387,368
1387,451
1387,624
1387,1071
1387,1147
1387,1201
1387,1398
1387,1605
1387,1837
1387,1968
1387,1971
1387,2004
1387,2242
1387,2278
1387,2351
1387,2580
1387,2846
1387,3200
1387,3228
1387,3286
1387,3390
1387,3522
1387,4036
1387,4119
1387,4481
1387,5021
1387,5073
1387,6158
1387,6455
1387,6498
1387,6833
1387,6863
1387,6883
1387,7567
1388,1001
1388,1188
1388,1891
1388,2355
1388,2570
1388,2863
1388,2918
1388,3855
1388,3883
1388,4094
1388,4913
1388,4973
1388,5168
1388,5771
1388,5787
1388,5796
1388,6058
1388,6386
1388,6565
1388,6724
1389,167
1389,512
1389,1243
1389,1346
1389,1827
1389,2250
1389,2586
1389,2854
1389,2861
1389,3024
1389,3164
1389,3371
1389,3825
1389,5066
1389,6099
1389,6479
1389,7014
1389,7032
1390,95
1390,1726
1390,1901
1390,3040
1390,4672
1390,5869
1390,6822
1391,189
1391,275
1391,316
1391,328
1391,463
1391,516
1391,537
1391,749
1391,787
1391,801
1391,806
1391,828
1391,928
1391,1122
1391,1252
1391,1696
1391,1759
1391,1849
1391,1947
1391,1969
1391,1972
1391,1983
1391,2090
1391,2114
1391,2260
1391,2281
1391,2387
1391,2446
1391,2474
1391,2622
1391,2635
1391,3090
1391,3324
1391,3528
1391,3565
1391,3597
1391,3663
1391,4142
1391,4467
1391,4548
1391,4566
1391,4614
1391,4739
1391,4759
1391,5448
1391,5602
1391,5848
1391,6046
1391,6164
1391,6212
1391,6519
1391,6534
1391,6771
1391,6793
1391,7061
1391,7118
1391,7255
1391,7272
1391,7348
1391,7407
1392,204
1392,581
1392,737
1392,932
1392,968
1392,1146
1392,1244
1392,1256
1392,1449
1392,1664
1392,1737
1392,1772
1392,2133
1392,3361
1392,3412
1392,3879
1392,4208
1392,4226
1392,4237
1392,4251
1392,4399
1392,5131
1392,5271
1392,6138
1392,6199
1392,6347
1392,6374
1392,6480
1392,6623
1392,7264
1393,407
1393,1154
1393,1314
1393,1650
1393,1699
1393,3148
1393,4432
1393,4437
1393,4690
1393,4841
1393,4898
1393,5159
1393,5207
1393,5323
1393,5407
1393,5767
1393,6053
1393,6346
1393,6826
1393,6869
1393,6995
1393,7074
1393,7123
1393,7168
1393,7183
1394,329
1394,523
1394,648
1394,752
1394,930
1394,1275
1394,1335
1394,1436
1394,1731
1394,2081
1394,2213
1394,2274
1394,2527
1394,2574
1394,2997
1394,3351
1394,3625
1394,4255
1394,4282
1394,4462
1394,4823
1394,5101
1394,5315
1394,5550
1394,5571
1394,5778
1394,5839
1394,6123
1394,6142
1394,6548
1394,6558
1394,6721
1394,7087
1394,7267
1394,7414
1395,157
1395,1123
1395,2930
1395,2968
1395,3661
1395,3860
1395,5326
1396,38
1396,236
1396,850
1396,879
1396,1280
1396,1759
1396,1969
1396,2090
1396,2189
1396,2552
1396,2728
1396,2975
1396,4667
1396,5662
1396,5848
1396,5849
1396,5906
1396,6007
1396,6010
1396,6046
1396,6250
1396,6357
1396,6363
1396,7238
1397,3437
1397,4646
1397,4689
1397,5119
1398,368
1398,625
1398,635
1398,799
1398,1059
1398,1384
1398,1387
1398,1451
1398,1522
1398,1547
1398,1605
1398,1968
1398,2167
1398,2178
1398,2242
1398,2351
1398,2429
1398,2501
1398,2580
1398,3192
1398,3200
1398,3390
1398,3402
1398,3505
1398,3609
1398,3639
1398,3679
1398,3694
1398,3696
1398,3863
1398,4018
1398,4036
1398,4364
1398,4370
1398,4374
1398,4597
1398,4652
1398,4929
1398,4996
1398,5096
1398,5477
1398,5570
1398,5579
1398,5670
1398,5900
1398,6326
1398,6529
1398,6781
1398,6809
1398,6820
1398,6862
1398,7002
1398,7089
1398,7175
1398,7185
1398,7199
1398,7358
1398,7466
1398,7567
1399,260
1399,446
1399,552
1399,593
1399,780
1399,836
1399,1058
1399,1178
1399,1210
1399,1467
1399,1561
1399,1796
1399,1929
1399,1993
1399,2106
1399,2198
1399,2239
1399,2406
1399,2553
1399,2571
1399,2913
1399,2981
1399,3049
1399,3160
1399,3693
1399,3713
1399,3748
1399,4071
1399,4164
1399,4376
1399,4465
1399,4680
1399,4805
1399,4806
1399,5070
1399,5296
1399,5316
1399,5344
1399,5404
1399,5415
1399,5649
1399,5881
1399,6284
1399,6354
1399,6414
1399,6551
1399,6673
1399,6702
1399,6707
1399,6847
1399,7289
1399,7440
1399,7572
1399,7582
1399,7607
1400,219
1400,745
1400,819
1400,1303
1400,2877
1400,3084
1400,3361
1400,3431
1400,3569
1400,4399
1400,4534
1400,4647
1400,5128
1400,5480
1400,6138
1400,7388
1401,3969
1401,6350
1402,85
1402,240
1402,1113
1402,1453
1402,1712
1402,2198
1402,2571
1402,3538
1402,3895
1402,3951
1402,4384
1402,4768
1402,4806
1402,4952
1402,7535
1403,200
1403,496
1403,586
1403,993
1403,1340
1403,1443
1403,1556
1403,1750
1403,1879
1403,1952
1403,2052
1403,2254
1403,2412
1403,2608
1403,2709
1403,3197
1403,3222
1403,3227
1403,3496
1403,3647
1403,3823
1403,3902
1403,4232
1403,4810
1403,5454
1403,5817
1403,5913
1403,6418
1403,6433
1403,6504
1403,6549
1403,6556
1403,6599
1403,6813
1403,6838
1403,7417
1403,7427
1403,7442
1403,7594
1404,4856
1405,798
1405,1059
1405,1207
1405,1257
1405,1341
1405,1352
1405,1793
1405,2069
1405,2167
1405,2289
1405,2466
1405,3126
1405,3200
1405,3694
1405,4079
1405,4229
1405,4299
1405,4339
1405,5477
1405,5683
1405,5905
1405,6167
1405,6285
1405,6543
1405,6903
1405,7002
1405,7138
1405,7185
1405,7315
1405,7605
1406,2021
1406,2143
1406,2198
1406,2905
1406,3190
1406,3532
1406,3593
1406,3895
1406,3950
1406,4097
1406,5111
1406,5707
1406,5745
1406,6617
1406,6660
1406,6803
1406,7102
1406,7330
1406,7395
1407,336
1407,764
1407,799
1407,1265
1407,1496
1407,1576
1407,1715
1407,2041
1407,2278
1407,2372
1407,2400
1407,3158
1407,3433
1407,3556
1407,4389
1407,4438
1407,4863
1407,5664
1407,6158
1407,6926
1407,7518
1407,7571
1407,7587
1408,28
1408,485
1408,1633
1408,1689
1408,1961
1408,2973
1408,3605
1408,6807
1409,40
1409,75
1409,143
1409,287
1409,299
1409,456
1409,601
1409,881
1409,1064
1409,1185
1409,1379
1409,1725
1409,2113
1409,2586
1409,2738
1409,2795
1409,2801
1409,3157
1409,3339
1409,3888
1409,3966
1409,4029
1409,4062
1409,4173
1409,4186
1409,4376
1409,4529
1409,4735
1409,4940
1409,4987
1409,5022
1409,5263
1409,5504
1409,5511
1409,5864
1409,5993
1409,6379
1409,7032
1409,7225
1409,7330
1409,7589
1410,83
1410,222
1410,231
1410,1363
1410,1438
1410,1676
1410,2181
1410,3231
1410,3747
1410,3801
1410,4581
1410,4613
1410,6377
1410,6425
1410,7011
1410,7098
1410,7243
1410,7342
1411,7
1411,247
1411,464
1411,645
1411,781
1411,1204
1411,1213
1411,1471
1411,1636
1411,1895
1411,2180
1411,2475
1411,3164
1411,3204
1411,3263
1411,3315
1411,3489
1411,3610
1411,3806
1411,4035
1411,4265
1411,4363
1411,4644
1411,4648
1411,4780
1411,4795
1411,4897
1411,5147
1411,5236
1411,5274
1411,5275
1411,5599
1411,5755
1411,6127
1411,6151
1411,6255
1411,6607
1411,6641
1411,6864
1411,6871
1411,6891
1412,216
1412,275
1412,324
1412,749
1412,850
1412,1609
1412,1648
1412,1696
1412,1743
1412,1759
1412,1811
1412,2250
1412,2260
1412,2508
1412,2516
1412,2860
1412,2975
1412,4883
1412,4949
1412,4960
1412,5028
1412,5250
1412,5272
1412,5465
1412,5848
1412,6250
1412,6357
1412,6363
1412,6372
1412,6532
1412,6670
1412,7073
1412,7122
1413,835
1413,2198
1413,2239
1413,2295
1413,2760
1413,2927
1413,3433
1413,4273
1413,4338
1413,4489
1413,4685
1413,5123
1413,5354
1413,5484
1413,5634
1413,7456
1413,7467
1414,91
1414,116
1414,127
1414,192
1414,235
1414,240
1414,495
1414,552
1414,576
1414,629
1414,776
1414,789
1414,813
1414,934
1414,1007
1414,1058
1414,1108
1414,1210
1414,1268
1414,1284
1414,1357
1414,1453
1414,1494
1414,1575
1414,1620
1414,1631
1414,1642
1414,1647
1414,1651
1414,1655
1414,1667
1414,1695
1414,1700
1414,1790
1414,1884
1414,1959
1414,2049
1414,2129
1414,2198
1414,2208
1414,2239
1414,2258
1414,2370
1414,2406
1414,2410
1414,2427
1414,2431
1414,2461
1414,2522
1414,2770
1414,2772
1414,2801
1414,2816
1414,2977
1414,3049
1414,3114
1414,3115
1414,3203
1414,3311
1414,3334
1414,3370
1414,3521
1414,3538
1414,3578
1414,3616
1414,3671
1414,3718
1414,3748
1414,3796
1414,3951
1414,3985
1414,4039
1414,4086
1414,4164
1414,4185
1414,4216
1414,4304
1414,4376
1414,4384
1414,4541
1414,4570
1414,4680
1414,4714
1414,4864
1414,4919
1414,5037
1414,5068
1414,5132
1414,5212
1414,5231
1414,5286
1414,5296
1414,5304
1414,5312
1414,5351
1414,5398
1414,5404
1414,5412
1414,5415
1414,5459
1414,5649
1414,5924
1414,5993
1414,6140
1414,6193
1414,6228
1414,6313
1414,6537
1414,6553
1414,6769
1414,6811
1414,6847
1414,6945
1414,6952
1414,6954
1414,6961
1414,6990
1414,7018
1414,7252
1414,7266
1414,7277
1414,7296
1414,7369
1414,7446
1414,7467
1414,7481
1414,7553
1414,7572
1415,23
1415,42
1415,69
1415,170
1415,192
1415,201
1415,220
1415,260
1415,304
1415,320
1415,346
1415,369
1415,431
1415,455
1415,473
1415,482
1415,527
1415,593
1415,626
1415,693
1415,726
1415,731
1415,774
1415,795
1415,810
1415,813
1415,841
1415,854
1415,869
1415,939
1415,951
1415,958
1415,1018
1415,1024
1415,1058
1415,1097
1415,1152
1415,1178
1415,1210
1415,1211
1415,1268
1415,1368
1415,1370
1415,1421
1415,1447
1415,1453
1415,1513
1415,1524
1415,1614
1415,1634
1415,1668
1415,1698
1415,1705
1415,1775
1415,1798
1415,1840
1415,1847
1415,1854
1415,1959
1415,1996
1415,2010
1415,2033
1415,2115
1415,2129
1415,2198
1415,2229
1415,2239
1415,2339
1415,2370
1415,2393
1415,2410
1415,2434
1415,2471
1415,2479
1415,2540
1415,2564
1415,2571
1415,2573
1415,2586
1415,2587
1415,2600
1415,2645
1415,2657
1415,2772
1415,2882
1415,2921
1415,2981
1415,3050
1415,3074
1415,3079
1415,3093
1415,3183
1415,3184
1415,3185
1415,3226
1415,3234
1415,3264
1415,3289
1415,3334
1415,3347
1415,3348
1415,3362
1415,3363
1415,3370
1415,3377
1415,3459
1415,3476
1415,3502
1415,3538
1415,3616
1415,3648
1415,3659
1415,3692
1415,3693
1415,3748
1415,3861
1415,3996
1415,4071
1415,4086
1415,4095
1415,4147
1415,4155
1415,4157
1415,4164
1415,4177
1415,4210
1415,4241
1415,4290
1415,4366
1415,4376
1415,4384
1415,4402
1415,4466
1415,4511
1415,4535
1415,4536
1415,4553
1415,4556
1415,4570
1415,4578
1415,4595
1415,4608
1415,4642
1415,4787
1415,4805
1415,4806
1415,4827
1415,4857
1415,5058
1415,5108
1415,5132
1415,5194
1415,5251
1415,5258
1415,5259
1415,5296
1415,5344
1415,5365
1415,5404
1415,5463
1415,5468
1415,5490
1415,5507
1415,5518
1415,5551
1415,5559
1415,5577
1415,5593
1415,5612
1415,5646
1415,5707
1415,5714
1415,5734
1415,5740
1415,5799
1415,5816
1415,5878
1415,5881
1415,5937
1415,5961
1415,5976
1415,5979
1415,6021
1415,6027
1415,6075
1415,6082
1415,6140
1415,6183
1415,6242
1415,6284
1415,6313
1415,6315
1415,6321
1415,6381
1415,6400
1415,6449
1415,6484
1415,6492
1415,6540
1415,6551
1415,6562
1415,6638
1415,6702
1415,6705
1415,6723
1415,6847
1415,6892
1415,6895
1415,6952
1415,6968
1415,6971
1415,7003
1415,7023
1415,7046
1415,7071
1415,7091
1415,7101
1415,7105
1415,7166
1415,7219
1415,7231
1415,7277
1415,7278
1415,7280
1415,7337
1415,7352
1415,7353
1415,7369
1415,7448
1415,7471
1415,7520
1415,7535
1415,7572
1415,7577
1415,7578
1415,7582
1415,7597
1415,7607
1416,195
1416,202
1416,394
1416,549
1416,941
1416,988
1416,993
1416,2014
1416,2052
1416,2422
1416,2428
1416,2453
1416,2608
1416,2636
1416,2646
1416,2662
1416,2803
1416,2833
1416,3086
1416,3159
1416,3227
1416,3674
1416,3819
1416,3869
1416,4209
1416,4501
1416,4633
1416,4665
1416,4867
1416,5035
1416,5172
1416,5185
1416,5633
1416,5638
1416,5872
1416,6245
1416,6549
1416,6621
1416,6642
1416,6813
1416,6838
1416,6910
1416,6957
1416,7412
1417,94
1417,305
1417,306
1417,461
1417,526
1417,593
1417,835
1417,920
1417,1228
1417,1280
1417,1429
1417,1585
1417,1627
1417,1757
1417,1777
1417,1948
1417,2084
1417,2198
1417,2239
1417,2377
1417,2740
1417,2835
1417,3585
1417,3916
1417,4297
1417,4731
1417,4805
1417,4854
1417,5001
1417,5364
1417,5500
1417,5530
1417,5664
1417,6099
1417,6338
1417,6702
1417,6761
1417,6852
1418,33
1418,91
1418,308
1418,336
1418,495
1418,593
1418,766
1418,777
1418,867
1418,953
1418,1013
1418,1069
1418,1339
1418,1426
1418,1479
1418,1486
1418,1494
1418,1532
1418,1572
1418,1608
1418,1619
1418,1673
1418,1682
1418,1875
1418,2028
1418,2032
1418,2143
1418,2198
1418,2202
1418,2205
1418,2294
1418,2356
1418,2358
1418,2372
1418,2375
1418,2425
1418,2490
1418,2664
1418,2683
1418,2931
1418,2977
1418,3077
1418,3098
1418,3223
1418,3241
1418,3330
1418,3469
1418,3480
1418,3542
1418,3578
1418,3671
1418,3701
1418,3866
1418,3887
1418,3895
1418,3925
1418,4006
1418,4054
1418,4109
1418,4185
1418,4223
1418,4343
1418,4358
1418,4376
1418,4484
1418,4672
1418,4692
1418,4790
1418,4851
1418,4889
1418,4894
1418,5080
1418,5091
1418,5098
1418,5132
1418,5179
1418,5234
1418,5378
1418,5442
1418,5455
1418,5652
1418,5664
1418,5667
1418,5676
1418,5749
1418,5795
1418,5936
1418,5981
1418,5993
1418,5998
1418,6098
1418,6171
1418,6189
1418,6211
1418,6353
1418,6466
1418,6581
1418,6770
1418,6864
1418,6880
1418,6917
1418,7005
1418,7022
1418,7032
1418,7067
1418,7125
1418,7164
1418,7222
1418,7226
1418,7239
1418,7269
1418,7370
1418,7387
1418,7415
1418,7478
1418,7587
1418,7623
1419,37
1419,84
1419,347
1419,1039
1419,1049
1419,1164
1419,1440
1419,2482
1419,2496
1419,3267
1419,3303
1419,3661
1419,4104
1419,4361
1419,4587
1419,4907
1419,5326
1419,5411
1419,5684
1419,5699
1419,5847
1419,6577
1419,6818
1419,6875
1419,7026
1419,7620
1419,7622
1420,2238
1420,4244
1420,6106
1421,23
1421,33
1421,85
1421,169
1421,183
1421,260
1421,369
1421,593
1421,735
1421,774
1421,1058
1421,1067
1421,1167
1421,1214
1421,1226
1421,1293
1421,1415
1421,1545
1421,1634
1421,1708
1421,1796
1421,1798
1421,1899
1421,2013
1421,2106
1421,2198
1421,2313
1421,2432
1421,2476
1421,2571
1421,2575
1421,3051
1421,3138
1421,3183
1421,3184
1421,3237
1421,3363
1421,3377
1421,3408
1421,3459
1421,3748
1421,3947
1421,4157
1421,4164
1421,4210
1421,4243
1421,4286
1421,4376
1421,4384
1421,4465
1421,4553
1421,4669
1421,4806
1421,5015
1421,5139
1421,5194
1421,5201
1421,5404
1421,5463
1421,5538
1421,5641
1421,5707
1421,5756
1421,5881
1421,5955
1421,5966
1421,5979
1421,5982
1421,6188
1421,6354
1421,6414
1421,6551
1421,6597
1421,6658
1421,6673
1421,6702
1421,6707
1421,6847
1421,6887
1421,6892
1421,7023
1421,7071
1421,7085
1421,7353
1421,7464
1421,7568
1421,7607
1422,884
1422,932
1422,1237
1422,1920
1422,2079
1422,2318
1422,2399
1422,2538
1422,2885
1422,3231
1422,3569
1422,3939
1422,4237
1422,4399
1422,4861
1422,4980
1422,5135
1422,6935
1422,7264
1422,7275
1422,7460
1422,7491
1423,1586
1423,2142
1423,2198
1423,2239
1423,2484
1423,3070
1423,3152
1423,3698
1423,4376
1423,5007
1423,5033
1423,5404
1423,6228
1423,7373
1423,7395
1423,7524
1424,639
1424,2795
1424,3019
1424,7295
1424,7551
1425,370
1425,468
1425,470
1425,586
1425,1571
1425,1701
1425,2524
1425,2867
1425,3009
1425,3400
1425,3490
1425,3770
1425,3826
1425,4200
1425,4383
1425,4752
1425,4783
1425,4880
1425,5253
1425,5387
1425,7175
1425,7360
1426,308
1426,336
1426,495
1426,499
1426,766
1426,975
1426,1027
1426,1046
1426,1343
1426,1418
1426,1667
1426,1673
1426,1794
1426,1795
1426,1817
1426,1962
1426,1966
1426,2089
1426,2372
1426,2425
1426,3098
1426,3223
1426,3295
1426,3466
1426,3578
1426,3866
1426,3887
1426,4438
1426,5589
1426,5943
1426,6098
1426,6211
1426,6522
1426,7005
1426,7029
1426,7142
1426,7307
1426,7467
1426,7481
1426,7584
1426,7587
1427,85
1427,103
1427,226
1427,762
1427,930
1427,1112
1427,1293
1427,1444
1427,1735
1427,1778
1427,1961
1427,2040
1427,2086
1427,2106
1427,2215
1427,3025
1427,3171
1427,3370
1427,3602
1427,3607
1427,3698
1427,3895
1427,3926
1427,4080
1427,4083
1427,4384
1427,4420
1427,4803
1427,4952
1427,5222
1427,6259
1427,6297
1427,6527
1427,6618
1427,6707
1427,6738
1427,7182
1427,7535
1427,7599
1428,324
1428,570
1428,749
1428,828
1428,1648
1428,1696
1428,2090
1428,2250
1428,2260
1428,2516
1428,3840
1428,4070
1428,4960
1428,5045
1428,5602
1428,5848
1428,6250
1428,6357
1428,7073
1429,28
1429,36
1429,48
1429,72
1429,105
1429,167
1429,306
1429,319
1429,322
1429,366
1429,403
1429,438
1429,489
1429,526
1429,528
1429,536
1429,593
1429,659
1429,714
1429,756
1429,764
1429,872
1429,920
1429,924
1429,941
1429,952
1429,954
1429,966
1429,971
1429,1034
1429,1060
1429,1111
1429,1125
1429,1182
1429,1253
1429,1280
1429,1305
1429,1317
1429,1417
1429,1457
1429,1470
1429,1481
1429,1534
1429,1569
1429,1579
1429,1585
1429,1627
1429,1744
1429,1767
1429,1777
1429,1894
1429,1899
1429,1905
1429,1962
1429,2024
1429,2041
1429,2045
1429,2070
1429,2093
1429,2111
1429,2163
1429,2192
1429,2198
1429,2206
1429,2220
1429,2239
1429,2244
1429,2250
1429,2286
1429,2400
1429,2447
1429,2541
1429,2581
1429,2648
1429,2689
1429,2740
1429,2746
1429,2761
1429,2776
1429,2796
1429,2801
1429,2804
1429,2835
1429,2871
1429,2904
1429,2960
1429,2969
1429,3109
1429,3138
1429,3155
1429,3179
1429,3197
1429,3224
1429,3257
1429,3271
1429,3278
1429,3335
1429,3371
1429,3373
1429,3385
1429,3419
1429,3489
1429,3512
1429,3527
1429,3577
1429,3578
1429,3585
1429,3605
1429,3623
1429,3683
1429,3686
1429,3704
1429,3721
1429,3849
1429,3916
1429,3918
1429,3928
1429,4013
1429,4044
1429,4054
1429,4100
1429,4174
1429,4194
1429,4196
1429,4217
1429,4295
1429,4348
1429,4390
1429,4434
1429,4508
1429,4722
1429,4731
1429,4754
1429,4805
1429,4822
1429,4835
1429,4854
1429,4863
1429,4870
1429,4900
1429,4991
1429,5001
1429,5048
1429,5114
1429,5136
1429,5141
1429,5155
1429,5209
1429,5274
1429,5343
1429,5364
1429,5433
1429,5437
1429,5454
1429,5500
1429,5504
1429,5549
1429,5615
1429,5654
1429,5664
1429,5734
1429,5783
1429,5824
1429,5878
1429,5880
1429,5903
1429,5953
1429,5963
1429,6015
1429,6026
1429,6051
1429,6077
1429,6079
1429,6134
1429,6176
1429,6338
1429,6382
1429,6403
1429,6450
1429,6458
1429,6481
1429,6572
1429,6600
1429,6658
1429,6696
1429,6722
1429,6730
1429,6759
1429,6784
1429,6807
1429,6834
1429,6844
1429,6852
1429,6887
1429,6947
1429,7020
1429,7021
1429,7035
1429,7042
1429,7097
1429,7132
1429,7137
1429,7206
1429,7293
1429,7305
1429,7351
1429,7364
1429,7373
1429,7402
1429,7430
1429,7523
1429,7526
1429,7596
1429,7619
1430,85
1430,766
1430,930
1430,1210
1430,1284
1430,1453
1430,2021
1430,2198
1430,2370
1430,2410
1430,2571
1430,2765
1430,2911
1430,3183
1430,3311
1430,3330
1430,3538
1430,3607
1430,3671
1430,3895
1430,4054
1430,4164
1430,4177
1430,4253
1430,4269
1430,4384
1430,4422
1430,4830
1430,5132
1430,5194
1430,5296
1430,5404
1430,5507
1430,5623
1430,5707
1430,5816
1430,6551
1430,6760
1430,6961
1430,7067
1430,7252
1430,7269
1430,7296
1430,7330
1430,7369
1430,7572
1430,7582
1430,7612
1431,258
1431,260
1431,369
1431,431
1431,593
1431,869
1431,1011
1431,1210
1431,1293
1431,1453
1431,1663
1431,1798
1431,1840
1431,2128
1431,2375
1431,2755
1431,3693
1431,3756
1431,3954
1431,4376
1431,4384
1431,4806
1431,4952
1431,5404
1431,5641
1431,5756
1431,5955
1431,5976
1431,6492
1431,6551
1431,6707
1431,7067
1431,7395
1431,7464
1431,7568
1431,7607
1432,73
1432,304
1432,502
1432,551
1432,1069
1432,1129
1432,1133
1432,1189
1432,1296
1432,1572
1432,2028
1432,2143
1432,2993
1432,3052
1432,3223
1432,3330
1432,3574
1432,3866
1432,3959
1432,4086
1432,4356
1432,5132
1432,5455
1432,5926
1432,6211
1432,6409
1432,7222
1433,1638
1433,2951
1433,3231
1433,6428
1434,57
1434,189
1434,517
1434,1054
1434,1759
1434,1969
1434,2019
1434,2090
1434,2098
1434,2114
1434,2132
1434,2187
1434,2260
1434,2327
1434,2419
1434,2754
1434,3116
1434,3840
1434,3874
1434,4236
1434,4704
1434,4739
1434,4758
1434,5245
1434,5692
1434,6164
1434,6416
1434,6502
1434,7144
1434,7241
1435,9
1435,128
1435,252
1435,564
1435,908
1435,1358
1435,2044
1435,2094
1435,2263
1435,2378
1435,2665
1435,2707
1435,2944
1435,3365
1435,3478
1435,3555
1435,4277
1435,4769
1435,4882
1435,5118
1435,5486
1435,5625
1435,5636
1435,5933
1435,6162
1435,7094
1435,7235
1435,7393
1436,329
1436,523
1436,634
1436,1261
1436,1394
1436,2213
1436,2527
1436,2631
1436,2864
1436,2910
1436,2997
1436,3566
1436,4255
1436,4378
1436,4462
1436,4823
1436,5379
1436,5550
1436,6142
1436,6548
1436,6721
1436,7087
1436,7267
1437,146
1437,1731
1437,1987
1437,2265
1437,6258
1438,83
1438,602
1438,617
1438,709
1438,977
1438,1061
1438,1410
1438,2064
1438,2251
1438,2292
1438,2850
1438,3104
1438,3494
1438,4087
1438,4925
1438,4978
1438,5421
1438,5618
1438,5793
1438,5877
1438,6002
1438,6042
1438,6130
1438,6355
1438,6377
1438,6425
1438,6671
1438,6873
1439,639
1439,1561
1439,2239
1439,3152
1439,3359
1439,5412
1439,6707
1439,7295
1439,7395
1439,7551
1440,511
1440,681
1440,880
1440,1049
1440,1419
1440,2100
1440,2282
1440,2458
1440,2976
1440,3175
1440,3429
1440,3603
1440,3953
1440,4104
1440,4235
1440,4429
1440,4625
1440,4677
1440,4850
1440,4997
1440,5582
1440,5684
1440,6025
1440,6169
1440,6324
1440,6514
1440,6768
1440,6797
1440,6814
1440,7532
1440,7620
1441,384
1441,873
1441,912
1441,1338
1441,1385
1441,2373
1441,2390
1441,2669
1441,3205
1441,3267
1441,4779
1441,4994
1441,5596
1441,5894
1441,6436
1441,7507
1442,305
1442,495
1442,532
1442,881
1442,1046
1442,1130
1442,1133
1442,1189
1442,1321
1442,1371
1442,1520
1442,1660
1442,1682
1442,1821
1442,1929
1442,2205
1442,2502
1442,2586
1442,2993
1442,3331
1442,3404
1442,3433
1442,3567
1442,3612
1442,3817
1442,3878
1442,3887
1442,3918
1442,4084
1442,4376
1442,4479
1442,4722
1442,4805
1442,5213
1442,5280
1442,5435
1442,5620
1442,5781
1442,5957
1442,6110
1442,6126
1442,6172
1442,6189
1442,6280
1442,6309
1442,6470
1442,6675
1442,6703
1442,6747
1442,6864
1442,6960
1442,7032
1442,7113
1442,7164
1442,7262
1442,7518
1442,7590
1443,108
1443,241
1443,394
1443,1009
1443,1010
1443,1248
1443,1403
1443,1681
1443,2034
1443,2512
1443,2585
1443,2606
1443,2608
1443,3354
1443,3396
1443,3633
1443,3823
1443,4000
1443,4291
1443,4705
1443,5583
1443,5746
1443,5838
1443,6606
1443,6674
1443,6991
1443,7281
1444,92
1444,226
1444,259
1444,476
1444,762
1444,1106
1444,1112
1444,1427
1444,1658
1444,1711
1444,1735
1444,1935
1444,1975
1444,2108
1444,2142
1444,2179
1444,2228
1444,2239
1444,2348
1444,2520
1444,2750
1444,2961
1444,3171
1444,3488
1444,3532
1444,3602
1444,3831
1444,3844
1444,3912
1444,3987
1444,4080
1444,4184
1444,4285
1444,4307
1444,4381
1444,4476
1444,4697
1444,4803
1444,4952
1444,5007
1444,5029
1444,5091
1444,5292
1444,5629
1444,6014
1444,6069
1444,6297
1444,6331
1444,6434
1444,6437
1444,6487
1444,6489
1444,6518
1444,6527
1444,6578
1444,6618
1444,6664
1444,6775
1444,6890
1444,7134
1444,7395
1444,7535
1444,7592
1444,7628
1445,249
1445,355
1445,996
1445,2168
1445,2217
1445,2413
1445,2874
1445,3135
1445,3147
1445,5104
1445,5803
1445,6144
1445,7108
1445,7509
1446,166
1446,182
1446,256
1446,314
1446,615
1446,695
1446,708
1446,740
1446,871
1446,1065
1446,1171
1446,1502
1446,1523
1446,1537
1446,1617
1446,1649
1446,1804
1446,1909
1446,2148
1446,2790
1446,2792
1446,3293
1446,3656
1446,3905
1446,4145
1446,4146
1446,4149
1446,4943
1446,5153
1446,5169
1446,5237
1446,5419
1446,5860
1446,5867
1446,6090
1446,6094
1446,6130
1446,6376
1446,6482
1446,6652
1446,6681
1446,6806
1446,6915
1446,7136
1447,183
1447,369
1447,431
1447,455
1447,593
1447,774
1447,1058
1447,1152
1447,1210
1447,1415
1447,1513
1447,1663
1447,1723
1447,1744
1447,1792
1447,1796
1447,1899
1447,2106
1447,2115
1447,2198
1447,2485
1447,2541
1447,2553
1447,2801
1447,3051
1447,3185
1447,3377
1447,3648
1447,3703
1447,3758
1447,4023
1447,4384
1447,4463
1447,4578
1447,4641
1447,4934
1447,5037
1447,5132
1447,5139
1447,5296
1447,5365
1447,5404
1447,5567
1447,5707
1447,5734
1447,5799
1447,5816
1447,5881
1447,5979
1447,6183
1447,6414
1447,6449
1447,6551
1447,6669
1447,6673
1447,6678
1447,6702
1447,6707
1447,6887
1447,7003
1447,7103
1447,7170
1447,7280
1447,7352
1447,7353
1447,7477
1447,7511
1447,7572
1447,7577
1447,7607
1448,5
1448,212
1448,526
1448,655
1448,804
1448,898
1448,1084
1448,1120
1448,1287
1448,1521
1448,1810
1448,1967
1448,1979
1448,2112
1448,2265
1448,2536
1448,2893
1448,3062
1448,3457
1448,3701
1448,3742
1448,4990
1448,5115
1448,5775
1448,5944
1448,6059
1448,6067
1448,6715
1448,6879
1448,7250
1448,7512
1448,7608
1449,177
1449,581
1449,932
1449,1303
1449,1392
1449,1728
1449,2151
1449,2204
1449,2391
1449,2399
1449,2528
1449,2538
1449,3361
1449,3412
1449,3431
1449,3939
1449,4399
1449,4418
1449,4618
1449,5124
1449,5131
1449,5163
1449,5279
1449,6113
1449,6133
1449,6138
1449,7208
1449,7405
1449,7460
1449,7491
1449,7500
1449,7544
1450,1190
1450,1629
1450,1816
1450,2606
1450,2702
1450,2742
1450,2840
1450,3107
1450,3571
1450,3833
1450,3975
1450,4020
1450,4051
1450,4137
1450,4260
1450,4325
1450,4361
1450,4449
1450,4471
1450,4804
1450,5047
1450,5106
1450,5310
1450,5563
1450,5624
1450,5802
1450,5821
1450,6109
1450,6120
1450,6122
1450,6599
1450,6957
1450,7064
1450,7427
1450,7618
1451,140
1451,1200
1451,1398
1451,1547
1451,2167
1451,2178
1451,2429
1451,3192
1451,3200
1451,3639
1451,3696
1451,3971
1451,4018
1451,4374
1451,4597
1451,4652
1451,4815
1451,4929
1451,4996
1451,5516
1451,5900
1451,6167
1451,6326
1451,6809
1451,6820
1451,6862
1451,6903
1451,7199
1451,7358
1451,7439
1452,160
1452,310
1452,1534
1452,1674
1452,1924
1452,2236
1452,2505
1452,3038
1452,3154
1452,3233
1452,3856
1452,5065
1452,6005
1452,6241
1453,20
1453,23
1453,69
1453,85
1453,123
1453,124
1453,137
1453,201
1453,220
1453,235
1453,240
1453,260
1453,266
1453,304
1453,341
1453,346
1453,408
1453,415
1453,421
1453,431
1453,445
1453,446
1453,448
1453,473
1453,502
1453,538
1453,553
1453,593
1453,599
1453,629
1453,657
1453,674
1453,693
1453,711
1453,726
1453,727
1453,776
1453,780
1453,789
1453,795
1453,803
1453,813
1453,836
1453,841
1453,903
1453,904
1453,939
1453,942
1453,951
1453,955
1453,958
1453,973
1453,986
1453,989
1453,1011
1453,1058
1453,1064
1453,1067
1453,1113
1453,1170
1453,1210
1453,1211
1453,1224
1453,1249
1453,1254
1453,1268
1453,1284
1453,1293
1453,1330
1453,1333
1453,1349
1453,1357
1453,1368
1453,1370
1453,1402
1453,1414
1453,1415
1453,1430
1453,1431
1453,1456
1453,1478
1453,1486
1453,1521
1453,1540
1453,1570
1453,1575
1453,1592
1453,1607
1453,1620
1453,1621
1453,1624
1453,1634
1453,1708
1453,1723
1453,1733
1453,1735
1453,1753
1453,1775
1453,1826
1453,1831
1453,1847
1453,1854
1453,1860
1453,1862
1453,1880
1453,1927
1453,1954
1453,1958
1453,1959
1453,1996
1453,1999
1453,2013
1453,2033
1453,2039
1453,2106
1453,2120
1453,2129
1453,2194
1453,2198
1453,2207
1453,2215
1453,2229
1453,2239
1453,2294
1453,2302
1453,2310
1453,2320
1453,2332
1453,2339
1453,2370
1453,2377
1453,2406
1453,2410
1453,2427
1453,2441
1453,2479
1453,2521
1453,2549
1453,2571
1453,2573
1453,2595
1453,2600
1453,2617
1453,2620
1453,2626
1453,2639
1453,2657
1453,2659
1453,2671
1453,2719
1453,2725
1453,2744
1453,2745
1453,2763
1453,2765
1453,2770
1453,2772
1453,2798
1453,2808
1453,2852
1453,2855
1453,2881
1453,2883
1453,2888
1453,2897
1453,2911
1453,2956
1453,2958
1453,2974
1453,2991
1453,3025
1453,3050
1453,3068
1453,3079
1453,3093
1453,3160
1453,3177
1453,3178
1453,3183
1453,3190
1453,3225
1453,3226
1453,3284
1453,3297
1453,3311
1453,3347
1453,3362
1453,3370
1453,3406
1453,3408
1453,3459
1453,3476
1453,3502
1453,3538
1453,3593
1453,3613
1453,3616
1453,3646
1453,3659
1453,3671
1453,3672
1453,3692
1453,3693
1453,3695
1453,3731
1453,3734
1453,3758
1453,3762
1453,3796
1453,3808
1453,3882
1453,3890
1453,3895
1453,3898
1453,3926
1453,3948
1453,3958
1453,3970
1453,3996
1453,4003
1453,4017
1453,4023
1453,4062
1453,4080
1453,4086
1453,4090
1453,4091
1453,4095
1453,4096
1453,4109
1453,4160
1453,4177
1453,4184
1453,4233
1453,4253
1453,4269
1453,4286
1453,4303
1453,4313
1453,4355
1453,4376
1453,4384
1453,4408
1453,4420
1453,4466
1453,4525
1453,4535
1453,4549
1453,4553
1453,4556
1453,4570
1453,4608
1453,4616
1453,4680
1453,4734
1453,4785
1453,4801
1453,4803
1453,4806
1453,4811
1453,4827
1453,4830
1453,4865
1453,4871
1453,4919
1453,4952
1453,4982
1453,4983
1453,5037
1453,5058
1453,5082
1453,5091
1453,5111
1453,5132
1453,5143
1453,5145
1453,5194
1453,5203
1453,5212
1453,5222
1453,5223
1453,5251
1453,5258
1453,5259
1453,5261
1453,5278
1453,5286
1453,5296
1453,5344
1453,5350
1453,5351
1453,5381
1453,5404
1453,5455
1453,5468
1453,5507
1453,5557
1453,5593
1453,5623
1453,5626
1453,5641
1453,5651
1453,5707
1453,5709
1453,5714
1453,5722
1453,5730
1453,5732
1453,5740
1453,5785
1453,5816
1453,5840
1453,5855
1453,5858
1453,5937
1453,5941
1453,5952
1453,5975
1453,6001
1453,6021
1453,6022
1453,6047
1453,6075
1453,6086
1453,6140
1453,6202
1453,6208
1453,6236
1453,6242
1453,6284
1453,6303
1453,6313
1453,6335
1453,6400
1453,6409
1453,6449
1453,6451
1453,6466
1453,6484
1453,6507
1453,6510
1453,6537
1453,6551
1453,6553
1453,6562
1453,6588
1453,6618
1453,6640
1453,6699
1453,6705
1453,6707
1453,6714
1453,6738
1453,6760
1453,6774
1453,6778
1453,6802
1453,6810
1453,6811
1453,6848
1453,6877
1453,6892
1453,6895
1453,6906
1453,6933
1453,6961
1453,6966
1453,6971
1453,6981
1453,6984
1453,7008
1453,7044
1453,7046
1453,7085
1453,7101
1453,7147
1453,7163
1453,7171
1453,7174
1453,7197
1453,7239
1453,7252
1453,7277
1453,7278
1453,7280
1453,7288
1453,7296
1453,7320
1453,7331
1453,7353
1453,7369
1453,7385
1453,7401
1453,7452
1453,7465
1453,7468
1453,7479
1453,7511
1453,7535
1453,7568
1453,7572
1453,7580
1453,7582
1453,7585
1453,7597
1453,7603
1453,7607
1453,7612
1454,160
1454,384
1454,485
1454,820
1454,1048
1454,1134
1454,1175
1454,1248
1454,1255
1454,1295
1454,1353
1454,1480
1454,1516
1454,2135
1454,2872
1454,3085
1454,3281
1454,3662
1454,3869
1454,3969
1454,4019
1454,4428
1454,4521
1454,4878
1454,5560
1454,5638
1454,5748
1454,5910
1454,6501
1454,6554
1454,6735
1454,6994
1454,7305
1454,7334
1455,256
1455,709
1455,884
1455,932
1455,1256
1455,1702
1455,1791
1455,2064
1455,2333
1455,3104
1455,3754
1455,4237
1455,4849
1455,5140
1455,5439
1455,5697
1455,5793
1455,6042
1455,6130
1455,6221
1455,6247
1455,6404
1455,6598
1455,6685
1455,6806
1455,6884
1455,6993
1455,7065
1455,7291
1455,7404
1455,7460
1456,23
1456,260
1456,415
1456,551
1456,593
1456,1218
1456,1293
1456,1453
1456,1472
1456,1478
1456,1513
1456,1545
1456,1798
1456,2106
1456,2320
1456,2377
1456,2911
1456,3025
1456,3183
1456,3408
1456,3762
1456,3895
1456,4083
1456,4157
1456,4184
1456,4376
1456,4384
1456,4578
1456,4803
1456,4952
1456,5222
1456,5261
1456,5756
1456,5799
1456,6673
1456,6702
1456,6707
1456,6810
1456,7067
1456,7269
1456,7296
1456,7330
1456,7464
1456,7568
1456,7607
1457,72
1457,485
1457,536
1457,644
1457,920
1457,970
1457,1060
1457,1125
1457,1174
1457,1253
1457,1280
1457,1347
1457,1353
1457,1429
1457,1585
1457,1596
1457,1627
1457,1633
1457,1714
1457,1757
1457,1777
1457,1930
1457,1981
1457,2239
1457,2561
1457,2746
1457,3035
1457,3256
1457,3310
1457,3577
1457,4033
1457,5364
1457,5437
1457,5461
1457,5615
1457,5696
1457,5843
1457,5953
1457,6085
1457,6134
1457,6323
1457,6357
1457,6450
1457,6572
1457,6593
1457,6600
1457,6726
1457,6807
1457,7351
1457,7409
1457,7503
1457,7596
1458,485
1458,1633
1458,1981
1458,2561
1458,2746
1458,3035
1458,3335
1458,4152
1458,6323
1458,6450
1459,38
1459,453
1459,569
1459,749
1459,779
1459,1309
1459,1706
1459,1743
1459,2189
1459,2552
1459,3023
1459,3032
1459,3272
1459,3570
1459,3598
1459,5491
1459,5662
1459,6275
1459,6602
1460,399
1460,433
1460,890
1460,1053
1460,1306
1460,2046
1460,2180
1460,2321
1460,3481
1460,3536
1460,3811
1460,3843
1460,4133
1460,5161
1460,5600
1460,5915
1460,6127
1460,6213
1460,6380
1460,6525
1460,6650
1462,348
1462,354
1462,452
1462,594
1462,792
1462,799
1462,823
1462,929
1462,1025
1462,1208
1462,1231
1462,1265
1462,1837
1462,1968
1462,1971
1462,2278
1462,2403
1462,2578
1462,2580
1462,2642
1462,2846
1462,2858
1462,3402
1462,3519
1462,3943
1462,4036
1462,4119
1462,4481
1462,4547
1462,4977
1462,4998
1462,5055
1462,5233
1462,5590
1462,5712
1462,5766
1462,6011
1462,6158
1462,6375
1462,6498
1462,6697
1462,6863
1462,6938
1462,7625
1463,150
1463,1534
1463,1674
1463,2236
1463,2477
1463,3038
1463,3154
1463,3233
1463,3327
1463,3705
1463,6241
1463,7019
1463,7639
1464,477
1464,1261
1464,6513
1465,73
1465,326
1465,382
1465,559
1465,1189
1465,1335
1465,1750
1465,2231
1465,2488
1465,2536
1465,2579
1465,2632
1465,4255
1465,4361
1465,5062
1465,6922
1465,7175
1465,7354
1465,7454
1466,147
1466,398
1466,481
1466,578
1466,618
1466,688
1466,837
1466,1096
1466,1622
1466,1683
1466,2012
1466,2491
1466,2499
1466,2786
1466,2873
1466,3180
1466,3211
1466,3449
1466,3733
1466,3904
1466,4244
1466,4411
1466,4494
1466,4498
1466,4585
1466,4663
1466,5072
1466,5489
1466,5974
1466,6083
1466,6103
1466,6106
1466,6311
1466,6488
1466,7024
1466,7383
1466,7489
1466,7598
1467,24
1467,42
1467,285
1467,319
1467,375
1467,484
1467,593
1467,622
1467,633
1467,723
1467,868
1467,1100
1467,1152
1467,1165
1467,1206
1467,1350
1467,1399
1467,1634
1467,1746
1467,1782
1467,2102
1467,2106
1467,2198
1467,2239
1467,2313
1467,2406
1467,2553
1467,2586
1467,2661
1467,2663
1467,3049
1467,3160
1467,3185
1467,3277
1467,3359
1467,3373
1467,3419
1467,3594
1467,3946
1467,4127
1467,4184
1467,4380
1467,4522
1467,4591
1467,4641
1467,4670
1467,4805
1467,4870
1467,4934
1467,5006
1467,5132
1467,5255
1467,5311
1467,5365
1467,5372
1467,5385
1467,5493
1467,5495
1467,5584
1467,5679
1467,5799
1467,6381
1467,6526
1467,6551
1467,6646
1467,6673
1467,6678
1467,6702
1467,6707
1467,6921
1467,6953
1467,7021
1467,7097
1467,7204
1467,7247
1467,7302
1467,7337
1467,7339
1467,7395
1467,7477
1467,7535
1467,7607
1468,932
1468,1728
1468,2038
1468,2249
1468,4237
1468,4748
1468,5025
1468,5135
1468,5762
1468,6062
1468,6217
1469,192
1469,593
1469,1232
1469,1744
1469,2198
1469,2406
1469,6702
1470,28
1470,456
1470,1280
1470,1429
1470,1929
1470,2015
1470,2244
1470,2286
1470,2581
1470,2804
1470,3419
1470,3856
1470,3931
1470,4001
1470,4044
1470,4835
1470,5496
1470,5549
1470,5708
1470,6807
1470,7042
1470,7364
1471,158
1471,491
1471,890
1471,1053
1471,1213
1471,1306
1471,1411
1471,1564
1471,2054
1471,2250
1471,2504
1471,3057
1471,3315
1471,3843
1471,4126
1471,4133
1471,5161
1471,5395
1471,5599
1471,6151
1471,6213
1471,6650
1471,6763
1471,6871
1471,7378
1472,40
1472,62
1472,69
1472,71
1472,226
1472,235
1472,266
1472,304
1472,321
1472,358
1472,431
1472,446
1472,552
1472,593
1472,604
1472,629
1472,633
1472,657
1472,659
1472,731
1472,780
1472,905
1472,958
1472,1050
1472,1058
1472,1106
1472,1133
1472,1268
1472,1349
1472,1378
1472,1456
1472,1511
1472,1524
1472,1551
1472,1628
1472,1682
1472,1697
1472,1708
1472,1753
1472,1784
1472,1831
1472,1927
1472,1996
1472,1999
1472,2198
1472,2205
1472,2207
1472,2239
1472,2253
1472,2339
1472,2414
1472,2470
1472,2531
1472,2626
1472,2637
1472,2659
1472,2671
1472,2683
1472,2755
1472,2856
1472,2913
1472,2938
1472,2956
1472,2961
1472,2991
1472,3039
1472,3049
1472,3072
1472,3077
1472,3160
1472,3206
1472,3218
1472,3225
1472,3269
1472,3279
1472,3306
1472,3593
1472,3692
1472,3713
1472,3723
1472,3804
1472,3990
1472,4055
1472,4086
1472,4115
1472,4147
1472,4210
1472,4217
1472,4253
1472,4317
1472,4326
1472,4359
1472,4376
1472,4402
1472,4453
1472,4579
1472,4642
1472,4680
1472,4768
1472,4805
1472,4806
1472,4827
1472,4864
1472,4919
1472,5082
1472,5132
1472,5195
1472,5350
1472,5415
1472,5455
1472,5461
1472,5470
1472,5504
1472,5543
1472,5564
1472,5576
1472,5651
1472,5707
1472,5709
1472,5833
1472,5855
1472,5931
1472,5945
1472,6022
1472,6078
1472,6098
1472,6183
1472,6188
1472,6303
1472,6313
1472,6331
1472,6369
1472,6381
1472,6409
1472,6430
1472,6588
1472,6626
1472,6638
1472,6640
1472,6707
1472,6731
1472,6958
1472,6971
1472,6992
1472,7173
1472,7174
1472,7288
1472,7321
1472,7328
1472,7401
1472,7501
1472,7511
1472,7536
1472,7616
1472,7633
1473,929
1473,2002
1473,3402
1473,3510
1473,3943
1473,7152
1474,3578
1474,6246
1475,481
1475,1830
1475,2067
1475,2652
1475,5383
1475,6185
1475,6488
1475,7214
1476,309
1476,369
1476,593
1476,1663
1476,1744
1476,1899
1476,2198
1476,2336
1476,2615
1476,3105
1476,4347
1476,4388
1476,5255
1476,5881
1476,6702
1477,147
1477,481
1477,744
1477,837
1477,1086
1477,1096
1477,1223
1477,1622
1477,1889
1477,2489
1477,2926
1477,3180
1477,3449
1477,3733
1477,3904
1477,4244
1477,4411
1477,4485
1477,4487
1477,4498
1477,4607
1477,4663
1477,4873
1477,5573
1477,6488
1477,6625
1477,6829
1477,7361
1477,7383
1478,85
1478,103
1478,123
1478,369
1478,500
1478,789
1478,795
1478,810
1478,903
1478,904
1478,916
1478,1011
1478,1040
1478,1218
1478,1293
1478,1330
1478,1453
1478,1456
1478,1540
1478,1545
1478,1621
1478,1798
1478,2033
1478,2106
1478,2194
1478,2215
1478,2320
1478,2377
1478,2617
1478,2620
1478,2657
1478,2765
1478,2888
1478,2911
1478,3025
1478,3183
1478,3311
1478,3408
1478,3538
1478,3602
1478,3762
1478,3895
1478,3898
1478,3926
1478,3948
1478,3958
1478,3970
1478,4080
1478,4083
1478,4177
1478,4184
1478,4286
1478,4303
1478,4313
1478,4350
1478,4376
1478,4384
1478,4952
1478,5222
1478,5261
1478,5278
1478,5296
1478,5952
1478,6510
1478,6537
1478,6551
1478,6558
1478,6588
1478,6618
1478,6640
1478,6714
1478,6760
1478,6810
1478,6811
1478,6933
1478,7101
1478,7102
1478,7197
1478,7252
1478,7331
1478,7385
1478,7464
1478,7465
1478,7525
1478,7535
1478,7599
1479,39
1479,75
1479,369
1479,382
1479,411
1479,452
1479,526
1479,551
1479,584
1479,680
1479,766
1479,1098
1479,1212
1479,1215
1479,1284
1479,1289
1479,1418
1479,1521
1479,1801
1479,2113
1479,2211
1479,2215
1479,2905
1479,2993
1479,3506
1479,3515
1479,3559
1479,3607
1479,4153
1479,4987
1479,5263
1479,5289
1479,5864
1479,6211
1479,6588
1479,6660
1479,6898
1479,6901
1479,7067
1479,7269
1479,7330
1479,7607
1480,197
1480,364
1480,1454
1480,1515
1480,1541
1480,1936
1480,2293
1480,2347
1480,3244
1480,3374
1480,3525
1480,4628
1480,4646
1480,4810
1480,4922
1480,4994
1480,5506
1480,5517
1480,5806
1480,6418
1480,6509
1480,7641
1481,34
1481,552
1481,593
1481,954
1481,1058
1481,1429
1481,1730
1481,1790
1481,2175
1481,2198
1481,2239
1481,2440
1481,2558
1481,2798
1481,3049
1481,3115
1481,3578
1481,3704
1481,3866
1481,4376
1481,4592
1481,4714
1481,4805
1481,5068
1481,5070
1481,5415
1481,6354
1481,6702
1481,6847
1481,7003
1481,7116
1481,7266
1482,2982
1482,4766
1482,7172
1482,7476
1482,7636
1483,85
1483,551
1483,721
1483,1296
1483,1940
1483,2007
1483,2143
1483,2455
1483,2610
1483,3330
1483,3607
1483,4046
1483,4384
1483,4422
1483,4490
1483,5709
1483,5801
1483,6003
1483,7269
1484,3295
1484,3331
1484,3578
1484,4116
1485,23
1485,258
1485,260
1485,369
1485,593
1485,869
1485,1058
1485,1210
1485,1284
1485,1663
1485,1798
1485,1840
1485,1959
1485,2106
1485,2115
1485,2198
1485,2205
1485,2239
1485,2370
1485,2410
1485,2571
1485,3152
1485,3459
1485,3748
1485,3895
1485,4164
1485,4376
1485,4384
1485,4680
1485,4806
1485,4952
1485,5070
1485,5234
1485,5296
1485,5372
1485,5404
1485,5641
1485,5707
1485,5881
1485,6183
1485,6492
1485,6551
1485,6702
1485,7003
1485,7071
1485,7280
1485,7369
1485,7395
1485,7582
1486,248
1486,552
1486,680
1486,1069
1486,1189
1486,1418
1486,1453
1486,1644
1486,1722
1486,2113
1486,2198
1486,2626
1486,2901
1486,3045
1486,3607
1486,3643
1486,3959
1486,4054
1486,4186
1486,4259
1486,4376
1486,4422
1486,4637
1486,4719
1486,4735
1486,4879
1486,4904
1486,4952
1486,5396
1486,6417
1486,6676
1486,6878
1486,6898
1486,7330
1487,695
1487,708
1487,1234
1487,1593
1487,1903
1487,2101
1487,2774
1487,3908
1487,4149
1487,4472
1487,4813
1487,5256
1487,5591
1487,6094
1487,6207
1487,6453
1487,7343
1487,7631
1488,554
1488,557
1488,965
1488,995
1488,2311
1488,2443
1488,2757
1488,3064
1488,3376
1488,3460
1488,3563
1488,4143
1488,4208
1488,4280
1488,4492
1488,4612
1488,4673
1488,4802
1488,5266
1488,5754
1488,5774
1488,6052
1488,6125
1488,6601
1488,6653
1488,7565
1489,1916
1489,5702
1490,102
1490,564
1490,908
1490,1602
1490,2061
1490,2094
1490,2506
1490,2722
1490,2747
1490,2936
1490,3067
1490,3200
1490,3660
1490,3666
1490,3917
1490,3986
1490,4377
1490,4769
1490,4898
1490,5192
1490,5570
1490,5636
1490,6267
1490,6927
1490,6950
1491,1058
1491,2115
1491,2198
1491,4164
1491,4376
1491,4816
1491,5404
1491,5734
1491,5881
1491,6354
1491,6414
1491,6702
1491,7003
1492,89
1492,258
1492,449
1492,469
1492,593
1492,731
1492,863
1492,868
1492,1798
1492,2013
1492,2198
1492,2205
1492,2239
1492,2441
1492,2541
1492,2736
1492,3403
1492,3428
1492,4164
1492,4511
1492,4522
1492,4682
1492,4768
1492,4952
1492,5199
1492,5344
1492,5372
1492,5404
1492,5689
1492,5707
1492,5740
1492,5799
1492,5816
1492,6039
1492,6077
1492,6551
1492,6631
1492,6646
1492,6658
1492,6702
1492,6707
1492,6890
1492,7085
1492,7097
1492,7114
1492,7276
1492,7395
1492,7464
1492,7607
1492,7628
1493,724
1493,728
1493,785
1493,892
1493,911
1493,1337
1493,1539
1493,1549
1493,1733
1493,1978
1493,2112
1493,2122
1493,2404
1493,2525
1493,2536
1493,2783
1493,3062
1493,3250
1493,3455
1493,3520
1493,3539
1493,4502
1493,4584
1493,5120
1493,5373
1493,5785
1493,5798
1493,5851
1493,5917
1493,6036
1493,6059
1493,6118
1493,6128
1493,6296
1493,6522
1493,6547
1493,6565
1493,6872
1493,6920
1493,7240
1493,7422
1493,7512
1494,432
1494,495
1494,532
1494,535
1494,593
1494,597
1494,766
1494,1058
1494,1339
1494,1414
1494,1418
1494,1673
1494,1682
1494,1753
1494,1817
1494,2089
1494,2143
1494,2198
1494,2239
1494,2368
1494,2372
1494,2425
1494,2993
1494,3203
1494,3223
1494,3277
1494,3578
1494,3672
1494,3866
1494,3925
1494,4037
1494,4054
1494,4109
1494,4358
1494,4376
1494,4438
1494,4672
1494,4768
1494,4805
1494,4863
1494,5179
1494,5455
1494,6029
1494,6098
1494,6211
1494,6235
1494,6246
1494,6309
1494,6434
1494,6437
1494,6747
1494,7067
1494,7222
1494,7467
1494,7478
1495,881
1495,2370
1495,2621
1495,3124
1495,3171
1495,3698
1495,4356
1495,4384
1495,4422
1495,4805
1495,5091
1495,5412
1495,5676
1495,5772
1495,6547
1495,6572
1495,7134
1495,7147
1495,7330
1496,336
1496,764
1496,1407
1496,1832
1496,2106
1496,3155
1496,3295
1496,3358
1496,3433
1496,3578
1496,3956
1496,4222
1496,4633
1496,4693
1496,4805
1496,5141
1496,5388
1496,5501
1496,5549
1496,6041
1496,6136
1496,6378
1496,6436
1496,6838
1497,660
1497,1534
1497,2505
1497,3233
1497,3395
1497,6433
1497,7088
1498,593
1498,1684
1498,1805
1498,2575
1498,3721
1498,4774
1498,4941
1498,5538
1498,6414
1498,6673
1498,6702
1498,6978
1498,7577
1499,62
1499,495
1499,502
1499,583
1499,771
1499,904
1499,1091
1499,1293
1499,1802
1499,2143
1499,2577
1499,2894
1499,2993
1499,3330
1499,3407
1499,3421
1499,3607
1499,3691
1499,3871
1499,3895
1499,3959
1499,4037
1499,4427
1499,5080
1499,5098
1499,5171
1499,5388
1499,5539
1499,5676
1499,5957
1499,5998
1499,6070
1499,6581
1499,7067
1499,7171
1499,7222
1499,7239
1499,7269
1499,7480
1499,7486
1499,7603
1500,66
1500,93
1500,432
1500,941
1500,1595
1500,2136
1500,2218
1500,2524
1500,2709
1500,2875
1500,2976
1500,3145
1500,3396
1500,3622
1500,3993
1500,4328
1500,4628
1500,4698
1500,4906
1500,5185
1500,5578
1500,5664
1500,5918
1500,6504
1500,7175
1500,7360
1500,7620
1501,2239
1501,3844
1501,5404
1501,5903
1502,187
1502,256
1502,314
1502,695
1502,740
1502,933
1502,1065
1502,1247
1502,1446
1502,1804
1502,1909
1502,2148
1502,2328
1502,2792
1502,3258
1502,3424
1502,3656
1502,4145
1502,4146
1502,4943
1502,5169
1502,5237
1502,5697
1502,5698
1502,5860
1502,5867
1502,6090
1502,6130
1502,6200
1502,6376
1502,6806
1502,7136
1503,193
1503,691
1503,887
1503,1072
1503,1626
1503,2236
1503,2319
1503,2607
1503,2963
1503,2966
1503,2984
1503,3154
1503,3495
1503,3934
1503,3975
1503,4239
1503,4272
1503,4742
1503,5065
1503,5227
1503,5482
1503,5514
1503,5578
1503,5616
1503,5690
1503,5950
1503,6300
1503,6433
1503,6656
1503,7030
1503,7129
1503,7367
1503,7507
1504,316
1504,328
1504,442
1504,463
1504,801
1504,877
1504,1221
1504,1685
1504,1759
1504,1849
1504,1864
1504,1969
1504,2114
1504,2260
1504,2281
1504,2327
1504,2357
1504,2387
1504,2768
1504,3090
1504,3167
1504,3392
1504,3528
1504,3575
1504,3874
1504,4142
1504,4300
1504,4539
1504,4619
1504,4666
1504,4739
1504,5245
1504,5448
1504,5828
1504,5978
1504,6046
1504,6104
1504,6164
1504,6465
1504,6679
1504,6772
1504,6956
1504,7124
1504,7255
1504,7470
1505,328
1505,516
1505,517
1505,541
1505,556
1505,801
1505,1717
1505,2281
1505,4281
1505,4758
1505,6666
1505,6997
1505,7366
1506,407
1506,1314
1506,2721
1506,2865
1506,3977
1506,4841
1506,4898
1506,5159
1506,5207
1506,5792
1506,6826
1506,7303
1507,765
1507,4720
1507,4906
1508,232
1509,74
1509,147
1509,221
1509,444
1509,481
1509,561
1509,578
1509,618
1509,685
1509,746
1509,837
1509,901
1509,943
1509,1223
1509,1529
1509,1562
1509,1646
1509,1683
1509,2012
1509,2073
1509,2395
1509,2449
1509,2491
1509,2499
1509,2548
1509,2786
1509,2983
1509,3211
1509,3255
1509,3411
1509,3449
1509,3452
1509,3733
1509,4191
1509,4244
1509,4411
1509,4423
1509,4478
1509,4494
1509,4564
1509,4585
1509,4663
1509,4681
1509,4703
1509,4711
1509,4921
1509,5016
1509,5072
1509,5228
1509,5345
1509,5357
1509,5405
1509,5489
1509,5609
1509,5718
1509,5751
1509,5972
1509,5974
1509,6083
1509,6103
1509,6168
1509,6227
1509,6311
1509,6508
1509,6609
1509,6625
1509,6924
1509,7024
1509,7383
1509,7444
1509,7469
1509,7489
1509,7531
1509,7598
1510,103
1510,149
1510,305
1510,616
1510,1174
1510,1757
1510,1961
1510,2239
1510,3171
1510,3394
1510,3591
1510,3698
1510,4295
1510,4522
1510,4952
1510,5694
1510,7374
1510,7414
1511,73
1511,555
1511,1296
1511,1472
1511,1820
1511,1910
1511,2205
1511,2450
1511,2620
1511,4062
1511,5296
1511,5801
1511,6252
1511,7131
1511,7195
1511,7252
1511,7330
1511,7464
1512,523
1512,2997
1512,4462
1512,7087
1513,77
1513,89
1513,169
1513,170
1513,183
1513,226
1513,233
1513,243
1513,258
1513,260
1513,319
1513,322
1513,359
1513,366
1513,369
1513,431
1513,455
1513,482
1513,562
1513,593
1513,659
1513,731
1513,732
1513,736
1513,774
1513,924
1513,945
1513,1018
1513,1165
1513,1268
1513,1350
1513,1415
1513,1447
1513,1456
1513,1517
1513,1545
1513,1584
1513,1663
1513,1671
1513,1684
1513,1723
1513,1727
1513,1738
1513,1744
1513,1796
1513,1798
1513,1805
1513,1899
1513,1907
1513,1991
1513,1993
1513,2030
1513,2102
1513,2106
1513,2183
1513,2197
1513,2198
1513,2206
1513,2239
1513,2307
1513,2340
1513,2380
1513,2396
1513,2432
1513,2471
1513,2540
1513,2541
1513,2553
1513,2637
1513,2661
1513,2689
1513,2738
1513,2882
1513,3008
1513,3051
1513,3074
1513,3079
1513,3160
1513,3221
1513,3377
1513,3438
1513,3446
1513,3620
1513,3623
1513,3648
1513,3659
1513,3683
1513,3721
1513,3782
1513,3859
1513,4023
1513,4074
1513,4091
1513,4157
1513,4164
1513,4188
1513,4203
1513,4241
1513,4243
1513,4355
1513,4376
1513,4402
1513,4415
1513,4453
1513,4463
1513,4484
1513,4538
1513,4578
1513,4662
1513,4669
1513,4688
1513,4768
1513,4805
1513,4839
1513,4870
1513,4934
1513,5022
1513,5037
1513,5048
1513,5070
1513,5111
1513,5139
1513,5148
1513,5160
1513,5214
1513,5278
1513,5296
1513,5348
1513,5359
1513,5365
1513,5372
1513,5385
1513,5392
1513,5404
1513,5415
1513,5468
1513,5469
1513,5471
1513,5518
1513,5542
1513,5567
1513,5714
1513,5797
1513,5799
1513,5878
1513,5881
1513,5903
1513,5979
1513,5982
1513,6066
1513,6077
1513,6082
1513,6156
1513,6183
1513,6315
1513,6330
1513,6397
1513,6414
1513,6422
1513,6597
1513,6614
1513,6634
1513,6640
1513,6669
1513,6673
1513,6678
1513,6702
1513,6707
1513,6754
1513,6787
1513,6804
1513,6847
1513,6850
1513,6887
1513,6907
1513,6968
1513,6971
1513,7010
1513,7023
1513,7044
1513,7070
1513,7091
1513,7166
1513,7170
1513,7203
1513,7231
1513,7337
1513,7352
1513,7353
1513,7428
1513,7511
1513,7520
1513,7536
1513,7540
1513,7572
1513,7607
1513,7619
1514,264
1514,835
1514,1208
1514,1769
1514,1956
1514,2198
1514,2239
1514,2345
1514,2356
1514,3273
1514,3331
1514,3433
1514,3578
1514,5052
1514,5079
1514,6158
1514,6570
1514,7300
1515,197
1515,384
1515,676
1515,691
1515,912
1515,1109
1515,1255
1515,1270
1515,1385
1515,1386
1515,1480
1515,2126
1515,2373
1515,2473
1515,3222
1515,3642
1515,3675
1515,4560
1515,4656
1515,4852
1515,5232
1515,5596
1515,5910
1515,6316
1515,6509
1515,6757
1515,7030
1515,7237
1515,7606
1516,1454
1516,1704
1516,4906
1516,7120
1517,28
1517,79
1517,169
1517,183
1517,309
1517,552
1517,593
1517,622
1517,835
1517,1100
1517,1206
1517,1513
1517,1744
1517,1763
1517,1796
1517,1797
1517,1899
1517,1908
1517,1993
1517,2198
1517,2239
1517,2336
1517,2406
1517,2432
1517,2553
1517,2615
1517,2782
1517,2848
1517,2871
1517,3020
1517,3049
1517,3051
1517,3063
1517,3235
1517,3578
1517,3623
1517,3704
1517,3713
1517,3856
1517,4156
1517,4376
1517,4380
1517,4578
1517,4670
1517,4805
1517,4816
1517,4870
1517,5042
1517,5048
1517,5070
1517,5234
1517,5290
1517,5293
1517,5415
1517,5734
1517,5833
1517,5881
1517,5903
1517,6175
1517,6215
1517,6414
1517,6673
1517,6702
1517,6807
1517,6847
1517,6978
1517,7150
1517,7204
1517,7266
1517,7428
1517,7464
1518,352
1518,696
1518,760
1518,1022
1518,1581
1518,2243
1518,2375
1518,3049
1518,3270
1518,3469
1518,3559
1518,3581
1518,3587
1518,3641
1518,4576
1518,4696
1518,4805
1518,5126
1518,5155
1518,5234
1518,5556
1518,5804
1518,5820
1518,6171
1518,6219
1518,6348
1518,6408
1518,6464
1518,6880
1518,6952
1518,7560
1519,100
1519,761
1519,892
1519,898
1519,1597
1519,2893
1519,3223
1519,4687
1519,4906
1519,5944
1519,6258
1520,308
1520,835
1520,1225
1520,1371
1520,1442
1520,1660
1520,1821
1520,2884
1520,3295
1520,3433
1520,3567
1520,3612
1520,3856
1520,4805
1520,4863
1520,5213
1520,5234
1520,5435
1520,5781
1520,5940
1520,6110
1520,6172
1520,6470
1520,6864
1520,7000
1520,7467
1520,7518
1520,7546
1521,5
1521,71
1521,212
1521,283
1521,341
1521,410
1521,526
1521,555
1521,584
1521,677
1521,683
1521,724
1521,808
1521,836
1521,911
1521,921
1521,936
1521,942
1521,986
1521,1090
1521,1196
1521,1287
1521,1291
1521,1448
1521,1453
1521,1479
1521,1549
1521,1612
1521,1642
1521,1665
1521,1716
1521,1733
1521,1978
1521,1996
1521,2059
1521,2172
1521,2186
1521,2198
1521,2215
1521,2325
1521,2423
1521,2441
1521,2525
1521,2564
1521,2568
1521,2632
1521,2703
1521,2847
1521,2855
1521,2856
1521,2903
1521,2945
1521,3083
1521,3125
1521,3134
1521,3190
1521,3206
1521,3209
1521,3270
1521,3296
1521,3455
1521,3457
1521,3506
1521,3539
1521,3559
1521,3702
1521,3715
1521,3758
1521,3781
1521,3784
1521,4041
1521,4067
1521,4153
1521,4313
1521,4376
1521,4384
1521,4500
1521,4502
1521,4525
1521,4556
1521,4570
1521,4584
1521,4596
1521,4811
1521,5082
1521,5132
1521,5174
1521,5330
1521,5576
1521,5641
1521,5722
1521,5739
1521,5775
1521,5798
1521,5813
1521,5851
1521,5917
1521,5926
1521,6026
1521,6036
1521,6047
1521,6059
1521,6067
1521,6131
1521,6296
1521,6348
1521,6412
1521,6427
1521,6547
1521,6610
1521,6660
1521,6699
1521,6705
1521,6713
1521,6794
1521,6841
1521,6909
1521,6920
1521,6952
1521,6966
1521,6971
1521,7006
1521,7077
1521,7147
1521,7265
1521,7296
1521,7322
1521,7512
1521,7569
1522,381
1522,1297
1522,1359
1522,1398
1522,1669
1522,3313
1522,3631
1522,4320
1522,4725
1522,5604
1522,5907
1522,6328
1522,6491
1522,7153
1522,7579
1523,112
1523,182
1523,314
1523,933
1523,1065
1523,1171
1523,1446
1523,1804
1523,1909
1523,2148
1523,3530
1523,3656
1523,5169
1523,6130
1523,6806
1524,226
1524,266
1524,494
1524,593
1524,780
1524,789
1524,803
1524,863
1524,1106
1524,1184
1524,1254
1524,1415
1524,1472
1524,1551
1524,1798
1524,1999
1524,2198
1524,2239
1524,2377
1524,2521
1524,2755
1524,2881
1524,2921
1524,2961
1524,3049
1524,3178
1524,3225
1524,3692
1524,3748
1524,3762
1524,4086
1524,4147
1524,4184
1524,4210
1524,4376
1524,4420
1524,4746
1524,4806
1524,4864
1524,4952
1524,5132
1524,5222
1524,5404
1524,5740
1524,5931
1524,5976
1524,6034
1524,6313
1524,6506
1524,6638
1524,6702
1524,6707
1524,6787
1524,6831
1524,6971
1524,6992
1524,7114
1524,7296
1524,7321
1524,7369
1524,7464
1524,7501
1524,7593
1525,296
1525,750
1525,862
1525,930
1525,1078
1525,1961
1525,2565
1525,3698
1525,4295
1525,4407
1525,4959
1525,5156
1526,260
1526,1968
1526,3456
1526,3748
1526,4384
1526,4806
1526,5707
1526,7582
1527,1270
1527,2156
1527,4885
1528,4663
1529,147
1529,444
1529,481
1529,561
1529,618
1529,837
1529,901
1529,1086
1529,1223
1529,1509
1529,1683
1529,2073
1529,2449
1529,2491
1529,2499
1529,3180
1529,3211
1529,3411
1529,3452
1529,3733
1529,4244
1529,4478
1529,4485
1529,4494
1529,4564
1529,4663
1529,4711
1529,4873
1529,5737
1529,5972
1529,5974
1529,6103
1529,6311
1529,6488
1529,6496
1529,6609
1529,6924
1529,7016
1529,7383
1529,7489
1529,7598
1530,407
1530,1008
1530,1116
1530,1216
1530,1235
1530,1274
1530,1755
1530,1921
1530,2082
1530,2301
1530,2464
1530,3285
1530,3666
1530,4717
1530,5770
1530,6471
1530,6885
1530,7192
1530,7242
1531,412
1531,570
1531,698
1531,749
1531,787
1531,806
1531,882
1531,1054
1531,1243
1531,1364
1531,1648
1531,1709
1531,1732
1531,1827
1531,1969
1531,1977
1531,2090
1531,2134
1531,2192
1531,2235
1531,2250
1531,2260
1531,2324
1531,2754
1531,2822
1531,2854
1531,2861
1531,3091
1531,3116
1531,3326
1531,3346
1531,3371
1531,3529
1531,3714
1531,3805
1531,3825
1531,4048
1531,4070
1531,4236
1531,4256
1531,4375
1531,4412
1531,4496
1531,4603
1531,4956
1531,4960
1531,5069
1531,5164
1531,5257
1531,5409
1531,5465
1531,5512
1531,5540
1531,5691
1531,5706
1531,5848
1531,5856
1531,5882
1531,6010
1531,6099
1531,6143
1531,6250
1531,6357
1531,6363
1531,6416
1531,6520
1531,6552
1531,7013
1531,7073
1531,7086
1531,7144
1531,7241
1531,7614
1532,867
1532,1013
1532,1418
1532,3098
1532,3134
1532,3296
1532,3895
1532,4054
1532,4790
1532,5378
1533,222
1533,932
1533,1055
1533,1124
1533,1311
1533,1676
1533,1823
1533,1920
1533,2710
1533,3231
1533,3564
1533,3747
1533,3801
1533,4379
1533,4512
1533,4613
1533,4980
1533,5421
1533,5611
1533,6231
1533,6425
1533,6791
1533,6948
1533,7037
1533,7243
1533,7355
1534,148
1534,150
1534,162
1534,310
1534,545
1534,640
1534,650
1534,660
1534,676
1534,872
1534,918
1534,1075
1534,1087
1534,1110
1534,1175
1534,1280
1534,1295
1534,1429
1534,1452
1534,1463
1534,1497
1534,1541
1534,1566
1534,1674
1534,1718
1534,1924
1534,1951
1534,2034
1534,2162
1534,2236
1534,2315
1534,2344
1534,2416
1534,2452
1534,2505
1534,2585
1534,2764
1534,3038
1534,3095
1534,3154
1534,3205
1534,3233
1534,3327
1534,3395
1534,3495
1534,3645
1534,3792
1534,3856
1534,3981
1534,3995
1534,4239
1534,4505
1534,4533
1534,4691
1534,4705
1534,4875
1534,5232
1534,5238
1534,5314
1534,5400
1534,5454
1534,5624
1534,5638
1534,5723
1534,5841
1534,6005
1534,6078
1534,6084
1534,6191
1534,6241
1534,6274
1534,6429
1534,6431
1534,6433
1534,6493
1534,6572
1534,6583
1534,6606
1534,6633
1534,6689
1534,6741
1534,6896
1534,7019
1534,7088
1534,7224
1534,7305
1534,7376
1534,7386
1534,7442
1535,195
1535,530
1535,941
1535,1035
1535,1320
1535,2056
1535,2379
1535,3227
1535,3244
1535,3437
1535,3735
1535,4051
1535,4106
1535,4305
1535,4628
1535,4961
1535,5035
1535,5185
1535,5260
1535,5690
1535,6307
1535,6813
1535,7155
1536,84
1536,205
1536,241
1536,347
1536,545
1536,1051
1536,1164
1536,2051
1536,2496
1536,2539
1536,2606
1536,3267
1536,3647
1536,4587
1536,4665
1536,5059
1536,5238
1536,5326
1536,5539
1536,5578
1536,5746
1536,5838
1536,5922
1536,6072
1536,6429
1536,7026
1536,7386
1537,187
1537,256
1537,439
1537,708
1537,778
1537,884
1537,1171
1537,1446
1537,1791
1537,2064
1537,2154
1537,2292
1537,2409
1537,2792
1537,3104
1537,3127
1537,4145
1537,4237
1537,4763
1537,4814
1537,4925
1537,4937
1537,5432
1537,5618
1537,5697
1537,5738
1537,5793
1537,5877
1537,6042
1537,6090
1537,6130
1537,6598
1537,6635
1537,6806
1537,6873
1538,534
1538,593
1538,1942
1538,4538
1538,4590
1538,5734
1538,5744
1538,6414
1538,6673
1538,6702
1538,6849
1538,6978
1539,499
1539,526
1539,587
1539,1493
1539,3062
1539,3506
1539,3510
1539,3539
1539,4844
1539,6909
1540,23
1540,89
1540,240
1540,369
1540,593
1540,762
1540,780
1540,903
1540,1210
1540,1293
1540,1368
1540,1453
1540,1478
1540,1735
1540,1798
1540,1945
1540,2013
1540,2039
1540,2040
1540,2106
1540,2198
1540,2239
1540,2911
1540,3408
1540,3428
1540,3734
1540,3895
1540,4080
1540,4184
1540,4384
1540,4420
1540,4839
1540,4871
1540,4952
1540,5261
1540,5707
1540,5756
1540,6487
1540,6551
1540,6618
1540,6707
1540,6802
1540,6810
1540,7067
1540,7071
1540,7535
1540,7628
1541,373
1541,545
1541,918
1541,1075
1541,1255
1541,1270
1541,1480
1541,1534
1541,1674
1541,1924
1541,2156
1541,2397
1541,2986
1541,3197
1541,3267
1541,3327
1541,3358
1541,3525
1541,3554
1541,3783
1541,4033
1541,4551
1541,4651
1541,4656
1541,4804
1541,4885
1541,4994
1541,5254
1541,5400
1541,5454
1541,5566
1541,5910
1541,5989
1541,6005
1541,6084
1541,6241
1541,6392
1541,6606
1541,6757
1541,7169
1541,7281
1542,68
1542,104
1542,281
1542,348
1542,354
1542,396
1542,416
1542,451
1542,452
1542,547
1542,574
1542,594
1542,624
1542,635
1542,792
1542,799
1542,823
1542,929
1542,1147
1542,1154
1542,1201
1542,1203
1542,1208
1542,1231
1542,1265
1542,1366
1542,1605
1542,1779
1542,1837
1542,1968
1542,1971
1542,2278
1542,2403
1542,2580
1542,2642
1542,2692
1542,2696
1542,2716
1542,2841
1542,2846
1542,2858
1542,2937
1542,3055
1542,3254
1542,3286
1542,3301
1542,3402
1542,3522
1542,3769
1542,3943
1542,4036
1542,4059
1542,4119
1542,4139
1542,4166
1542,4444
1542,4481
1542,4547
1542,4550
1542,4927
1542,4977
1542,5021
1542,5055
1542,5073
1542,5149
1542,5196
1542,5233
1542,5246
1542,5389
1542,5712
1542,6011
1542,6158
1542,6375
1542,6455
1542,6659
1542,6710
1542,6833
1542,6863
1542,6883
1542,6932
1542,6938
1542,6943
1542,6963
1542,7028
1542,7301
1542,7533
1542,7567
1542,7625
1543,2836
1543,3002
1543,3156
1543,3175
1543,3409
1543,5720
1543,6050
1543,6324
1543,7620
1544,149
1544,1373
1544,1905
1544,1961
1544,2183
1544,2239
1544,2973
1544,3140
1544,3359
1544,3698
1544,4080
1544,4091
1544,4407
1544,4729
1544,4746
1544,5471
1544,6572
1544,7474
1545,23
1545,69
1545,89
1545,260
1545,267
1545,369
1545,593
1545,1178
1545,1218
1545,1368
1545,1421
1545,1456
1545,1478
1545,1513
1545,1634
1545,1663
1545,1723
1545,1735
1545,1796
1545,1798
1545,1993
1545,2010
1545,2106
1545,2198
1545,2239
1545,2290
1545,2396
1545,2571
1545,2600
1545,2981
1545,3008
1545,3183
1545,3538
1545,3698
1545,3748
1545,4071
1545,4080
1545,4083
1545,4157
1545,4164
1545,4184
1545,4350
1545,4376
1545,4384
1545,4420
1545,4465
1545,4556
1545,4578
1545,4608
1545,4669
1545,4712
1545,4803
1545,4806
1545,4952
1545,4971
1545,5070
1545,5222
1545,5296
1545,5404
1545,5612
1545,5707
1545,5740
1545,5756
1545,5799
1545,5816
1545,5881
1545,6135
1545,6183
1545,6284
1545,6462
1545,6510
1545,6540
1545,6551
1545,6669
1545,6678
1545,6702
1545,6707
1545,6738
1545,6882
1545,6887
1545,7010
1545,7085
1545,7296
1545,7464
1545,7535
1545,7568
1545,7582
1545,7599
1545,7607
1546,116
1546,308
1546,495
1546,501
1546,576
1546,593
1546,766
1546,1333
1546,1695
1546,1753
1546,1817
1546,2143
1546,2198
1546,2518
1546,2627
1546,2816
1546,3049
1546,3203
1546,3223
1546,3311
1546,3578
1546,3866
1546,3890
1546,4054
1546,4216
1546,4384
1546,5132
1546,5287
1546,5455
1546,6098
1546,6193
1546,6211
1546,6945
1546,7022
1546,7151
1546,7446
1546,7467
1546,7553
1547,140
1547,979
1547,1200
1547,1398
1547,1451
1547,1606
1547,2167
1547,2178
1547,2429
1547,3192
1547,3200
1547,3609
1547,3639
1547,3679
1547,3694
1547,3696
1547,3764
1547,3921
1547,3971
1547,4018
1547,4134
1547,4374
1547,4597
1547,4652
1547,4815
1547,4929
1547,4996
1547,5579
1547,6167
1547,6326
1547,6529
1547,6742
1547,6781
1547,6809
1547,6820
1547,6862
1547,7082
1547,7089
1547,7199
1547,7358
1547,7439
1548,258
1548,304
1548,774
1548,1744
1548,1899
1548,2198
1548,5311
1548,5372
1548,6024
1548,6180
1549,103
1549,212
1549,584
1549,921
1549,930
1549,1284
1549,1287
1549,1293
1549,1493
1549,1521
1549,1607
1549,1624
1549,1733
1549,1926
1549,2215
1549,2349
1549,2377
1549,2525
1549,2673
1549,2703
1549,2903
1549,2911
1549,3246
1549,3506
1549,3559
1549,3758
1549,4067
1549,4153
1549,4384
1549,4584
1549,4785
1549,4952
1549,5120
1549,5144
1549,5641
1549,5719
1549,5722
1549,5798
1549,6412
1549,6565
1549,6909
1549,6920
1549,7175
1549,7240
1549,7401
1550,128
1550,252
1550,564
1550,796
1550,908
1550,1358
1550,2027
1550,2044
1550,2094
1550,2378
1550,2707
1550,2944
1550,3555
1550,3706
1550,4277
1550,4327
1550,4430
1550,4769
1550,4882
1550,5118
1550,5192
1550,5486
1550,5625
1550,5636
1550,6555
1550,6955
1550,7094
1551,92
1551,305
1551,308
1551,551
1551,803
1551,1058
1551,1184
1551,1472
1551,1524
1551,1563
1551,1586
1551,1831
1551,1959
1551,1961
1551,2011
1551,2198
1551,2239
1551,2571
1551,2663
1551,2795
1551,3152
1551,3171
1551,3311
1551,3359
1551,3394
1551,3578
1551,3698
1551,4376
1551,4384
1551,4422
1551,4466
1551,4768
1551,4805
1551,5132
1551,5194
1551,5344
1551,5375
1551,5404
1551,5614
1551,5650
1551,5772
1551,5807
1551,5881
1551,6001
1551,6078
1551,6098
1551,6297
1551,6610
1551,6702
1551,7330
1551,7395
1552,1981
1553,44
1553,1033
1553,1576
1553,2020
1553,3321
1553,3541
1553,3568
1553,3694
1553,3857
1553,4119
1553,4389
1553,4396
1553,6415
1553,6762
1553,6809
1553,7004
1553,7358
1553,7499
1553,7571
1554,1164
1554,6818
1554,7620
1555,263
1555,481
1555,561
1555,1223
1555,1622
1555,4244
1555,4411
1555,4663
1555,4711
1555,6488
1555,6625
1556,108
1556,195
1556,549
1556,941
1556,988
1556,1248
1556,1331
1556,1338
1556,1403
1556,1952
1556,2014
1556,2078
1556,2136
1556,2422
1556,2512
1556,2607
1556,2608
1556,2833
1556,3159
1556,3168
1556,3186
1556,3205
1556,3425
1556,3461
1556,3647
1556,3729
1556,3819
1556,3823
1556,3869
1556,3949
1556,4239
1556,4405
1556,4410
1556,4521
1556,4587
1556,4665
1556,4738
1556,4779
1556,4867
1556,5074
1556,5221
1556,5578
1556,5671
1556,5838
1556,5922
1556,6117
1556,6436
1556,6501
1556,6583
1556,7112
1556,7594
1556,7621
1557,281
1557,354
1557,452
1557,624
1557,1147
1557,1201
1557,1265
1557,1605
1557,1837
1557,1968
1557,2203
1557,2278
1557,2403
1557,2580
1557,3301
1557,3522
1557,3943
1557,4036
1557,4481
1557,4550
1557,4568
1557,5021
1557,5353
1557,6158
1557,6455
1557,6782
1557,6833
1557,6863
1557,6883
1557,7083
1557,7148
1558,38
1558,1706
1558,2552
1558,3032
1558,3570
1558,5491
1558,6275
1559,414
1559,1839
1559,2616
1559,4736
1559,4818
1559,4837
1559,4856
1559,4866
1559,5822
1559,7595
1560,434
1560,613
1560,631
1560,1027
1560,1295
1560,3344
1560,3956
1560,4222
1560,4533
1560,6493
1560,6556
1560,6896
1561,188
1561,582
1561,593
1561,731
1561,803
1561,863
1561,947
1561,1058
1561,1211
1561,1258
1561,1344
1561,1399
1561,1439
1561,1661
1561,1678
1561,1682
1561,1686
1561,1782
1561,1941
1561,2166
1561,2198
1561,2239
1561,2340
1561,2342
1561,2484
1561,2823
1561,2857
1561,3063
1561,3070
1561,3080
1561,3277
1561,3364
1561,3388
1561,3576
1561,4161
1561,4164
1561,4190
1561,4267
1561,4307
1561,4337
1561,4376
1561,4458
1561,4514
1561,4522
1561,4662
1561,4701
1561,4706
1561,4746
1561,4771
1561,4805
1561,4908
1561,4948
1561,5007
1561,5083
1561,5167
1561,5206
1561,5214
1561,5376
1561,5404
1561,5412
1561,5545
1561,5554
1561,5764
1561,5844
1561,5909
1561,6131
1561,6345
1561,6403
1561,6406
1561,6467
1561,6526
1561,6664
1561,6807
1561,6890
1561,7289
1561,7395
1562,147
1562,444
1562,481
1562,561
1562,618
1562,671
1562,685
1562,837
1562,943
1562,1086
1562,1223
1562,1509
1562,1622
1562,1646
1562,1683
1562,1917
1562,2073
1562,2395
1562,2499
1562,3180
1562,3452
1562,3733
1562,4244
1562,4411
1562,4423
1562,4478
1562,4494
1562,4663
1562,5489
1562,5609
1562,5718
1562,5721
1562,5974
1562,6103
1562,6168
1562,6222
1562,6227
1562,6488
1562,6609
1562,6625
1562,7383
1562,7489
1562,7598
1563,20
1563,73
1563,137
1563,149
1563,305
1563,616
1563,762
1563,1112
1563,1551
1563,1586
1563,1658
1563,1757
1563,1961
1563,2198
1563,2239
1563,2663
1563,2959
1563,3171
1563,3183
1563,3256
1563,3359
1563,3394
1563,3501
1563,3698
1563,3789
1563,3944
1563,4163
1563,4422
1563,4479
1563,4952
1563,5404
1563,5445
1563,5461
1563,5707
1563,5772
1563,5816
1563,6001
1563,6078
1563,6297
1563,6572
1563,6618
1563,6904
1563,7196
1563,7374
1564,464
1564,1471
1564,1895
1564,2180
1564,2475
1564,3204
1564,3489
1564,3738
1564,4035
1564,4598
1564,4648
1564,5147
1564,5275
1564,5393
1564,5413
1564,5727
1564,5755
1564,6891
1565,135
1565,387
1565,738
1565,1015
1565,1242
1565,1276
1565,1756
1565,1822
1565,1953
1565,2035
1565,2053
1565,2100
1565,2245
1565,2836
1565,2976
1565,3002
1565,3094
1565,3156
1565,3175
1565,3191
1565,3292
1565,3303
1565,3571
1565,3603
1565,3735
1565,3752
1565,4104
1565,4242
1565,4258
1565,4275
1565,4291
1565,4657
1565,4720
1565,4732
1565,4738
1565,4843
1565,4850
1565,4866
1565,4997
1565,5020
1565,5086
1565,5548
1565,5558
1565,5642
1565,5789
1565,5854
1565,5960
1565,6050
1565,6150
1565,6205
1565,6324
1565,6515
1565,6573
1565,6755
1565,6768
1565,6819
1565,6875
1565,7034
1565,7178
1565,7261
1565,7450
1565,7497
1565,7516
1565,7562
1565,7575
1565,7620
1566,766
1566,861
1566,1321
1566,1325
1566,1534
1566,1572
1566,1607
1566,1682
1566,1794
1566,2490
1566,2505
1566,2529
1566,2625
1566,2993
1566,3052
1566,3330
1566,3578
1566,3732
1566,3821
1566,3827
1566,3887
1566,4376
1566,4653
1566,4692
1566,4863
1566,4890
1566,5386
1566,6243
1566,6960
1566,7222
1566,7452
1567,695
1567,740
1567,817
1567,884
1567,932
1567,982
1567,1065
1567,1234
1567,1791
1567,1909
1567,3684
1567,4110
1567,4146
1567,4149
1567,4237
1567,4340
1567,4800
1567,4849
1567,5140
1567,5515
1567,5827
1567,6094
1567,6130
1567,6221
1567,6423
1567,7133
1567,7275
1567,7343
1567,7460
1568,526
1568,3779
1568,3964
1568,4009
1568,4479
1568,4653
1568,4747
1568,4805
1568,4967
1568,6110
1568,6126
1568,6388
1568,7000
1568,7113
1568,7250
1568,7325
1569,258
1569,593
1569,1357
1569,1429
1569,1744
1569,1746
1569,1899
1569,2198
1569,2239
1569,3049
1569,3623
1569,3648
1569,3856
1569,4127
1569,4164
1569,4641
1569,4805
1569,5160
1569,5404
1569,5518
1569,5797
1569,5881
1569,6024
1569,6702
1569,6759
1569,6968
1569,7003
1569,7395
1569,7440
1569,7477
1569,7607
1570,1067
1570,1453
1570,1833
1570,2239
1570,5372
1570,5955
1570,7003
1570,7166
1571,281
1571,348
1571,354
1571,452
1571,624
1571,823
1571,929
1571,1168
1571,1199
1571,1201
1571,1208
1571,1265
1571,1366
1571,1425
1571,1713
1571,1837
1571,2002
1571,2135
1571,2203
1571,2278
1571,2403
1571,2442
1571,2578
1571,2642
1571,2841
1571,3318
1571,3402
1571,3510
1571,3856
1571,3943
1571,4119
1571,4222
1571,4481
1571,4573
1571,4977
1571,5196
1571,5233
1571,5353
1571,5388
1571,5645
1571,5766
1571,6070
1571,6136
1571,6158
1571,6292
1571,6659
1571,6697
1571,6863
1571,6926
1571,7004
1571,7028
1571,7066
1571,7148
1571,7625
1572,308
1572,461
1572,502
1572,748
1572,766
1572,771
1572,861
1572,1189
1572,1296
1572,1325
1572,1339
1572,1418
1572,1432
1572,1566
1572,1607
1572,1650
1572,1682
1572,1794
1572,2028
1572,2143
1572,2205
1572,2375
1572,2425
1572,2490
1572,2625
1572,2993
1572,3223
1572,3330
1572,3503
1572,3698
1572,3866
1572,3871
1572,4185
1572,4301
1572,4890
1572,5132
1572,5212
1572,5280
1572,5386
1572,5455
1572,5676
1572,6098
1572,6243
1572,6553
1572,6624
1572,6678
1572,7222
1572,7401
1572,7452
1572,7478
1573,1682
1573,3295
1573,4542
1574,3841
1574,4063
1574,5919
1574,6053
1574,6869
1574,7495
1575,3
1575,116
1575,123
1575,127
1575,201
1575,235
1575,260
1575,346
1575,357
1575,421
1575,552
1575,576
1575,593
1575,726
1575,766
1575,776
1575,841
1575,934
1575,1058
1575,1063
1575,1089
1575,1210
1575,1284
1575,1337
1575,1357
1575,1414
1575,1453
1575,1631
1575,1642
1575,1651
1575,1655
1575,1667
1575,1695
1575,1747
1575,1790
1575,1854
1575,1884
1575,1959
1575,2048
1575,2049
1575,2089
1575,2198
1575,2208
1575,2239
1575,2370
1575,2410
1575,2461
1575,2563
1575,2639
1575,2659
1575,2683
1575,2816
1575,2913
1575,2967
1575,2972
1575,2991
1575,3049
1575,3050
1575,3061
1575,3114
1575,3203
1575,3226
1575,3279
1575,3334
1575,3362
1575,3493
1575,3527
1575,3578
1575,3608
1575,3695
1575,3697
1575,3718
1575,3748
1575,3808
1575,4029
1575,4095
1575,4164
1575,4216
1575,4233
1575,4304
1575,4376
1575,4466
1575,4541
1575,4714
1575,4846
1575,4877
1575,5037
1575,5058
1575,5068
1575,5108
1575,5125
1575,5132
1575,5194
1575,5195
1575,5212
1575,5231
1575,5286
1575,5296
1575,5304
1575,5398
1575,5404
1575,5415
1575,5459
1575,5507
1575,5649
1575,5651
1575,5669
1575,5740
1575,5816
1575,5855
1575,5952
1575,5975
1575,5987
1575,6024
1575,6047
1575,6075
1575,6098
1575,6140
1575,6193
1575,6242
1575,6484
1575,6540
1575,6553
1575,6675
1575,6723
1575,6769
1575,6848
1575,6877
1575,6906
1575,6936
1575,6952
1575,6954
1575,7008
1575,7018
1575,7079
1575,7091
1575,7159
1575,7277
1575,7310
1575,7320
1575,7340
1575,7382
1575,7446
1575,7452
1575,7471
1575,7481
1575,7520
1575,7553
1575,7572
1575,7582
1575,7612
1576,44
1576,348
1576,354
1576,452
1576,799
1576,878
1576,929
1576,1007
1576,1168
1576,1199
1576,1201
1576,1231
1576,1265
1576,1300
1576,1318
1576,1338
1576,1407
1576,1553
1576,1715
1576,1837
1576,2002
1576,2188
1576,2203
1576,2278
1576,2403
1576,2580
1576,2606
1576,2858
1576,3106
1576,3110
1576,3396
1576,3402
1576,3556
1576,3568
1576,3746
1576,3943
1576,4119
1576,4139
1576,4222
1576,4331
1576,4389
1576,4501
1576,4568
1576,4627
1576,4859
1576,4906
1576,4977
1576,4998
1576,5055
1576,5196
1576,5233
1576,5331
1576,5388
1576,5479
1576,5583
1576,5712
1576,6136
1576,6158
1576,6292
1576,6415
1576,6697
1576,6863
1576,6926
1576,7028
1576,7148
1576,7571
1577,1844
1577,3321
1577,3853
1577,3857
1577,7499
1578,242
1578,2815
1578,6656
1579,28
1579,403
1579,536
1579,920
1579,966
1579,1182
1579,1429
1579,1643
1579,1961
1579,2740
1579,3438
1579,3916
1579,4390
1579,4805
1579,4854
1579,5114
1579,5364
1579,5437
1579,6338
1579,6600
1579,6694
1579,6702
1579,6807
1579,7351
1579,7467
1580,3067
1580,6624
1581,352
1581,696
1581,760
1581,1210
1581,1254
1581,1518
1581,2239
1581,2558
1581,3469
1581,4080
1581,4164
1581,4198
1581,4541
1581,4805
1581,6064
1581,6171
1581,6219
1581,6464
1581,6466
1581,6630
1581,6880
1582,258
1582,552
1582,593
1582,1684
1582,1712
1582,1798
1582,1899
1582,2115
1582,2198
1582,2239
1582,2406
1582,3713
1582,3748
1582,4067
1582,4164
1582,4184
1582,4376
1582,4384
1582,4806
1582,5132
1582,5234
1582,5404
1582,5734
1582,5881
1582,5979
1582,6024
1582,6673
1582,6702
1582,6774
1582,6787
1582,7071
1582,7280
1582,7464
1583,275
1583,328
1583,749
1583,806
1583,828
1583,909
1583,1609
1583,1696
1583,1759
1583,1849
1583,1969
1583,2090
1583,2103
1583,2147
1583,2260
1583,2326
1583,3543
1583,3565
1583,3597
1583,4056
1583,4070
1583,4467
1583,4739
1583,4938
1583,4960
1583,5448
1583,5512
1583,5602
1583,5848
1583,6164
1583,6670
1583,6765
1583,6793
1583,7073
1584,369
1584,390
1584,593
1584,814
1584,1249
1584,1513
1584,1663
1584,1836
1584,2198
1584,3093
1584,4067
1584,4213
1584,4641
1584,7464
1584,7477
1585,28
1585,36
1585,72
1585,94
1585,456
1585,714
1585,920
1585,1228
1585,1280
1585,1417
1585,1429
1585,1457
1585,1714
1585,1929
1585,1962
1585,2163
1585,2220
1585,2738
1585,2801
1585,2835
1585,3157
1585,3271
1585,3419
1585,3856
1585,3931
1585,4033
1585,4297
1585,4522
1585,4565
1585,5209
1585,5364
1585,5504
1585,5615
1585,5708
1585,6015
1585,6237
1585,6761
1585,6807
1585,6852
1585,7020
1585,7290
1585,7298
1585,7510
1586,20
1586,73
1586,118
1586,137
1586,149
1586,229
1586,269
1586,305
1586,474
1586,606
1586,731
1586,947
1586,1184
1586,1423
1586,1551
1586,1563
1586,1603
1586,1671
1586,1757
1586,1877
1586,2164
1586,2198
1586,2201
1586,2239
1586,2627
1586,2663
1586,2743
1586,3277
1586,3359
1586,3373
1586,3501
1586,3591
1586,3698
1586,3723
1586,3891
1586,3947
1586,4173
1586,4317
1586,4376
1586,4415
1586,4479
1586,4522
1586,4565
1586,4729
1586,4952
1586,5056
1586,5404
1586,5445
1586,5685
1586,5855
1586,6078
1586,6157
1586,6297
1586,6489
1586,6490
1586,6511
1586,6545
1586,6618
1586,6620
1586,6947
1586,7072
1586,7196
1586,7305
1586,7374
1586,7395
1586,7474
1587,557
1587,563
1587,1079
1587,1772
1587,2264
1587,2382
1587,2757
1587,3236
1587,3741
1587,3903
1587,3924
1587,3997
1587,4008
1587,4143
1587,4351
1587,4357
1587,4673
1587,4726
1587,5094
1587,5587
1587,5876
1587,5914
1587,6623
1587,6653
1587,6874
1587,7504
1587,7565
1588,1015
1588,2053
1588,2100
1588,3156
1588,3175
1588,3191
1588,3735
1588,4258
1588,5434
1588,5684
1588,7620
1589,835
1589,1645
1589,1915
1589,2066
1589,3331
1589,3866
1589,4116
1589,6481
1589,7067
1589,7312
1590,60
1590,304
1590,354
1590,1147
1590,1249
1590,1837
1590,1971
1590,1999
1590,2198
1590,2275
1590,2580
1590,2659
1590,2716
1590,2846
1590,2967
1590,3183
1590,3522
1590,4210
1590,4481
1590,5709
1590,6158
1590,6697
1590,6883
1590,7296
1590,7330
1590,7625
1591,383
1591,419
1591,522
1591,592
1591,658
1591,739
1591,1024
1591,1082
1591,1194
1591,1197
1591,1236
1591,2095
1591,2117
1591,2173
1591,2294
1591,2309
1591,2556
1591,2685
1591,2778
1591,2819
1591,2887
1591,3063
1591,3123
1591,3247
1591,3257
1591,3294
1591,3621
1591,3657
1591,3807
1591,3923
1591,4013
1591,4082
1591,4217
1591,4650
1591,4791
1591,4812
1591,4828
1591,4848
1591,4912
1591,5061
1591,5133
1591,5293
1591,5442
1591,5568
1591,5595
1591,5703
1591,5932
1591,5958
1591,6054
1591,6175
1591,6289
1591,6343
1591,6371
1591,6759
1591,6790
1591,6983
1591,7119
1591,7276
1591,7283
1591,7398
1591,7534
1591,7601
1592,98
1592,260
1592,869
1592,1453
1592,1668
1592,1798
1592,2198
1592,2521
1592,2711
1592,3132
1592,3172
1592,3235
1592,3347
1592,3693
1592,4787
1592,4816
1592,5404
1592,5976
1592,6492
1592,6801
1592,6804
1592,6843
1593,131
1593,844
1593,1162
1593,1487
1593,1617
1593,1728
1593,1903
1593,2101
1593,2674
1593,2943
1593,3041
1593,3084
1593,3375
1593,3908
1593,4287
1593,4472
1593,4610
1593,4813
1593,5256
1593,6094
1593,6453
1593,6915
1593,7631
1594,1015
1594,1822
1595,461
1595,764
1595,1500
1595,2385
1595,3295
1595,3358
1595,3381
1595,4489
1595,5664
1596,329
1596,331
1596,573
1596,930
1596,970
1596,1076
1596,1078
1596,1166
1596,1174
1596,1252
1596,1353
1596,1457
1596,1610
1596,1750
1596,1905
1596,2000
1596,2392
1596,2565
1596,2997
1596,3310
1596,3351
1596,3724
1596,3744
1596,3763
1596,3816
1596,3969
1596,4103
1596,4295
1596,4320
1596,4407
1596,5014
1596,5661
1596,5694
1596,6269
1596,6331
1596,6572
1596,6721
1596,6726
1596,7087
1596,7406
1596,7596
1597,146
1597,1519
1597,1618
1597,1853
1597,1987
1597,2131
1597,2265
1597,3005
1597,3480
1597,3554
1597,3778
1597,3839
1597,4084
1597,4378
1597,4687
1597,5862
1597,6126
1597,6592
1598,280
1598,577
1598,4906
1598,5394
1601,88
1601,526
1601,2026
1601,2111
1601,3443
1601,3457
1601,3725
1601,4066
1601,5115
1601,5739
1601,6408
1601,6512
1601,6909
1601,7077
1601,7130
1601,7250
1602,281
1602,327
1602,354
1602,452
1602,1168
1602,1201
1602,1231
1602,1490
1602,1635
1602,1837
1602,2203
1602,2747
1602,2936
1602,3144
1602,3402
1602,3522
1602,3917
1602,3943
1602,4119
1602,4550
1602,4568
1602,4749
1602,4841
1602,4977
1602,4998
1602,5021
1602,5196
1602,5233
1602,5244
1602,5353
1602,6158
1602,6267
1602,6292
1602,6455
1602,6782
1602,7028
1602,7083
1602,7148
1602,7301
1602,7381
1602,7571
1602,7625
1603,40
1603,92
1603,456
1603,930
1603,1347
1603,1586
1603,1776
1603,1975
1603,2043
1603,2239
1603,2415
1603,2586
1603,2663
1603,2801
1603,2831
1603,3194
1603,3302
1603,3339
1603,3359
1603,3591
1603,3889
1603,3983
1603,4031
1603,4033
1603,4039
1603,4301
1603,4422
1603,5452
1603,5503
1603,5504
1603,5772
1603,5807
1603,5997
1603,6159
1603,6210
1603,6369
1603,6403
1603,6451
1603,6594
1603,6775
1603,7020
1603,7032
1603,7072
1603,7420
1603,7510
1604,557
1604,995
1604,1244
1604,2443
1604,2756
1604,2757
1604,3064
1604,3150
1604,3376
1604,3460
1604,4280
1604,4492
1604,4673
1604,5266
1604,6125
1604,6163
1604,6601
1604,7565
1605,354
1605,451
1605,547
1605,792
1605,1147
1605,1265
1605,1307
1605,1352
1605,1387
1605,1398
1605,1542
1605,1557
1605,1837
1605,1968
1605,1971
1605,2242
1605,2278
1605,2578
1605,2580
1605,2696
1605,2846
1605,2858
1605,3055
1605,3200
1605,3286
1605,3390
1605,3505
1605,3519
1605,3522
1605,3535
1605,3639
1605,3679
1605,3694
1605,3943
1605,4036
1605,4481
1605,5021
1605,5766
1605,6158
1605,6455
1605,6697
1605,6781
1605,6863
1605,6883
1605,6938
1605,7148
1605,7199
1605,7301
1605,7533
1605,7567
1605,7625
1606,55
1606,140
1606,608
1606,798
1606,1059
1606,1135
1606,1207
1606,1352
1606,1547
1606,1765
1606,1793
1606,2085
1606,2297
1606,2429
1606,2466
1606,2851
1606,2942
1606,3033
1606,3200
1606,3414
1606,3505
1606,3519
1606,3537
1606,4339
1606,4401
1606,4794
1606,5477
1606,5621
1606,5683
1606,5956
1606,6080
1606,6285
1606,6543
1606,6727
1606,6781
1606,6862
1606,6903
1606,7002
1606,7082
1606,7199
1606,7327
1606,7429
1607,73
1607,382
1607,748
1607,1189
1607,1196
1607,1296
1607,1453
1607,1549
1607,1566
1607,1572
1607,2529
1607,2568
1607,2625
1607,3359
1607,3469
1607,3506
1607,3513
1607,3559
1607,3574
1607,3702
1607,3878
1607,4422
1607,4653
1607,4917
1607,5115
1607,5722
1607,6243
1607,7077
1607,7131
1607,7149
1607,7325
1607,7624
1608,308
1608,495
1608,766
1608,1418
1608,1956
1608,2143
1608,2202
1608,2993
1608,3223
1608,3273
1608,3607
1608,3866
1608,5144
1608,6565
1609,38
1609,216
1609,275
1609,324
1609,698
1609,749
1609,828
1609,909
1609,1037
1609,1412
1609,1583
1609,1648
1609,1696
1609,1743
1609,2090
1609,2147
1609,2256
1609,2326
1609,2508
1609,2516
1609,2596
1609,2860
1609,2946
1609,3021
1609,3316
1609,3640
1609,3649
1609,3722
1609,3830
1609,4070
1609,4245
1609,4342
1609,4412
1609,4883
1609,4938
1609,4960
1609,4972
1609,5045
1609,5069
1609,5250
1609,5272
1609,5409
1609,5436
1609,5465
1609,5540
1609,5602
1609,5662
1609,5753
1609,5848
1609,5856
1609,6250
1609,6357
1609,6363
1609,6372
1609,6670
1609,6765
1609,6965
1609,7073
1609,7238
1610,103
1610,137
1610,276
1610,485
1610,495
1610,536
1610,970
1610,1060
1610,1134
1610,1174
1610,1252
1610,1253
1610,1258
1610,1347
1610,1353
1610,1596
1610,1612
1610,1633
1610,1778
1610,1831
1610,1961
1610,1981
1610,1990
1610,2000
1610,2043
1610,2113
1610,2205
1610,2239
1610,2290
1610,2561
1610,2750
1610,2795
1610,3035
1610,3183
1610,3232
1610,3256
1610,3310
1610,3577
1610,3609
1610,3664
1610,3763
1610,3816
1610,4080
1610,4097
1610,4228
1610,4384
1610,4490
1610,4745
1610,4880
1610,4952
1610,5461
1610,5661
1610,5674
1610,5694
1610,5843
1610,5953
1610,6063
1610,6085
1610,6119
1610,6134
1610,6198
1610,6269
1610,6331
1610,6450
1610,6572
1610,6588
1610,6726
1610,7102
1610,7107
1610,7330
1610,7406
1610,7409
1610,7503
1610,7596
1610,7599
1610,7633
1611,523
1611,525
1611,1731
1611,2997
1611,3625
1611,4462
1611,7087
1611,7267
1611,7414
1612,474
1612,601
1612,881
1612,1521
1612,1610
1612,1796
1612,1999
1612,2299
1612,2734
1612,3073
1612,3469
1612,3503
1612,3689
1612,4097
1612,4228
1612,5464
1612,5816
1612,5881
1612,6588
1612,6660
1612,7330
1613,464
1613,2475
1613,3164
1613,3204
1613,3940
1613,5275
1613,5755
1613,7035
1613,7378
1614,23
1614,482
1614,593
1614,1214
1614,1415
1614,1798
1614,1899
1614,2013
1614,2198
1614,2661
1614,3051
1614,3184
1614,3363
1614,3377
1614,3538
1614,4376
1614,4768
1614,4806
1614,5015
1614,5404
1614,5707
1614,5756
1614,5966
1614,5979
1614,6673
1614,6702
1614,6707
1614,7353
1614,7464
1614,7568
1615,2349
1615,2525
1615,2703
1615,2847
1615,2903
1615,3506
1615,4584
1615,4893
1616,10
1616,537
1616,1041
1616,1264
1616,1736
1616,1881
1616,1980
1616,2337
1616,2435
1616,2609
1616,2777
1616,3116
1616,3371
1616,3415
1616,3583
1616,3678
1616,3749
1616,3992
1616,4723
1616,5110
1616,6357
1616,7308
1616,7348
1616,7437
1616,7458
1616,7513
1617,256
1617,695
1617,708
1617,740
1617,1446
1617,1593
1617,1804
1617,2534
1617,2792
1617,4943
1617,5034
1617,6090
1617,6094
1617,6376
1617,6482
1617,6915
1617,7133
1617,7631
1618,1143
1618,1597
1618,1979
1618,2274
1618,2374
1618,2430
1618,3005
1618,4378
1618,4577
1618,4767
1618,6258
1618,6548
1618,7142
1619,432
1619,495
1619,535
1619,766
1619,1339
1619,1418
1619,1673
1619,1817
1619,2143
1619,2258
1619,2425
1619,3370
1619,3578
1619,3631
1619,3695
1619,3866
1619,3887
1619,3895
1619,3922
1619,3959
1619,4037
1619,4054
1619,5132
1619,5179
1619,5378
1619,5455
1619,5676
1619,5948
1619,6098
1619,6308
1619,6770
1619,7022
1619,7067
1619,7153
1619,7395
1620,69
1620,85
1620,540
1620,1058
1620,1210
1620,1357
1620,1368
1620,1414
1620,1453
1620,1744
1620,1899
1620,1959
1620,2123
1620,2198
1620,2972
1620,3050
1620,3160
1620,3279
1620,3514
1620,3623
1620,4164
1620,4241
1620,4376
1620,4384
1620,4408
1620,4857
1620,4919
1620,5037
1620,5251
1620,5296
1620,5404
1620,5707
1620,6140
1620,6702
1620,6990
1620,7021
1620,7215
1620,7471
1620,7572
1621,85
1621,260
1621,369
1621,408
1621,415
1621,482
1621,593
1621,789
1621,841
1621,854
1621,904
1621,1011
1621,1058
1621,1113
1621,1268
1621,1293
1621,1368
1621,1453
1621,1478
1621,1624
1621,1705
1621,1798
1621,1860
1621,2033
1621,2106
1621,2198
1621,2320
1621,2370
1621,2377
1621,2476
1621,2549
1621,2617
1621,2620
1621,2657
1621,2744
1621,2765
1621,2770
1621,2881
1621,2882
1621,2911
1621,2979
1621,3178
1621,3183
1621,3264
1621,3297
1621,3311
1621,3408
1621,3476
1621,3502
1621,3693
1621,3895
1621,3898
1621,3948
1621,4080
1621,4090
1621,4096
1621,4184
1621,4253
1621,4376
1621,4384
1621,4556
1621,4785
1621,4806
1621,4865
1621,4952
1621,5296
1621,5404
1621,5623
1621,5626
1621,5641
1621,5714
1621,5730
1621,5816
1621,5952
1621,6047
1621,6075
1621,6184
1621,6540
1621,6551
1621,6562
1621,6618
1621,6702
1621,6707
1621,6760
1621,6811
1621,6933
1621,7085
1621,7296
1621,7385
1621,7464
1621,7465
1621,7535
1621,7582
1621,7597
1622,179
1622,298
1622,398
1622,444
1622,481
1622,561
1622,653
1622,663
1622,671
1622,679
1622,812
1622,837
1622,855
1622,1086
1622,1096
1622,1223
1622,1292
1622,1466
1622,1477
1622,1555
1622,1562
1622,1637
1622,1683
1622,1830
1622,1889
1622,1944
1622,2067
1622,2073
1622,2137
1622,2176
1622,2238
1622,2352
1622,2444
1622,2468
1622,2489
1622,2658
1622,2827
1622,2843
1622,2873
1622,2896
1622,2926
1622,3180
1622,3393
1622,3411
1622,3435
1622,3441
1622,3449
1622,3487
1622,3584
1622,3737
1622,3904
1622,4047
1622,4123
1622,4244
1622,4353
1622,4411
1622,4423
1622,4459
1622,4475
1622,4478
1622,4485
1622,4487
1622,4494
1622,4498
1622,4524
1622,4607
1622,4663
1622,4681
1622,4703
1622,4761
1622,4873
1622,5038
1622,5270
1622,5383
1622,5573
1622,5737
1622,5750
1622,5751
1622,5784
1622,5908
1622,6083
1622,6092
1622,6103
1622,6106
1622,6288
1622,6488
1622,6496
1622,6508
1622,6788
1622,6829
1622,6972
1622,7012
1622,7024
1622,7033
1622,7110
1622,7214
1622,7263
1622,7361
1622,7531
1622,7598
1623,308
1623,597
1623,1794
1623,2576
1623,2993
1623,3578
1623,3866
1623,3887
1623,4863
1623,5589
1623,7005
1623,7226
1624,85
1624,260
1624,341
1624,421
1624,584
1624,655
1624,683
1624,789
1624,939
1624,1011
1624,1287
1624,1293
1624,1368
1624,1453
1624,1549
1624,1621
1624,1978
1624,2033
1624,2106
1624,2113
1624,2186
1624,2215
1624,2325
1624,2339
1624,2377
1624,2673
1624,2703
1624,2719
1624,2911
1624,2913
1624,2956
1624,2974
1624,3025
1624,3083
1624,3183
1624,3297
1624,3311
1624,3408
1624,3474
1624,3506
1624,3538
1624,3559
1624,3574
1624,3762
1624,3898
1624,4067
1624,4153
1624,4233
1624,4384
1624,4398
1624,4584
1624,4616
1624,4801
1624,5132
1624,5222
1624,5296
1624,5350
1624,5399
1624,5641
1624,5707
1624,5722
1624,5730
1624,5816
1624,5851
1624,5869
1624,6026
1624,6412
1624,6510
1624,6551
1624,6713
1624,6760
1624,6933
1624,6966
1624,6981
1624,7101
1624,7131
1624,7170
1624,7296
1624,7422
1624,7569
1624,7580
1625,878
1625,1238
1625,1674
1625,2416
1625,2422
1625,3267
1625,3655
1625,4867
1625,5440
1625,6556
1625,6845
1625,7281
1626,630
1626,1340
1626,1503
1626,2077
1626,2436
1626,2695
1626,3227
1626,3244
1626,3437
1626,3495
1626,4705
1626,4906
1626,6433
1626,6813
1627,28
1627,36
1627,40
1627,94
1627,456
1627,920
1627,1111
1627,1280
1627,1417
1627,1429
1627,1457
1627,1666
1627,1714
1627,1777
1627,2113
1627,2163
1627,2415
1627,2795
1627,2835
1627,2871
1627,3054
1627,3271
1627,3503
1627,4033
1627,4098
1627,4100
1627,4294
1627,5181
1627,5343
1627,5496
1627,6015
1627,6078
1627,6237
1627,6572
1627,6807
1627,6852
1627,7190
1627,7365
1627,7550
1628,266
1628,593
1628,1284
1628,1350
1628,1357
1628,1472
1628,1723
1628,2102
1628,2198
1628,2396
1628,3748
1628,3897
1628,3946
1628,5160
1628,5255
1628,5330
1628,5404
1628,5493
1628,5707
1628,5881
1628,6098
1628,6156
1628,6702
1628,6887
1628,7280
1628,7464
1629,195
1629,662
1629,691
1629,912
1629,1385
1629,1450
1629,2052
1629,2347
1629,2379
1629,2473
1629,2680
1629,2840
1629,3046
1629,3107
1629,3267
1629,3303
1629,3705
1629,3972
1629,4051
1629,4804
1629,5457
1629,5596
1629,5802
1629,5894
1629,6089
1629,6299
1629,6509
1629,7031
1629,7145
1629,7260
1629,7261
1630,516
1630,541
1630,641
1630,661
1630,786
1630,928
1630,937
1630,1016
1630,1221
1630,1272
1630,1685
1630,1709
1630,1803
1630,1851
1630,1863
1630,1864
1630,1983
1630,2019
1630,2281
1630,2387
1630,2389
1630,2557
1630,3090
1630,3167
1630,3217
1630,3324
1630,3392
1630,3401
1630,3528
1630,3553
1630,3558
1630,3575
1630,3820
1630,4034
1630,4300
1630,4441
1630,4539
1630,4554
1630,4583
1630,4614
1630,4619
1630,4666
1630,4728
1630,4741
1630,4772
1630,5306
1630,5555
1630,5588
1630,5825
1630,6091
1630,6104
1630,6519
1630,6648
1630,6679
1630,6913
1630,7043
1630,7061
1630,7075
1630,7124
1630,7144
1630,7255
1630,7366
1630,7566
1630,7630
1630,7648
1631,1058
1631,1414
1631,1575
1631,1753
1631,1862
1631,1884
1631,2170
1631,2772
1631,3203
1631,3672
1631,3895
1631,4067
1631,4216
1631,4365
1631,4376
1631,4466
1631,4670
1631,4805
1631,5132
1631,5231
1631,5251
1631,5556
1631,5962
1631,6193
1631,6553
1631,6952
1631,6954
1631,7003
1631,7147
1631,7481
1631,7585
1632,414
1632,1765
1632,1839
1632,2467
1632,3752
1632,3764
1632,4192
1632,6056
1632,6616
1632,7189
1633,485
1633,751
1633,931
1633,1347
1633,1353
1633,1408
1633,1457
1633,1458
1633,1610
1633,1666
1633,1714
1633,1905
1633,1930
1633,1981
1633,2561
1633,2746
1633,2871
1633,3035
1633,3054
1633,3600
1633,3605
1633,3787
1633,3835
1633,3969
1633,4033
1633,4100
1633,4103
1633,4152
1633,4464
1633,5209
1633,5343
1633,5360
1633,5437
1633,5496
1633,6085
1633,6450
1633,6572
1633,6726
1633,6807
1633,7526
1634,42
1634,69
1634,85
1634,89
1634,192
1634,260
1634,304
1634,446
1634,469
1634,482
1634,593
1634,629
1634,813
1634,1058
1634,1178
1634,1210
1634,1254
1634,1268
1634,1415
1634,1421
1634,1453
1634,1467
1634,1545
1634,1690
1634,1712
1634,1796
1634,1842
1634,1959
1634,2039
1634,2115
1634,2183
1634,2198
1634,2239
1634,2370
1634,2406
1634,2645
1634,2657
1634,2671
1634,2755
1634,2882
1634,2913
1634,2938
1634,3226
1634,3234
1634,3289
1634,3444
1634,3459
1634,3462
1634,3469
1634,3659
1634,3692
1634,3693
1634,3713
1634,3748
1634,3996
1634,4036
1634,4071
1634,4164
1634,4184
1634,4253
1634,4355
1634,4376
1634,4384
1634,4466
1634,4556
1634,4680
1634,4768
1634,4805
1634,4806
1634,4827
1634,5132
1634,5194
1634,5220
1634,5258
1634,5404
1634,5471
1634,5707
1634,5732
1634,5740
1634,5799
1634,5816
1634,5881
1634,5955
1634,6039
1634,6400
1634,6484
1634,6492
1634,6551
1634,6702
1634,6707
1634,7003
1634,7046
1634,7071
1634,7085
1634,7103
1634,7294
1634,7535
1634,7539
1634,7572
1634,7582
1635,327
1635,1201
1635,1602
1635,2693
1635,2747
1635,3917
1635,4749
1635,5443
1636,491
1636,1053
1636,1213
1636,1411
1636,2504
1636,3057
1636,3345
1636,4126
1636,4133
1636,5395
1636,5599
1636,5846
1636,6213
1636,6650
1636,6871
1636,6891
1636,7207
1636,7378
1637,481
1637,837
1637,876
1637,1622
1637,2499
1637,3180
1637,3904
1637,4123
1637,4244
1637,4485
1637,4487
1637,4498
1637,4663
1637,4873
1637,6103
1637,6106
1637,6488
1637,6924
1638,144
1638,222
1638,231
1638,1124
1638,1311
1638,1433
1638,1676
1638,1823
1638,2140
1638,2720
1638,2837
1638,3231
1638,3755
1638,3801
1638,4221
1638,4379
1638,6366
1638,6791
1638,7011
1638,7243
1639,89
1639,593
1639,1663
1639,1684
1639,1738
1639,1744
1639,1899
1639,2198
1639,4453
1639,4578
1639,5567
1639,5734
1639,5799
1639,6414
1639,6702
1640,603
1640,2109
1640,3788
1640,3885
1640,6231
1640,6561
1640,6635
1641,1957
1642,776
1642,1058
1642,1414
1642,1521
1642,1575
1642,2170
1642,2660
1642,2772
1642,2903
1642,3078
1642,4067
1642,4376
1642,4805
1642,5251
1642,5312
1642,5641
1642,5898
1642,6408
1642,6952
1642,7147
1642,7481
1643,28
1643,1280
1643,1579
1643,2740
1643,4100
1643,5343
1643,5437
1643,5496
1643,6696
1643,6807
1644,1486
1644,2434
1644,4904
1645,264
1645,526
1645,552
1645,669
1645,1058
1645,1589
1645,1769
1645,1915
1645,2093
1645,2111
1645,2198
1645,2239
1645,2345
1645,2917
1645,3273
1645,3510
1645,3725
1645,4067
1645,4116
1645,4376
1645,4754
1645,4805
1645,4967
1645,5063
1645,5132
1645,5202
1645,5240
1645,5264
1645,5453
1645,5544
1645,5629
1645,5836
1645,6388
1645,6464
1645,6512
1645,6570
1645,6668
1645,6909
1645,7130
1645,7135
1645,7250
1645,7300
1646,425
1646,444
1646,510
1646,561
1646,578
1646,782
1646,992
1646,1086
1646,1223
1646,1292
1646,1509
1646,1562
1646,1683
1646,2012
1646,2073
1646,2361
1646,2383
1646,2395
1646,2449
1646,2468
1646,2491
1646,2548
1646,2786
1646,2805
1646,2843
1646,2873
1646,2983
1646,3211
1646,3255
1646,3393
1646,3399
1646,3411
1646,3449
1646,3479
1646,4117
1646,4252
1646,4310
1646,4353
1646,4397
1646,4423
1646,4475
1646,4494
1646,4524
1646,4663
1646,4708
1646,4711
1646,4761
1646,4884
1646,5016
1646,5228
1646,5270
1646,5345
1646,5357
1646,5405
1646,5476
1646,5489
1646,5609
1646,5718
1646,5737
1646,5751
1646,5972
1646,6106
1646,6227
1646,6311
1646,6508
1646,6829
1646,7110
1646,7324
1646,7426
1646,7444
1646,7502
1646,7531
1646,7598
1647,601
1647,1414
1647,2198
1647,2205
1647,2239
1647,2299
1647,2445
1647,3502
1647,4904
1647,5132
1647,5404
1647,6027
1647,6256
1647,6624
1647,6740
1647,7572
1648,275
1648,324
1648,405
1648,412
1648,537
1648,698
1648,749
1648,806
1648,1037
1648,1054
1648,1243
1648,1360
1648,1364
1648,1412
1648,1428
1648,1531
1648,1609
1648,1734
1648,1977
1648,2090
1648,2192
1648,2250
1648,2419
1648,2475
1648,2508
1648,2609
1648,2822
1648,2849
1648,3006
1648,3091
1648,3316
1648,3326
1648,3371
1648,3805
1648,3825
1648,3830
1648,4048
1648,4070
1648,4236
1648,4245
1648,4265
1648,4375
1648,4412
1648,4496
1648,4504
1648,4603
1648,4639
1648,4704
1648,4758
1648,4881
1648,4938
1648,4956
1648,4960
1648,5045
1648,5069
1648,5164
1648,5257
1648,5465
1648,5540
1648,5602
1648,5753
1648,5848
1648,5856
1648,5882
1648,6357
1648,6363
1648,6416
1648,6532
1648,6765
1648,6881
1648,6891
1648,7013
1648,7073
1648,7086
1648,7122
1648,7241
1648,7407
1648,7614
1649,256
1649,1247
1649,1446
1649,3293
1649,3905
1649,5153
1649,5867
1649,6652
1649,6806
1650,552
1650,627
1650,696
1650,762
1650,893
1650,1058
1650,1183
1650,1393
1650,1572
1650,1729
1650,1856
1650,2143
1650,2205
1650,2358
1650,2375
1650,2414
1650,2650
1650,3269
1650,3270
1650,3469
1650,3574
1650,4094
1650,4170
1650,4376
1650,4416
1650,4767
1650,4805
1650,5052
1650,5091
1650,5132
1650,5234
1650,5454
1650,5598
1650,5667
1650,6464
1650,6911
1650,7481
1651,1058
1651,1414
1651,1575
1651,1744
1651,1884
1651,2170
1651,3203
1651,3672
1651,3895
1651,4067
1651,4376
1651,4805
1651,5251
1651,5664
1651,6952
1651,7448
1651,7481
1651,7585
1652,2198
1652,2913
1652,3322
1652,3692
1652,4253
1652,4680
1652,6409
1652,6774
1653,156
1653,301
1653,514
1653,1362
1653,1832
1653,2288
1653,3145
1653,3265
1653,3344
1653,3358
1653,3443
1653,4121
1653,4486
1653,4762
1653,5527
1653,5535
1653,6420
1654,485
1654,3605
1654,4103
1654,5360
1655,648
1655,752
1655,754
1655,1058
1655,1284
1655,1359
1655,1414
1655,1575
1655,1853
1655,1854
1655,2314
1655,2772
1655,3078
1655,3131
1655,3270
1655,3384
1655,3566
1655,3635
1655,3650
1655,3895
1655,4067
1655,4216
1655,4268
1655,4320
1655,4376
1655,4490
1655,4543
1655,4670
1655,4805
1655,5132
1655,5231
1655,5301
1655,5550
1655,6067
1655,6193
1655,6339
1655,6408
1655,6952
1655,6954
1655,7376
1655,7448
1655,7481
1655,7519
1656,22
1656,172
1656,273
1656,284
1656,554
1656,557
1656,682
1656,758
1656,763
1656,794
1656,995
1656,1079
1656,1308
1656,1772
1656,1845
1656,2240
1656,2382
1656,2654
1656,2756
1656,2757
1656,3198
1656,3376
1656,3391
1656,3516
1656,3619
1656,3741
1656,3881
1656,3892
1656,3903
1656,3924
1656,4008
1656,4077
1656,4112
1656,4143
1656,4226
1656,4280
1656,4426
1656,4673
1656,4802
1656,4849
1656,4975
1656,5587
1656,5686
1656,5754
1656,5876
1656,5914
1656,6125
1656,6163
1656,6645
1656,6653
1656,6874
1656,7236
1656,7504
1656,7541
1656,7565
1657,2000
1657,3329
1657,3557
1657,4314
1657,4482
1657,4555
1657,4725
1657,5604
1657,6454
1657,6684
1657,7039
1657,7579
1658,1239
1658,1444
1658,1563
1658,1935
1658,2198
1658,2239
1658,3152
1658,3277
1658,3359
1658,3602
1658,3698
1658,5629
1658,5839
1658,6527
1658,6664
1658,7395
1659,1744
1659,1899
1659,2198
1659,2553
1659,3623
1659,4669
1659,5077
1659,5881
1659,6702
1659,7021
1660,835
1660,990
1660,1120
1660,1321
1660,1442
1660,1520
1660,1821
1660,1979
1660,2028
1660,2624
1660,2993
1660,3433
1660,3567
1660,3612
1660,4227
1660,4602
1660,4692
1660,5213
1660,5435
1660,5781
1660,5893
1660,5924
1660,5957
1660,6172
1660,6189
1660,6280
1660,6309
1660,6470
1660,6675
1660,6960
1660,7262
1660,7518
1660,7546
1661,28
1661,69
1661,269
1661,593
1661,947
1661,1561
1661,1744
1661,1782
1661,2198
1661,2215
1661,2239
1661,3152
1661,3216
1661,3277
1661,3532
1661,4154
1661,4184
1661,4230
1661,4522
1661,4768
1661,4805
1661,4952
1661,5278
1661,5404
1661,6551
1661,6664
1661,6702
1661,7290
1661,7395
1662,2221
1662,3490
1662,5418
1663,23
1663,77
1663,89
1663,169
1663,220
1663,226
1663,243
1663,260
1663,294
1663,345
1663,351
1663,359
1663,366
1663,369
1663,375
1663,431
1663,469
1663,479
1663,482
1663,593
1663,633
1663,657
1663,727
1663,841
1663,869
1663,903
1663,906
1663,916
1663,924
1663,939
1663,945
1663,951
1663,986
1663,1011
1663,1018
1663,1067
1663,1081
1663,1102
1663,1113
1663,1152
1663,1165
1663,1178
1663,1350
1663,1431
1663,1447
1663,1476
1663,1485
1663,1513
1663,1545
1663,1584
1663,1639
1663,1668
1663,1684
1663,1690
1663,1723
1663,1727
1663,1738
1663,1744
1663,1747
1663,1782
1663,1784
1663,1796
1663,1798
1663,1805
1663,1874
1663,1883
1663,1899
1663,1907
1663,1925
1663,1942
1663,1945
1663,1959
1663,2010
1663,2030
1663,2086
1663,2087
1663,2115
1663,2198
1663,2229
1663,2239
1663,2307
1663,2340
1663,2380
1663,2381
1663,2432
1663,2521
1663,2540
1663,2571
1663,2661
1663,2671
1663,2689
1663,2812
1663,2931
1663,2977
1663,2979
1663,2981
1663,3008
1663,3039
1663,3051
1663,3074
1663,3184
1663,3209
1663,3237
1663,3347
1663,3353
1663,3362
1663,3377
1663,3438
1663,3462
1663,3616
1663,3623
1663,3648
1663,3713
1663,3721
1663,3756
1663,3768
1663,3782
1663,3859
1663,3897
1663,3910
1663,3930
1663,3954
1663,3958
1663,3970
1663,4023
1663,4074
1663,4127
1663,4157
1663,4161
1663,4203
1663,4355
1663,4376
1663,4384
1663,4402
1663,4453
1663,4465
1663,4510
1663,4511
1663,4538
1663,4565
1663,4578
1663,4588
1663,4590
1663,4594
1663,4638
1663,4642
1663,4658
1663,4682
1663,4734
1663,4737
1663,4782
1663,4805
1663,4846
1663,4870
1663,4919
1663,4934
1663,4946
1663,5022
1663,5037
1663,5111
1663,5139
1663,5199
1663,5214
1663,5241
1663,5278
1663,5296
1663,5330
1663,5344
1663,5348
1663,5365
1663,5385
1663,5399
1663,5404
1663,5415
1663,5495
1663,5518
1663,5562
1663,5567
1663,5626
1663,5632
1663,5689
1663,5744
1663,5797
1663,5799
1663,5816
1663,5855
1663,5881
1663,5955
1663,5976
1663,5979
1663,6024
1663,6066
1663,6075
1663,6077
1663,6082
1663,6121
1663,6135
1663,6156
1663,6179
1663,6183
1663,6188
1663,6208
1663,6315
1663,6397
1663,6398
1663,6400
1663,6407
1663,6414
1663,6449
1663,6492
1663,6497
1663,6505
1663,6507
1663,6526
1663,6537
1663,6540
1663,6551
1663,6578
1663,6588
1663,6669
1663,6673
1663,6678
1663,6692
1663,6702
1663,6706
1663,6707
1663,6778
1663,6801
1663,6802
1663,6830
1663,6847
1663,6849
1663,6850
1663,6887
1663,6890
1663,6906
1663,6907
1663,6968
1663,7003
1663,7010
1663,7021
1663,7023
1663,7044
1663,7097
1663,7103
1663,7105
1663,7139
1663,7166
1663,7170
1663,7174
1663,7247
1663,7294
1663,7319
1663,7337
1663,7353
1663,7424
1663,7428
1663,7477
1663,7511
1663,7520
1663,7535
1663,7536
1663,7537
1663,7540
1663,7572
1663,7607
1663,7610
1664,19
1664,126
1664,204
1664,315
1664,342
1664,581
1664,620
1664,709
1664,968
1664,1115
1664,1244
1664,1392
1664,1721
1664,1737
1664,1772
1664,1920
1664,2133
1664,2318
1664,3376
1664,3741
1664,3879
1664,3892
1664,3903
1664,3924
1664,4143
1664,4208
1664,4237
1664,5131
1664,6199
1664,6347
1664,6623
1664,6653
1664,6712
1664,7460
1664,7554
1664,7565
1665,85
1665,421
1665,446
1665,1058
1665,1113
1665,1210
1665,1291
1665,1370
1665,1521
1665,1862
1665,1959
1665,1978
1665,2033
1665,2129
1665,2198
1665,2406
1665,2772
1665,2903
1665,3049
1665,3183
1665,3245
1665,3538
1665,3693
1665,3698
1665,3718
1665,3748
1665,3758
1665,4067
1665,4164
1665,4376
1665,4384
1665,4525
1665,4608
1665,4806
1665,4983
1665,5296
1665,5351
1665,5412
1665,5641
1665,5651
1665,5722
1665,5740
1665,5816
1665,5881
1665,6047
1665,6208
1665,6551
1665,6707
1665,6760
1665,6920
1665,6952
1665,7147
1665,7296
1665,7448
1665,7582
1666,1253
1666,1347
1666,1353
1666,1627
1666,1633
1666,1911
1666,2871
1666,3310
1666,4033
1666,5461
1666,6085
1666,6269
1666,6572
1666,6600
1666,6726
1666,7409
1666,7503
1667,766
1667,821
1667,1058
1667,1414
1667,1426
1667,1575
1667,1695
1667,1862
1667,1875
1667,1990
1667,2431
1667,2513
1667,3114
1667,3203
1667,3295
1667,3384
1667,3545
1667,3578
1667,3753
1667,4371
1667,4376
1667,4562
1667,4670
1667,4805
1667,5485
1667,5832
1667,5948
1667,6197
1667,6952
1667,7448
1667,7481
1667,7519
1668,98
1668,260
1668,304
1668,369
1668,593
1668,789
1668,869
1668,951
1668,1058
1668,1113
1668,1210
1668,1268
1668,1368
1668,1415
1668,1592
1668,1663
1668,1798
1668,1833
1668,1842
1668,2010
1668,2048
1668,2106
1668,2115
1668,2128
1668,2198
1668,2410
1668,2571
1668,2618
1668,2711
1668,2981
1668,3347
1668,3408
1668,3476
1668,3646
1668,3693
1668,3748
1668,4210
1668,4303
1668,4376
1668,4384
1668,4465
1668,4525
1668,4578
1668,4616
1668,4680
1668,4787
1668,4806
1668,5070
1668,5195
1668,5348
1668,5371
1668,5404
1668,5646
1668,5707
1668,5740
1668,5816
1668,5881
1668,5937
1668,5976
1668,6449
1668,6492
1668,6551
1668,6701
1668,6702
1668,6707
1668,6801
1668,6804
1668,6825
1668,6877
1668,7003
1668,7044
1668,7071
1668,7085
1668,7091
1668,7103
1668,7166
1668,7280
1668,7296
1668,7464
1668,7572
1669,331
1669,462
1669,585
1669,846
1669,980
1669,1036
1669,1239
1669,1246
1669,1275
1669,1297
1669,1359
1669,1522
1669,1764
1669,2000
1669,2392
1669,3351
1669,3531
1669,3557
1669,3573
1669,3631
1669,3911
1669,3952
1669,4178
1669,4320
1669,4362
1669,4482
1669,4725
1669,5014
1669,5630
1669,5839
1669,6198
1669,6293
1669,6298
1669,6328
1669,6868
1669,6967
1669,7153
1669,7191
1669,7579
1670,158
1670,6764
1670,7626
1671,89
1671,138
1671,446
1671,593
1671,633
1671,811
1671,813
1671,1058
1671,1206
1671,1280
1671,1513
1671,1586
1671,1744
1671,1796
1671,1798
1671,1854
1671,1997
1671,2198
1671,2239
1671,2381
1671,2432
1671,2615
1671,2782
1671,3051
1671,3105
1671,3160
1671,3380
1671,3578
1671,3704
1671,3856
1671,4156
1671,4522
1671,4805
1671,4870
1671,4983
1671,5006
1671,5042
1671,5148
1671,5404
1671,5664
1671,5734
1671,5881
1671,5979
1671,6077
1671,6414
1671,6551
1671,6669
1671,6702
1671,6807
1671,6847
1671,6887
1671,7139
1671,7204
1671,7353
1671,7395
1671,7464
1672,186
1672,517
1672,1785
1672,1969
1672,2235
1672,2609
1672,2775
1672,2892
1672,2953
1672,3116
1672,3523
1672,3749
1672,4619
1672,4666
1672,5692
1672,6250
1673,308
1673,495
1673,593
1673,766
1673,867
1673,975
1673,1069
1673,1339
1673,1418
1673,1426
1673,1494
1673,1619
1673,1682
1673,1962
1673,2032
1673,2143
1673,2198
1673,2239
1673,2356
1673,2358
1673,2372
1673,2375
1673,2425
1673,3098
1673,3203
1673,3469
1673,3480
1673,3578
1673,3866
1673,3895
1673,4054
1673,4438
1673,4790
1673,4805
1673,4863
1673,5052
1673,5080
1673,5179
1673,5213
1673,5234
1673,5378
1673,5404
1673,5455
1673,5652
1673,5664
1673,5981
1673,6029
1673,6098
1673,6166
1673,6211
1673,6235
1673,7054
1673,7067
1673,7164
1673,7370
1673,7478
1673,7572
1673,7587
1674,160
1674,1087
1674,1109
1674,1331
1674,1338
1674,1452
1674,1463
1674,1534
1674,1541
1674,1625
1674,1856
1674,2121
1674,2136
1674,2505
1674,2646
1674,2695
1674,3038
1674,3154
1674,3233
1674,3525
1674,3995
1674,4118
1674,4232
1674,5172
1674,5200
1674,5284
1674,5705
1674,5885
1674,6191
1674,6392
1674,6433
1674,6689
1674,6821
1674,6838
1674,6941
1674,7019
1674,7160
1674,7442
1674,7583
1674,7639
1675,177
1675,1021
1675,2204
1675,3412
1675,3431
1675,4197
1675,4497
1675,4534
1675,4618
1675,5163
1675,5421
1675,6268
1675,7388
1675,7544
1676,96
1676,730
1676,932
1676,1124
1676,1262
1676,1410
1676,1533
1676,1638
1676,2710
1676,2757
1676,3028
1676,3231
1676,3280
1676,3879
1676,4237
1676,4399
1676,4923
1676,5271
1676,6428
1676,6718
1676,7011
1676,7230
1676,7460
1677,2721
1677,3668
1677,3977
1677,6032
1677,7242
1677,7303
1678,493
1678,1561
1678,2063
1678,2239
1678,2469
1678,3337
1678,3434
1678,3862
1678,4116
1678,5029
1678,5303
1678,6325
1678,6457
1678,6750
1679,20
1679,73
1679,137
1679,162
1679,305
1679,1896
1679,2071
1679,2332
1679,2751
1679,3698
1679,4015
1679,4112
1679,4163
1679,4433
1679,4479
1679,5146
1679,5305
1679,5614
1679,6001
1679,6078
1679,6105
1679,6733
1679,7305
1680,1068
1680,4699
1680,4736
1680,4837
1680,5822
1680,7068
1681,365
1681,496
1681,791
1681,1251
1681,1381
1681,1443
1681,1936
1681,1939
1681,2034
1681,2075
1681,3227
1681,3872
1681,3884
1681,3960
1681,4209
1681,4689
1681,4705
1681,5043
1681,5210
1681,5337
1681,5382
1681,5666
1681,5970
1681,6169
1681,6523
1681,6585
1681,6773
1681,6813
1682,185
1682,495
1682,532
1682,551
1682,766
1682,1030
1682,1069
1682,1091
1682,1133
1682,1339
1682,1418
1682,1442
1682,1472
1682,1494
1682,1561
1682,1566
1682,1572
1682,1573
1682,1673
1682,1962
1682,2028
1682,2143
1682,2198
1682,2375
1682,2625
1682,2676
1682,2956
1682,2993
1682,3330
1682,3421
1682,3469
1682,3542
1682,3578
1682,3607
1682,3895
1682,3959
1682,4185
1682,4223
1682,4343
1682,4722
1682,4790
1682,5080
1682,5091
1682,5098
1682,5155
1682,5171
1682,5378
1682,5455
1682,5652
1682,5781
1682,5869
1682,5957
1682,6017
1682,6098
1682,6166
1682,6172
1682,6235
1682,6395
1682,6675
1682,6815
1682,6832
1682,7005
1682,7067
1682,7164
1682,7171
1682,7269
1682,7365
1682,7478
1682,7623
1683,147
1683,221
1683,398
1683,444
1683,481
1683,561
1683,618
1683,688
1683,690
1683,837
1683,1086
1683,1223
1683,1292
1683,1466
1683,1509
1683,1529
1683,1562
1683,1622
1683,1646
1683,2073
1683,2238
1683,2361
1683,2449
1683,2468
1683,2489
1683,2491
1683,2499
1683,2805
1683,2873
1683,2926
1683,3180
1683,3211
1683,3449
1683,3452
1683,3733
1683,3984
1683,4081
1683,4117
1683,4191
1683,4244
1683,4411
1683,4423
1683,4478
1683,4485
1683,4487
1683,4498
1683,4524
1683,4663
1683,4681
1683,4711
1683,5270
1683,5345
1683,5357
1683,5573
1683,5609
1683,5974
1683,6083
1683,6103
1683,6106
1683,6311
1683,6488
1683,6508
1683,6709
1683,6829
1683,7016
1683,7024
1683,7110
1683,7263
1683,7361
1683,7383
1683,7444
1683,7489
1683,7531
1683,7598
1684,23
1684,77
1684,89
1684,169
1684,183
1684,233
1684,243
1684,258
1684,351
1684,366
1684,369
1684,431
1684,482
1684,522
1684,534
1684,593
1684,659
1684,1018
1684,1058
1684,1113
1684,1127
1684,1165
1684,1210
1684,1498
1684,1513
1684,1582
1684,1639
1684,1663
1684,1723
1684,1744
1684,1796
1684,1798
1684,1899
1684,1959
1684,1993
1684,2115
1684,2198
1684,2239
1684,2313
1684,2340
1684,2432
1684,2553
1684,2573
1684,2921
1684,2981
1684,3008
1684,3051
1684,3274
1684,3353
1684,3377
1684,3408
1684,3514
1684,3782
1684,3925
1684,4023
1684,4024
1684,4074
1684,4350
1684,4376
1684,4384
1684,4388
1684,4453
1684,4463
1684,4578
1684,4594
1684,4641
1684,4768
1684,4806
1684,4845
1684,4870
1684,4934
1684,5070
1684,5139
1684,5160
1684,5348
1684,5359
1684,5404
1684,5518
1684,5612
1684,5707
1684,5756
1684,5799
1684,5816
1684,5881
1684,5979
1684,6077
1684,6082
1684,6183
1684,6315
1684,6398
1684,6414
1684,6484
1684,6505
1684,6540
1684,6551
1684,6669
1684,6673
1684,6678
1684,6692
1684,6702
1684,6706
1684,6707
1684,6830
1684,6849
1684,6907
1684,7010
1684,7021
1684,7036
1684,7071
1684,7103
1684,7170
1684,7231
1684,7353
1684,7428
1684,7464
1684,7535
1684,7607
1684,7610
1685,316
1685,328
1685,801
1685,1504
1685,1630
1685,1696
1685,1849
1685,1969
1685,2037
1685,2090
1685,2260
1685,2281
1685,2768
1685,3324
1685,3528
1685,3558
1685,3597
1685,4142
1685,4300
1685,4539
1685,4666
1685,4739
1685,5555
1685,6046
1685,6465
1685,6519
1685,6679
1685,7118
1685,7255
1686,1355
1686,1561
1686,2108
1686,2166
1686,2239
1686,2287
1686,3070
1686,3152
1686,3544
1686,3710
1686,5056
1686,5199
1686,5412
1686,5632
1686,6138
1686,6228
1686,6582
1687,918
1687,1998
1687,4283
1687,4878
1688,462
1688,585
1688,1032
1688,1934
1688,3521
1688,3952
1688,4362
1688,4824
1688,6491
1688,6684
1688,6986
1689,162
1689,305
1689,573
1689,616
1689,652
1689,803
1689,1005
1689,1408
1689,1905
1689,1961
1689,2183
1689,2239
1689,2304
1689,2384
1689,2519
1689,2751
1689,2996
1689,3101
1689,3716
1689,3802
1689,4015
1689,4187
1689,4407
1689,4433
1689,5305
1689,5866
1689,6078
1689,6282
1689,6572
1689,6751
1689,6807
1689,7305
1690,42
1690,258
1690,369
1690,593
1690,836
1690,1058
1690,1634
1690,1663
1690,1796
1690,2106
1690,2198
1690,2239
1690,2571
1690,2882
1690,3160
1690,3996
1690,4080
1690,4384
1690,4578
1690,4806
1690,4952
1690,5070
1690,5404
1690,5415
1690,5707
1690,5709
1690,5881
1690,5903
1690,6039
1690,6462
1690,6551
1690,6702
1690,6707
1690,7353
1691,545
1691,827
1691,2077
1691,2876
1691,3227
1691,3248
1691,3437
1691,4209
1691,4646
1691,4875
1691,4906
1691,5238
1691,5746
1691,6169
1691,6504
1691,7620
1692,249
1692,355
1692,376
1692,1149
1692,2064
1692,2168
1692,2413
1692,2874
1692,3147
1692,3511
1692,4005
1692,4202
1692,5046
1692,5104
1692,5762
1692,5803
1692,6144
1692,6524
1692,7108
1692,7408
1692,7449
1692,7472
1693,133
1693,406
1693,671
1693,703
1693,2811
1693,3914
1693,4122
1693,4387
1693,6472
1694,338
1694,401
1694,441
1694,459
1694,842
1694,1781
1694,2180
1694,2842
1694,3130
1694,3350
1694,3416
1694,3843
1694,3940
1694,4052
1694,4175
1694,4224
1694,4265
1694,4425
1694,4515
1694,4675
1694,4856
1694,4911
1694,4981
1694,5102
1694,5113
1694,5416
1694,5565
1694,5600
1694,5831
1694,5871
1694,6220
1694,6239
1694,6559
1694,6853
1694,7027
1695,986
1695,1058
1695,1337
1695,1414
1695,1546
1695,1575
1695,1667
1695,1875
1695,1884
1695,2170
1695,2198
1695,2431
1695,2565
1695,2772
1695,2977
1695,3114
1695,3578
1695,3672
1695,3748
1695,3753
1695,3895
1695,4376
1695,4670
1695,4805
1695,5132
1695,5251
1695,5455
1695,5832
1695,6339
1695,6354
1695,6952
1695,7018
1695,7585
1696,10
1696,275
1696,316
1696,324
1696,328
1696,442
1696,463
1696,556
1696,570
1696,698
1696,749
1696,767
1696,786
1696,787
1696,801
1696,806
1696,828
1696,909
1696,928
1696,1037
1696,1054
1696,1122
1696,1360
1696,1391
1696,1412
1696,1428
1696,1583
1696,1609
1696,1685
1696,1759
1696,1766
1696,1849
1696,1864
1696,1969
1696,2090
1696,2103
1696,2134
1696,2147
1696,2189
1696,2260
1696,2603
1696,2635
1696,2717
1696,2768
1696,3102
1696,3272
1696,3305
1696,3324
1696,3346
1696,3392
1696,3523
1696,3543
1696,3565
1696,3597
1696,3640
1696,3649
1696,3663
1696,3714
1696,3722
1696,4048
1696,4070
1696,4142
1696,4236
1696,4245
1696,4412
1696,4509
1696,4548
1696,4566
1696,4614
1696,4619
1696,4666
1696,4704
1696,4739
1696,4759
1696,4881
1696,4938
1696,4960
1696,4972
1696,5045
1696,5069
1696,5164
1696,5409
1696,5448
1696,5540
1696,5602
1696,5706
1696,5753
1696,5828
1696,5848
1696,5856
1696,6143
1696,6164
1696,6212
1696,6357
1696,6391
1696,6416
1696,6534
1696,6765
1696,6771
1696,6772
1696,6793
1696,7061
1696,7073
1696,7241
1696,7272
1696,7555
1697,552
1697,1058
1697,1472
1697,2198
1697,2370
1697,3748
1697,4376
1698,593
1698,659
1698,1415
1698,1744
1698,1899
1698,2198
1698,2782
1698,3380
1698,3538
1698,3693
1698,4113
1698,4156
1698,4164
1698,5048
1698,5404
1698,6183
1698,6215
1698,7150
1699,1180
1699,1393
1699,4432
1699,4690
1699,5323
1699,6995
1699,7074
1699,7123
1699,7168
1700,91
1700,229
1700,393
1700,947
1700,1108
1700,1239
1700,1377
1700,1414
1700,1975
1700,2068
1700,2142
1700,2198
1700,2239
1700,2384
1700,2663
1700,3022
1700,3072
1700,3277
1700,3532
1700,3557
1700,3671
1700,3710
1700,4406
1700,4422
1700,5839
1700,5949
1700,6437
1700,6485
1700,6775
1700,7067
1700,7344
1700,7395
1701,310
1701,1425
1701,2867
1701,3400
1701,3490
1701,3770
1701,3865
1701,4410
1701,4518
1701,4752
1701,5994
1701,6367
1701,7004
1701,7175
1702,595
1702,667
1702,884
1702,1065
1702,1455
1702,1762
1702,1923
1702,2064
1702,2333
1702,2790
1702,3084
1702,5153
1702,6130
1702,6138
1702,6221
1702,6247
1702,6993
1702,7291
1702,7404
1702,7461
1702,7530
1704,277
1704,1020
1704,1516
1704,5672
1704,6043
1704,7140
1705,789
1705,924
1705,1415
1705,1621
1705,1744
1705,1899
1705,2198
1705,2377
1705,2745
1705,3160
1705,3183
1705,3459
1705,3623
1705,3748
1705,4164
1705,4376
1705,4384
1705,4919
1705,5070
1705,5296
1705,5404
1705,5415
1705,5714
1705,6075
1705,6315
1705,7289
1705,7572
1705,7582
1706,38
1706,453
1706,779
1706,1309
1706,1459
1706,1558
1706,1743
1706,2189
1706,2552
1706,3023
1706,3032
1706,3220
1706,3570
1706,3598
1706,4342
1706,5491
1706,5662
1706,6275
1706,6965
1706,7368
1706,7646
1707,20
1707,73
1707,137
1707,305
1707,551
1707,803
1707,1831
1707,1877
1707,1958
1707,2071
1707,2332
1707,2384
1707,3199
1707,3723
1707,4141
1707,4168
1707,4186
1707,4309
1707,4479
1707,4733
1707,5229
1707,5305
1707,5397
1707,5467
1707,5511
1707,5513
1707,5614
1707,5665
1707,6001
1707,6078
1707,6382
1707,6494
1707,7305
1708,61
1708,85
1708,240
1708,258
1708,290
1708,304
1708,593
1708,920
1708,1058
1708,1102
1708,1113
1708,1249
1708,1284
1708,1421
1708,1453
1708,1472
1708,1711
1708,1744
1708,1798
1708,1899
1708,2106
1708,2198
1708,2239
1708,2571
1708,3183
1708,3502
1708,3748
1708,3782
1708,3808
1708,4164
1708,4376
1708,4384
1708,4608
1708,4680
1708,4805
1708,4870
1708,4952
1708,4983
1708,5042
1708,5132
1708,5160
1708,5296
1708,5641
1708,5732
1708,5782
1708,5881
1708,6253
1708,6303
1708,6468
1708,6702
1708,6707
1708,6887
1708,6985
1708,7003
1708,7036
1708,7330
1708,7410
1708,7464
1708,7582
1708,7597
1709,174
1709,478
1709,641
1709,879
1709,937
1709,1272
1709,1346
1709,1531
1709,1630
1709,1803
1709,1827
1709,1969
1709,2099
1709,2250
1709,2324
1709,2861
1709,3371
1709,4264
1709,4274
1709,4441
1709,4666
1709,4960
1709,5588
1709,5668
1709,6465
1709,6519
1709,6552
1709,6648
1709,7014
1709,7188
1709,7648
1710,151
1710,195
1710,472
1710,627
1710,716
1710,1048
1710,2344
1710,2353
1710,2535
1710,3244
1710,3651
1710,3680
1710,4671
1710,4810
1710,4906
1710,5185
1710,5454
1710,6270
1710,6340
1710,6735
1710,7176
1710,7641
1711,61
1711,258
1711,593
1711,732
1711,789
1711,1113
1711,1178
1711,1210
1711,1249
1711,1444
1711,1708
1711,1744
1711,1746
1711,1899
1711,2198
1711,2239
1711,2484
1711,2571
1711,2689
1711,2832
1711,3152
1711,3183
1711,3277
1711,3502
1711,3532
1711,3782
1711,3895
1711,3987
1711,4184
1711,4421
1711,4522
1711,4641
1711,4778
1711,5199
1711,5214
1711,5372
1711,5404
1711,5707
1711,5782
1711,5799
1711,5881
1711,5903
1711,6077
1711,6468
1711,6551
1711,6702
1711,6887
1711,7003
1711,7036
1711,7059
1711,7097
1711,7395
1711,7535
1711,7597
1711,7607
1711,7610
1711,7617
1712,85
1712,192
1712,240
1712,254
1712,260
1712,813
1712,1093
1712,1113
1712,1169
1712,1268
1712,1402
1712,1582
1712,1634
1712,2039
1712,2198
1712,2406
1712,2730
1712,3079
1712,3226
1712,3713
1712,3748
1712,3804
1712,4249
1712,4556
1712,4680
1712,4806
1712,5626
1712,6449
1712,6484
1712,6492
1712,6551
1712,6889
1712,7174
1712,7539
1713,354
1713,414
1713,452
1713,457
1713,799
1713,929
1713,1265
1713,1571
1713,1837
1713,1971
1713,2029
1713,2185
1713,2278
1713,2578
1713,2580
1713,2858
1713,3110
1713,3338
1713,3402
1713,3943
1713,4119
1713,4139
1713,4481
1713,5021
1713,5073
1713,5766
1713,6158
1713,6292
1713,6697
1713,6883
1714,72
1714,471
1714,536
1714,970
1714,1045
1714,1060
1714,1125
1714,1253
1714,1353
1714,1457
1714,1585
1714,1627
1714,1633
1714,1757
1714,1777
1714,1981
1714,2561
1714,2746
1714,3035
1714,3310
1714,3577
1714,3928
1714,5114
1714,5461
1714,5615
1714,5843
1714,6085
1714,6134
1714,6282
1714,6450
1714,6572
1714,6593
1714,6726
1714,6807
1714,7409
1714,7503
1715,44
1715,354
1715,1407
1715,1576
1715,2002
1715,2403
1715,2578
1715,2580
1715,2841
1715,2846
1715,4222
1715,5388
1715,5645
1715,5712
1715,6926
1715,7571
1716,526
1716,584
1716,655
1716,683
1716,724
1716,921
1716,1287
1716,1521
1716,1733
1716,2172
1716,2325
1716,2525
1716,2632
1716,2847
1716,2945
1716,3506
1716,3510
1716,3559
1716,4050
1716,4153
1716,4502
1716,4811
1716,4908
1716,5851
1716,5998
1716,6059
1716,6348
1716,6412
1716,6610
1716,6699
1716,6713
1716,6909
1716,7006
1716,7569
1717,516
1717,517
1717,541
1717,801
1717,1505
1717,2281
1717,3840
1717,4758
1717,6465
1717,6648
1717,6997
1717,7366
1717,7630
1718,331
1718,1058
1718,1534
1718,2505
1718,3847
1718,4027
1718,4376
1718,4573
1718,4805
1718,5014
1718,5251
1718,6741
1718,7376
1718,7579
1718,7600
1719,2167
1719,3200
1719,3694
1719,3971
1719,4597
1719,4929
1719,6529
1719,7199
1720,3615
1720,5337
1720,6147
1721,315
1721,1664
1721,1772
1721,4208
1721,5025
1721,5030
1721,5283
1721,7009
1722,295
1722,456
1722,629
1722,881
1722,1064
1722,1185
1722,1486
1722,2113
1722,2145
1722,2257
1722,2569
1722,2586
1722,2626
1722,2795
1722,3339
1722,3503
1722,3990
1722,4006
1722,4301
1722,4422
1722,4719
1722,4892
1722,4940
1722,4982
1722,4987
1722,5216
1722,5936
1722,5993
1722,6276
1722,6301
1722,6379
1722,6452
1722,6588
1722,7032
1722,7102
1722,7330
1723,169
1723,366
1723,369
1723,431
1723,455
1723,482
1723,593
1723,811
1723,924
1723,945
1723,1081
1723,1165
1723,1178
1723,1211
1723,1268
1723,1447
1723,1453
1723,1513
1723,1545
1723,1628
1723,1663
1723,1684
1723,1738
1723,1744
1723,1796
1723,1797
1723,1847
1723,1899
1723,1993
1723,2030
1723,2123
1723,2198
1723,2262
1723,2370
1723,2432
1723,2540
1723,2553
1723,2575
1723,2906
1723,3049
1723,3051
1723,3279
1723,3377
1723,3446
1723,3459
1723,3623
1723,3648
1723,3683
1723,3748
1723,4074
1723,4157
1723,4188
1723,4210
1723,4376
1723,4384
1723,4453
1723,4535
1723,4578
1723,4608
1723,4669
1723,4805
1723,4806
1723,4870
1723,4934
1723,5070
1723,5139
1723,5296
1723,5348
1723,5365
1723,5404
1723,5612
1723,5734
1723,5782
1723,5799
1723,5816
1723,5881
1723,5979
1723,5982
1723,6082
1723,6098
1723,6183
1723,6361
1723,6381
1723,6407
1723,6414
1723,6484
1723,6551
1723,6634
1723,6669
1723,6673
1723,6678
1723,6702
1723,6707
1723,6887
1723,6907
1723,6968
1723,7010
1723,7085
1723,7091
1723,7097
1723,7166
1723,7170
1723,7280
1723,7339
1723,7353
1723,7428
1723,7511
1723,7572
1723,7577
1723,7607
1724,824
1724,932
1724,2391
1724,2528
1724,3879
1724,7460
1725,40
1725,143
1725,161
1725,299
1725,456
1725,601
1725,881
1725,1185
1725,1379
1725,1409
1725,2113
1725,2415
1725,2569
1725,2586
1725,2795
1725,3339
1725,3503
1725,3515
1725,3775
1725,3870
1725,3888
1725,3966
1725,4029
1725,4031
1725,4294
1725,4373
1725,4522
1725,4565
1725,4940
1725,4987
1725,5022
1725,5181
1725,5188
1725,5263
1725,5674
1725,5864
1725,6369
1725,7032
1725,7225
1725,7330
1725,7589
1726,95
1726,1390
1726,1901
1726,2794
1726,3040
1726,3864
1726,4672
1726,4683
1726,5865
1726,5869
1726,6503
1726,6747
1726,6822
1727,183
1727,455
1727,593
1727,722
1727,1513
1727,1663
1727,1796
1727,1993
1727,2198
1727,2553
1727,3001
1727,3648
1727,3703
1727,3704
1727,3720
1727,4538
1727,4578
1727,4641
1727,4669
1727,5241
1727,5637
1727,5734
1727,5881
1727,6183
1727,6414
1727,6551
1727,6673
1727,6702
1727,7215
1727,7337
1727,7352
1727,7477
1727,7577
1727,7607
1728,54
1728,257
1728,1021
1728,1449
1728,1468
1728,1593
1728,2204
1728,2249
1728,2528
1728,3082
1728,3201
1728,3412
1728,3431
1728,4197
1728,4399
1728,4534
1728,4618
1728,4748
1728,5094
1728,5135
1728,5163
1728,5591
1728,5736
1728,6148
1728,6160
1728,6217
1728,6635
1728,7229
1728,7275
1728,7544
1728,7609
1728,7631
1729,417
1729,1026
1729,1349
1729,1650
1729,1984
1729,2113
1729,2277
1729,2392
1729,5101
1729,5177
1729,5296
1729,5947
1729,6061
1729,6178
1729,6266
1729,7066
1729,7107
1729,7175
1729,7455
1730,1058
1730,1062
1730,1176
1730,1481
1730,1990
1730,2287
1730,2440
1730,2587
1730,2935
1730,3049
1730,4160
1730,4331
1730,4376
1730,4573
1730,4592
1730,4805
1730,5112
1730,5251
1730,5559
1731,329
1731,523
1731,648
1731,752
1731,1261
1731,1335
1731,1394
1731,1437
1731,1611
1731,1987
1731,2213
1731,2265
1731,2527
1731,2542
1731,2574
1731,2997
1731,3351
1731,3566
1731,4282
1731,4462
1731,4823
1731,4904
1731,5183
1731,5315
1731,5379
1731,5550
1731,5571
1731,6142
1731,6548
1731,6558
1731,6721
1731,6861
1731,7087
1731,7267
1731,7414
1732,10
1732,412
1732,516
1732,882
1732,1054
1732,1243
1732,1364
1732,1531
1732,1734
1732,2250
1732,2387
1732,2822
1732,2861
1732,3024
1732,3090
1732,3529
1732,3714
1732,4038
1732,4236
1732,4281
1732,4412
1732,4496
1732,4548
1732,4566
1732,4758
1732,4960
1732,5164
1732,5512
1732,5706
1732,6099
1732,6383
1732,6520
1732,6532
1732,6534
1732,6552
1732,6666
1732,7013
1732,7014
1732,7407
1733,212
1733,225
1733,526
1733,584
1733,587
1733,628
1733,655
1733,683
1733,724
1733,728
1733,921
1733,1196
1733,1291
1733,1453
1733,1493
1733,1521
1733,1549
1733,1716
1733,2092
1733,2170
1733,2172
1733,2215
1733,2349
1733,2402
1733,2525
1733,2567
1733,2703
1733,2903
1733,2945
1733,2954
1733,3083
1733,3246
1733,3506
1733,3510
1733,3539
1733,3559
1733,3784
1733,4067
1733,4153
1733,4502
1733,4503
1733,4811
1733,5174
1733,5645
1733,5719
1733,6029
1733,6348
1733,6408
1733,6412
1733,6610
1733,6699
1733,6909
1733,6920
1733,7006
1733,7077
1733,7147
1734,412
1734,787
1734,1243
1734,1648
1734,1732
1734,1759
1734,1827
1734,1969
1734,2090
1734,2192
1734,2250
1734,2260
1734,2324
1734,2622
1734,2775
1734,2822
1734,2861
1734,2946
1734,3116
1734,3326
1734,3371
1734,4256
1734,4375
1734,4960
1734,5257
1734,5658
1734,6099
1734,6250
1734,6552
1734,7014
1734,7060
1734,7614
1735,240
1735,260
1735,903
1735,1268
1735,1427
1735,1444
1735,1453
1735,1540
1735,1545
1735,1778
1735,1798
1735,2039
1735,2106
1735,2571
1735,2911
1735,3171
1735,3183
1735,3264
1735,3408
1735,3428
1735,3698
1735,3734
1735,4080
1735,4384
1735,4420
1735,4422
1735,4806
1735,4952
1735,5261
1735,5404
1735,5525
1735,5707
1735,5740
1735,5816
1735,5839
1735,6121
1735,6462
1735,6487
1735,6551
1735,6618
1735,6707
1735,6738
1735,6802
1735,7296
1735,7464
1735,7535
1735,7607
1736,10
1736,275
1736,349
1736,605
1736,981
1736,1041
1736,1088
1736,1264
1736,1334
1736,1616
1736,1881
1736,1980
1736,2090
1736,2250
1736,2337
1736,2419
1736,2435
1736,2623
1736,2777
1736,3102
1736,3415
1736,3583
1736,3649
1736,3678
1736,3711
1736,3717
1736,3749
1736,3992
1736,4509
1736,4723
1736,4740
1736,4829
1736,4905
1736,4992
1736,5110
1736,5509
1736,5540
1736,5852
1736,5868
1736,5929
1736,5939
1736,6046
1736,6357
1736,6557
1736,6628
1736,6665
1736,6876
1736,7308
1736,7348
1736,7437
1736,7458
1736,7513
1737,96
1737,581
1737,737
1737,824
1737,932
1737,968
1737,1003
1737,1146
1737,1162
1737,1237
1737,1256
1737,1303
1737,1392
1737,1664
1737,2064
1737,2133
1737,2168
1737,2318
1737,2399
1737,2528
1737,2788
1737,3361
1737,3366
1737,3569
1737,3736
1737,3774
1737,3788
1737,3879
1737,3939
1737,3988
1737,4208
1737,4237
1737,4599
1737,4984
1737,5030
1737,5131
1737,5429
1737,6113
1737,6138
1737,6199
1737,6347
1737,6423
1737,6480
1737,6935
1737,7264
1737,7291
1737,7460
1737,7491
1737,7500
1738,23
1738,61
1738,89
1738,169
1738,258
1738,322
1738,369
1738,431
1738,469
1738,482
1738,593
1738,710
1738,732
1738,774
1738,906
1738,1081
1738,1165
1738,1280
1738,1294
1738,1344
1738,1513
1738,1639
1738,1663
1738,1723
1738,1744
1738,1746
1738,1796
1738,1798
1738,1899
1738,1907
1738,1993
1738,2106
1738,2198
1738,2239
1738,2432
1738,2540
1738,2541
1738,2661
1738,2689
1738,2832
1738,3008
1738,3051
1738,3373
1738,3377
1738,3428
1738,3502
1738,3620
1738,3623
1738,3627
1738,3856
1738,3859
1738,3930
1738,4157
1738,4161
1738,4188
1738,4243
1738,4415
1738,4421
1738,4531
1738,4578
1738,4594
1738,4641
1738,4669
1738,4688
1738,4734
1738,4781
1738,4805
1738,4934
1738,5039
1738,5048
1738,5050
1738,5111
1738,5139
1738,5214
1738,5372
1738,5392
1738,5404
1738,5707
1738,5799
1738,5881
1738,5903
1738,5979
1738,5982
1738,6039
1738,6082
1738,6183
1738,6315
1738,6397
1738,6414
1738,6468
1738,6540
1738,6634
1738,6658
1738,6678
1738,6692
1738,6702
1738,6704
1738,6887
1738,7010
1738,7097
1738,7103
1738,7104
1738,7105
1738,7170
1738,7247
1738,7353
1738,7395
1738,7406
1738,7440
1738,7540
1738,7582
1738,7607
1738,7610
1738,7617
1739,71
1739,526
1739,724
1739,785
1739,911
1739,1337
1739,1919
1739,1967
1739,1978
1739,2122
1739,2404
1739,2418
1739,2525
1739,2536
1739,2632
1739,3062
1739,3083
1739,3246
1739,3250
1739,3455
1739,3457
1739,3821
1739,4358
1739,4502
1739,4584
1739,4707
1739,5813
1739,5851
1739,5917
1739,6036
1739,6059
1739,6067
1739,6128
1739,6296
1739,6522
1739,6547
1739,6699
1739,6872
1739,7054
1739,7512
1740,64
1740,249
1740,355
1740,543
1740,1149
1740,1151
1740,1807
1740,2168
1740,2217
1740,2413
1740,2874
1740,3147
1740,4005
1740,4093
1740,4202
1740,4322
1740,4611
1740,5104
1740,5803
1740,6144
1740,7108
1740,7449
1740,7472
1741,296
1741,573
1741,3744
1741,4295
1742,1799
1742,1865
1742,2022
1742,2050
1742,2503
1742,3797
1742,4052
1742,4675
1742,4901
1742,4981
1742,5431
1742,6218
1742,6858
1742,6865
1742,6919
1742,7515
1742,7642
1742,7645
1743,38
1743,216
1743,324
1743,453
1743,529
1743,779
1743,1157
1743,1309
1743,1412
1743,1459
1743,1609
1743,1706
1743,1811
1743,2189
1743,2508
1743,2552
1743,2860
1743,3021
1743,3023
1743,3032
1743,3220
1743,3543
1743,3640
1743,3649
1743,4342
1743,4667
1743,4883
1743,4938
1743,5045
1743,5250
1743,5272
1743,5436
1743,5465
1743,5602
1743,5662
1743,6532
1743,6765
1743,6965
1743,7122
1743,7238
1743,7646
1744,24
1744,28
1744,42
1744,61
1744,77
1744,79
1744,89
1744,134
1744,169
1744,183
1744,233
1744,309
1744,322
1744,358
1744,366
1744,400
1744,419
1744,431
1744,438
1744,446
1744,482
1744,484
1744,522
1744,534
1744,540
1744,558
1744,593
1744,622
1744,632
1744,659
1744,710
1744,720
1744,722
1744,732
1744,736
1744,770
1744,774
1744,800
1744,836
1744,849
1744,900
1744,906
1744,920
1744,924
1744,945
1744,1002
1744,1017
1744,1018
1744,1022
1744,1092
1744,1097
1744,1100
1744,1152
1744,1167
1744,1178
1744,1206
1744,1226
1744,1271
1744,1280
1744,1286
1744,1294
1744,1316
1744,1344
1744,1351
1744,1429
1744,1447
1744,1469
1744,1476
1744,1513
1744,1517
1744,1548
1744,1569
1744,1620
1744,1639
1744,1651
1744,1659
1744,1661
1744,1663
1744,1671
1744,1684
1744,1698
1744,1705
1744,1708
1744,1711
1744,1723
1744,1738
1744,1782
1744,1792
1744,1796
1744,1797
1744,1798
1744,1805
1744,1838
1744,1899
1744,1993
1744,1997
1744,2060
1744,2087
1744,2095
1744,2102
1744,2123
1744,2173
1744,2198
1744,2206
1744,2229
1744,2239
1744,2244
1744,2307
1744,2336
1744,2340
1744,2380
1744,2406
1744,2432
1744,2471
1744,2485
1744,2502
1744,2541
1744,2553
1744,2581
1744,2598
1744,2615
1744,2627
1744,2634
1744,2637
1744,2689
1744,2704
1744,2782
1744,2801
1744,2804
1744,2812
1744,2826
1744,2868
1744,2913
1744,2929
1744,2970
1744,3001
1744,3008
1744,3020
1744,3049
1744,3051
1744,3063
1744,3074
1744,3105
1744,3152
1744,3160
1744,3221
1744,3237
1744,3271
1744,3274
1744,3328
1744,3331
1744,3353
1744,3379
1744,3380
1744,3384
1744,3419
1744,3438
1744,3439
1744,3445
1744,3446
1744,3512
1744,3551
1744,3617
1744,3623
1744,3648
1744,3692
1744,3697
1744,3704
1744,3713
1744,3715
1744,3720
1744,3721
1744,3799
1744,3817
1744,3856
1744,3858
1744,3876
1744,3897
1744,3947
1744,3951
1744,3987
1744,4012
1744,4023
1744,4074
1744,4111
1744,4156
1744,4161
1744,4176
1744,4188
1744,4194
1744,4213
1744,4217
1744,4243
1744,4257
1744,4306
1744,4337
1744,4344
1744,4347
1744,4352
1744,4376
1744,4380
1744,4388
1744,4393
1744,4398
1744,4402
1744,4421
1744,4453
1744,4479
1744,4531
1744,4538
1744,4573
1744,4578
1744,4586
1744,4588
1744,4590
1744,4594
1744,4638
1744,4641
1744,4669
1744,4688
1744,4771
1744,4791
1744,4805
1744,4816
1744,4827
1744,4835
1744,4895
1744,4934
1744,4941
1744,4954
1744,4979
1744,5006
1744,5013
1744,5015
1744,5042
1744,5048
1744,5054
1744,5070
1744,5105
1744,5136
1744,5139
1744,5148
1744,5155
1744,5201
1744,5203
1744,5213
1744,5234
1744,5241
1744,5255
1744,5290
1744,5293
1744,5311
1744,5324
1744,5328
1744,5335
1744,5343
1744,5348
1744,5359
1744,5365
1744,5372
1744,5385
1744,5415
1744,5441
1744,5470
1744,5488
1744,5493
1744,5495
1744,5496
1744,5543
1744,5551
1744,5559
1744,5584
1744,5651
1744,5669
1744,5703
1744,5708
1744,5734
1744,5744
1744,5764
1744,5791
1744,5833
1744,5878
1744,5881
1744,5903
1744,5932
1744,5958
1744,5966
1744,5979
1744,5982
1744,6054
1744,6066
1744,6075
1744,6149
1744,6152
1744,6175
1744,6180
1744,6183
1744,6188
1744,6215
1744,6315
1744,6335
1744,6342
1744,6345
1744,6361
1744,6398
1744,6407
1744,6409
1744,6414
1744,6424
1744,6464
1744,6475
1744,6505
1744,6634
1744,6649
1744,6669
1744,6673
1744,6692
1744,6702
1744,6787
1744,6790
1744,6800
1744,6807
1744,6847
1744,6880
1744,6921
1744,6923
1744,6985
1744,6990
1744,7010
1744,7021
1744,7105
1744,7116
1744,7139
1744,7151
1744,7181
1744,7190
1744,7203
1744,7204
1744,7266
1744,7276
1744,7289
1744,7311
1744,7337
1744,7339
1744,7352
1744,7353
1744,7364
1744,7398
1744,7428
1744,7440
1744,7464
1744,7471
1744,7477
1744,7526
1744,7527
1744,7540
1744,7560
1744,7573
1744,7577
1744,7607
1744,7610
1744,7619
1745,246
1745,331
1745,707
1745,2314
1745,3170
1745,3259
1745,3521
1745,3650
1745,3952
1745,4320
1745,5301
1745,5417
1745,6358
1746,61
1746,89
1746,258
1746,366
1746,1467
1746,1569
1746,1711
1746,1738
1746,2030
1746,2198
1746,2380
1746,2406
1746,2541
1746,2571
1746,2689
1746,3008
1746,3051
1746,3185
1746,3502
1746,3683
1746,3704
1746,3987
1746,4415
1746,4421
1746,4588
1746,4778
1746,4983
1746,5139
1746,5372
1746,5543
1746,5734
1746,5797
1746,5799
1746,5903
1746,6468
1746,6526
1746,6702
1746,6890
1746,7597
1746,7617
1746,7619
1747,260
1747,593
1747,841
1747,1575
1747,1663
1747,1763
1747,1798
1747,1840
1747,2198
1747,2239
1747,2313
1747,2370
1747,2406
1747,3049
1747,3051
1747,3359
1747,3748
1747,3758
1747,4376
1747,4578
1747,4806
1747,5042
1747,5070
1747,5099
1747,5220
1747,5404
1747,5612
1747,5641
1747,5649
1747,5816
1747,5881
1747,6702
1747,6707
1747,7369
1747,7582
1748,918
1748,4705
1748,5713
1748,6201
1748,6501
1748,7112
1749,713
1749,2581
1749,3896
1749,3976
1749,4629
1750,496
1750,807
1750,1340
1750,1403
1750,1465
1750,1596
1750,1816
1750,2764
1750,2799
1750,3078
1750,3647
1750,3902
1750,3962
1750,4282
1750,4449
1750,5391
1750,5539
1750,6245
1750,6314
1750,6549
1750,6630
1750,6728
1750,7442
1750,7621
1751,972
1751,2019
1751,2037
1751,2250
1751,2327
1751,2389
1751,2557
1751,2806
1751,3553
1751,3575
1751,3815
1751,3874
1751,4300
1751,4539
1751,4666
1751,4758
1751,4819
1751,5454
1751,5588
1751,6679
1751,6956
1751,7630
1752,593
1752,2102
1752,2198
1752,3683
1752,3946
1752,4127
1752,5050
1752,6702
1752,7247
1753,113
1753,116
1753,495
1753,501
1753,593
1753,723
1753,766
1753,835
1753,1108
1753,1339
1753,1357
1753,1453
1753,1472
1753,1494
1753,1546
1753,1631
1753,1794
1753,1884
1753,2198
1753,2406
1753,2816
1753,3049
1753,3203
1753,3223
1753,3578
1753,3890
1753,5132
1753,5287
1753,5455
1753,5676
1753,6098
1753,6211
1753,6702
1753,7096
1753,7151
1753,7164
1753,7464
1754,281
1754,354
1754,452
1754,799
1754,929
1754,1114
1754,1147
1754,1168
1754,1201
1754,1208
1754,1265
1754,1300
1754,1837
1754,2278
1754,2580
1754,2858
1754,3110
1754,3402
1754,3943
1754,4119
1754,4166
1754,4977
1754,4998
1754,6011
1754,6158
1754,6292
1754,6375
1754,6638
1754,6697
1754,6863
1754,7028
1754,7625
1755,330
1755,407
1755,636
1755,1008
1755,1216
1755,1235
1755,1274
1755,1530
1755,1789
1755,1921
1755,2082
1755,2301
1755,2464
1755,2865
1755,3285
1755,3728
1755,4030
1755,4377
1755,4470
1755,4717
1755,4841
1755,5570
1755,5622
1755,5770
1755,5792
1755,6032
1755,6141
1755,6471
1755,6857
1755,7161
1755,7242
1756,1015
1756,1565
1756,1773
1756,1953
1756,2100
1756,2319
1756,2594
1756,2680
1756,2976
1756,3156
1756,3175
1756,5276
1756,5548
1756,5642
1756,6205
1756,6819
1756,7063
1756,7260
1757,40
1757,149
1757,218
1757,305
1757,456
1757,551
1757,616
1757,920
1757,930
1757,1184
1757,1417
1757,1457
1757,1510
1757,1563
1757,1586
1757,1714
1757,2071
1757,2663
1757,2801
1757,3124
1757,3179
1757,3256
1757,3359
1757,3394
1757,3591
1757,3698
1757,3832
1757,4270
1757,4422
1757,5504
1757,5562
1757,5772
1757,5807
1757,5984
1757,6014
1757,6511
1757,6620
1757,6737
1757,6761
1757,6779
1757,7305
1757,7374
1758,2990
1758,4215
1758,5922
1759,174
1759,275
1759,316
1759,328
1759,412
1759,442
1759,463
1759,516
1759,517
1759,537
1759,541
1759,556
1759,749
1759,767
1759,786
1759,787
1759,801
1759,806
1759,828
1759,882
1759,909
1759,1016
1759,1037
1759,1054
1759,1122
1759,1221
1759,1243
1759,1272
1759,1360
1759,1364
1759,1391
1759,1396
1759,1412
1759,1434
1759,1504
1759,1583
1759,1696
1759,1734
1759,1766
1759,1864
1759,1969
1759,1983
1759,2037
1759,2090
1759,2098
1759,2103
1759,2114
1759,2132
1759,2134
1759,2189
1759,2235
1759,2250
1759,2260
1759,2281
1759,2324
1759,2357
1759,2387
1759,2419
1759,2446
1759,2474
1759,2603
1759,2609
1759,2635
1759,2643
1759,2681
1759,2717
1759,2728
1759,2754
1759,2822
1759,2895
1759,2925
1759,2946
1759,3006
1759,3065
1759,3090
1759,3091
1759,3099
1759,3291
1759,3305
1759,3316
1759,3324
1759,3346
1759,3392
1759,3401
1759,3523
1759,3529
1759,3543
1759,3553
1759,3565
1759,3597
1759,3663
1759,3714
1759,3722
1759,3805
1759,3820
1759,3825
1759,3840
1759,3874
1759,4038
1759,4048
1759,4056
1759,4142
1759,4236
1759,4245
1759,4264
1759,4281
1759,4312
1759,4342
1759,4375
1759,4412
1759,4496
1759,4504
1759,4548
1759,4554
1759,4566
1759,4614
1759,4666
1759,4667
1759,4704
1759,4741
1759,4751
1759,4759
1759,4881
1759,4956
1759,4960
1759,4972
1759,5028
1759,5164
1759,5182
1759,5245
1759,5306
1759,5409
1759,5448
1759,5451
1759,5602
1759,5691
1759,5692
1759,5706
1759,5753
1759,5825
1759,5848
1759,5882
1759,5906
1759,5978
1759,6010
1759,6046
1759,6099
1759,6143
1759,6164
1759,6212
1759,6257
1759,6391
1759,6416
1759,6502
1759,6520
1759,6532
1759,6552
1759,6679
1759,6771
1759,6772
1759,6842
1759,6913
1759,6956
1759,6997
1759,7013
1759,7014
1759,7073
1759,7086
1759,7122
1759,7124
1759,7144
1759,7241
1759,7255
1759,7272
1759,7366
1759,7407
1759,7470
1759,7555
1759,7566
1760,907
1760,1290
1760,2110
1760,2880
1760,6459
1760,7418
1761,499
1761,628
1761,669
1761,892
1761,898
1761,1979
1761,2026
1761,2111
1761,2279
1761,2893
1761,2917
1761,3120
1761,3457
1761,3510
1761,3742
1761,3837
1761,3964
1761,4503
1761,5786
1761,6512
1761,6879
1761,7130
1761,7250
1761,7608
1762,315
1762,520
1762,656
1762,709
1762,817
1762,884
1762,1702
1762,1791
1762,2064
1762,3104
1762,4237
1762,4849
1762,4925
1762,5439
1762,5515
1762,6042
1762,6130
1762,6221
1762,6247
1762,6286
1762,6598
1762,6806
1762,7065
1762,7460
1762,7565
1763,77
1763,258
1763,374
1763,542
1763,593
1763,633
1763,659
1763,818
1763,1280
1763,1517
1763,1747
1763,1899
1763,2087
1763,2198
1763,2380
1763,2866
1763,3623
1763,4243
1763,4402
1763,4510
1763,4522
1763,4806
1763,5048
1763,5199
1763,5372
1763,5404
1763,6024
1763,6208
1763,6414
1763,6566
1763,6887
1763,6968
1763,7003
1763,7071
1763,7311
1763,7319
1764,331
1764,462
1764,544
1764,585
1764,846
1764,980
1764,1669
1764,2000
1764,3313
1764,3336
1764,3531
1764,3631
1764,3650
1764,3952
1764,4178
1764,4301
1764,4320
1764,4362
1764,4482
1764,4725
1764,4757
1764,5301
1764,5604
1764,5907
1764,5992
1764,6263
1764,6293
1764,6298
1764,6328
1764,6358
1764,6619
1764,6684
1764,6719
1764,6868
1764,7153
1764,7191
1764,7200
1764,7375
1764,7576
1764,7590
1765,414
1765,1606
1765,1632
1765,1839
1765,2351
1765,2467
1765,2616
1765,3308
1765,3432
1765,3752
1765,3764
1765,4192
1765,4678
1765,4818
1765,4962
1765,5642
1765,5800
1765,6013
1765,6056
1765,6057
1765,6616
1765,6812
1765,7189
1766,275
1766,442
1766,556
1766,786
1766,828
1766,1016
1766,1037
1766,1038
1766,1054
1766,1360
1766,1696
1766,1759
1766,1864
1766,1983
1766,2037
1766,2147
1766,2260
1766,2324
1766,2357
1766,2387
1766,2717
1766,2754
1766,3291
1766,3553
1766,3597
1766,3840
1766,4034
1766,4163
1766,4236
1766,4504
1766,4548
1766,4614
1766,4619
1766,4666
1766,4704
1766,4751
1766,5028
1766,5245
1766,5409
1766,5529
1766,5692
1766,5828
1766,6164
1766,6502
1766,6534
1766,6552
1766,6842
1766,7060
1766,7241
1766,7255
1766,7348
1766,7470
1766,7555
1767,305
1767,512
1767,649
1767,1347
1767,1429
1767,1863
1767,2419
1767,2871
1767,3359
1767,3698
1767,4386
1767,4666
1767,4729
1767,4805
1767,5503
1767,6632
1767,7020
1767,7035
1767,7566
1768,1987
1768,2793
1768,2997
1768,4084
1768,4462
1768,6126
1768,7087
1769,495
1769,835
1769,1514
1769,1645
1769,1901
1769,1915
1769,1956
1769,2066
1769,2317
1769,3056
1769,3273
1769,3331
1769,3433
1769,4116
1769,4376
1769,4672
1769,4693
1769,5083
1769,5213
1769,5234
1769,5264
1769,5544
1769,6570
1771,315
1771,554
1771,730
1771,1772
1771,2757
1771,4208
1771,4426
1771,4673
1771,5587
1771,6199
1771,6653
1771,7541
1772,19
1772,22
1772,284
1772,315
1772,342
1772,554
1772,557
1772,581
1772,737
1772,794
1772,915
1772,968
1772,995
1772,1079
1772,1115
1772,1193
1772,1244
1772,1308
1772,1392
1772,1587
1772,1656
1772,1664
1772,1721
1772,1771
1772,1818
1772,1914
1772,1920
1772,2133
1772,2388
1772,2654
1772,2756
1772,2757
1772,2949
1772,3389
1772,3391
1772,3741
1772,3803
1772,3892
1772,3903
1772,3924
1772,3941
1772,3997
1772,4008
1772,4077
1772,4125
1772,4143
1772,4208
1772,4226
1772,4251
1772,4280
1772,4319
1772,4351
1772,4414
1772,4599
1772,4673
1772,4849
1772,4899
1772,4923
1772,4984
1772,5019
1772,5094
1772,5131
1772,5300
1772,5587
1772,5757
1772,5914
1772,6006
1772,6088
1772,6111
1772,6194
1772,6199
1772,6278
1772,6347
1772,6550
1772,6623
1772,6653
1772,6948
1772,6975
1772,7157
1772,7314
1772,7317
1772,7347
1772,7451
1772,7463
1772,7504
1772,7565
1772,7615
1773,21
1773,37
1773,151
1773,195
1773,650
1773,878
1773,957
1773,1756
1773,1989
1773,2433
1773,2680
1773,3267
1773,3396
1773,3647
1773,3676
1773,3819
1773,3989
1773,4130
1773,4346
1773,4533
1773,4665
1773,4804
1773,5358
1773,5382
1773,5440
1773,5466
1773,5671
1773,5922
1773,6031
1773,6329
1773,6991
1773,7221
1773,7224
1773,7281
1773,7475
1774,1961
1774,2304
1774,2998
1774,3101
1774,3802
1774,4318
1774,5156
1775,85
1775,789
1775,1268
1775,1293
1775,1415
1775,1453
1775,2033
1775,2198
1775,2377
1775,2911
1775,3066
1775,3895
1775,4233
1775,4257
1775,4376
1775,4384
1775,4919
1775,5296
1775,6551
1775,6760
1776,258
1776,411
1776,456
1776,875
1776,1185
1776,1315
1776,1603
1776,1872
1776,2198
1776,2239
1776,2626
1776,2820
1776,3359
1776,3561
1776,5404
1776,5936
1776,6447
1776,6775
1776,6901
1776,7072
1776,7357
1776,7510
1777,28
1777,36
1777,40
1777,94
1777,262
1777,456
1777,920
1777,1111
1777,1185
1777,1280
1777,1347
1777,1417
1777,1429
1777,1457
1777,1627
1777,1714
1777,1929
1777,2163
1777,2447
1777,2738
1777,2795
1777,2871
1777,3054
1777,3179
1777,3271
1777,4033
1777,4173
1777,4294
1777,4854
1777,5181
1777,5209
1777,5504
1777,6015
1777,6085
1777,6237
1777,6572
1777,6600
1777,6807
1777,6852
1777,7365
1777,7526
1777,7550
1778,42
1778,103
1778,149
1778,762
1778,1293
1778,1427
1778,1610
1778,1735
1778,1961
1778,3171
1778,3394
1778,3408
1778,3532
1778,3602
1778,3698
1778,4080
1778,4083
1778,4803
1778,4952
1778,5222
1778,5629
1778,6039
1778,6121
1778,6259
1778,6297
1778,6618
1778,6738
1778,7401
1778,7599
1779,68
1779,354
1779,452
1779,547
1779,799
1779,929
1779,1147
1779,1168
1779,1201
1779,1208
1779,1265
1779,1542
1779,1837
1779,1968
1779,1971
1779,2278
1779,2580
1779,2846
1779,2858
1779,3286
1779,3402
1779,3522
1779,3943
1779,4036
1779,4119
1779,4166
1779,4481
1779,4805
1779,4825
1779,5021
1779,6158
1779,6455
1779,6498
1779,6697
1779,6883
1779,7028
1779,7148
1779,7301
1779,7533
1780,352
1780,526
1780,1291
1780,2423
1780,3510
1780,4067
1780,4477
1780,6909
1781,78
1781,206
1781,401
1781,427
1781,459
1781,1313
1781,1332
1781,1694
1781,2022
1781,2050
1781,2139
1781,2369
1781,2503
1781,2842
1781,3288
1781,3350
1781,3416
1781,4099
1781,4298
1781,4515
1781,4675
1781,4901
1781,4911
1781,4981
1781,5005
1781,5017
1781,5113
1781,5242
1781,5416
1781,5607
1781,5655
1781,5681
1781,5871
1781,5954
1781,6018
1781,6132
1781,6220
1781,6239
1781,6273
1781,6559
1781,6865
1781,6918
1781,7249
1781,7484
1781,7642
1781,7645
1782,27
1782,258
1782,269
1782,411
1782,947
1782,1344
1782,1467
1782,1561
1782,1661
1782,1663
1782,1744
1782,2086
1782,2198
1782,2239
1782,2384
1782,2484
1782,2743
1782,3070
1782,3152
1782,3277
1782,3359
1782,3445
1782,3704
1782,3710
1782,3834
1782,3856
1782,3983
1782,4049
1782,4154
1782,4355
1782,4415
1782,4522
1782,4565
1782,4806
1782,5007
1782,5199
1782,5412
1782,5543
1782,5708
1782,5764
1782,5797
1782,5881
1782,6121
1782,6345
1782,6397
1782,6403
1782,6582
1782,6664
1782,6702
1782,7020
1782,7289
1782,7395
1782,7467
1782,7592
1783,3976
1783,6824
1784,85
1784,304
1784,475
1784,479
1784,593
1784,727
1784,735
1784,1067
1784,1293
1784,1472
1784,1663
1784,1798
1784,1840
1784,2013
1784,2106
1784,2198
1784,2521
1784,2671
1784,3051
1784,3456
1784,3698
1784,3756
1784,3895
1784,3958
1784,4167
1784,4376
1784,4384
1784,4787
1784,4806
1784,5404
1784,5641
1784,5740
1784,5816
1784,5859
1784,5945
1784,5955
1784,6100
1784,6551
1784,6707
1784,6843
1784,6906
1784,6936
1784,6952
1784,6971
1784,7085
1784,7180
1784,7280
1784,7296
1784,7464
1784,7487
1784,7537
1784,7568
1785,186
1785,335
1785,1672
1785,1900
1785,2235
1785,2364
1785,2667
1785,2892
1785,2895
1785,2899
1785,2953
1785,3116
1785,3283
1785,3961
1785,4072
1785,4105
1785,4403
1785,4723
1785,4905
1785,5117
1785,5619
1785,5711
1785,6357
1785,7411
1785,7458
1785,7506
1786,1259
1786,2237
1787,6050
1787,6205
1788,244
1788,3953
1788,4250
1788,7620
1789,1008
1789,1235
1789,1755
1789,2082
1789,2464
1789,2721
1789,3728
1789,5443
1789,5770
1789,5792
1789,7242
1790,109
1790,821
1790,904
1790,1058
1790,1062
1790,1176
1790,1414
1790,1481
1790,1575
1790,1875
1790,1990
1790,2175
1790,2267
1790,3115
1790,3203
1790,3384
1790,3545
1790,3672
1790,3753
1790,3817
1790,4120
1790,4160
1790,4365
1790,4371
1790,4376
1790,4562
1790,4573
1790,4670
1790,4805
1790,5251
1790,5312
1790,6197
1790,6272
1790,6486
1790,6945
1790,7446
1790,7481
1791,420
1791,595
1791,699
1791,745
1791,1455
1791,1537
1791,1567
1791,1762
1791,1841
1791,1909
1791,1923
1791,2196
1791,2333
1791,2788
1791,2790
1791,2943
1791,3030
1791,3041
1791,3084
1791,3143
1791,3258
1791,3375
1791,3905
1791,3988
1791,4088
1791,4145
1791,4146
1791,4292
1791,4610
1791,4615
1791,4925
1791,5011
1791,5027
1791,5100
1791,5153
1791,5283
1791,5429
1791,5675
1791,5927
1791,6130
1791,6173
1791,6247
1791,6396
1791,6423
1791,6480
1791,6652
1791,6681
1791,6855
1791,6993
1791,7291
1791,7404
1791,7530
1792,183
1792,593
1792,1447
1792,1744
1792,1796
1792,2553
1792,3092
1792,3623
1792,3648
1792,3703
1792,4538
1792,5241
1792,5348
1792,5979
1792,6414
1792,6673
1792,6702
1792,7337
1792,7477
1792,7577
1793,798
1793,1059
1793,1207
1793,1307
1793,1341
1793,1352
1793,1405
1793,1606
1793,1890
1793,1968
1793,2069
1793,2085
1793,2242
1793,2289
1793,2942
1793,3033
1793,3200
1793,3390
1793,3505
1793,3519
1793,4079
1793,4229
1793,4339
1793,5096
1793,5477
1793,5621
1793,5850
1793,5905
1793,5956
1793,6285
1793,6543
1793,6862
1793,6903
1793,7002
1793,7138
1793,7199
1794,201
1794,495
1794,748
1794,766
1794,771
1794,1014
1794,1030
1794,1069
1794,1426
1794,1566
1794,1572
1794,1623
1794,1753
1794,1802
1794,1966
1794,1990
1794,2028
1794,2143
1794,2490
1794,2625
1794,3098
1794,3295
1794,3330
1794,3339
1794,3404
1794,3421
1794,3578
1794,3607
1794,3866
1794,3871
1794,3887
1794,3895
1794,3959
1794,3990
1794,4037
1794,4054
1794,4185
1794,4223
1794,4228
1794,4562
1794,4790
1794,4940
1794,5132
1794,5455
1794,5676
1794,5948
1794,6098
1794,6128
1794,6211
1794,6448
1794,6581
1794,7022
1794,7067
1794,7222
1794,7269
1794,7370
1794,7452
1794,7584
1794,7624
1795,111
1795,434
1795,461
1795,501
1795,766
1795,804
1795,847
1795,1343
1795,1426
1795,1817
1795,1966
1795,1979
1795,2317
1795,3295
1795,3381
1795,3492
1795,3578
1795,3739
1795,3922
1795,4109
1795,4185
1795,4438
1795,4508
1795,4863
1795,4902
1795,5150
1795,5880
1795,5948
1795,6976
1795,7142
1795,7467
1796,42
1796,77
1796,89
1796,169
1796,183
1796,258
1796,319
1796,322
1796,351
1796,358
1796,359
1796,366
1796,369
1796,375
1796,392
1796,431
1796,455
1796,482
1796,562
1796,593
1796,596
1796,632
1796,659
1796,710
1796,722
1796,731
1796,736
1796,774
1796,836
1796,906
1796,924
1796,945
1796,958
1796,1018
1796,1097
1796,1152
1796,1165
1796,1178
1796,1399
1796,1421
1796,1447
1796,1513
1796,1517
1796,1545
1796,1612
1796,1634
1796,1663
1796,1671
1796,1684
1796,1690
1796,1723
1796,1727
1796,1738
1796,1744
1796,1792
1796,1805
1796,1899
1796,1902
1796,1942
1796,1993
1796,2115
1796,2198
1796,2206
1796,2244
1796,2267
1796,2307
1796,2380
1796,2381
1796,2432
1796,2521
1796,2540
1796,2541
1796,2553
1796,2637
1796,2645
1796,2650
1796,2906
1796,2921
1796,2958
1796,3001
1796,3008
1796,3027
1796,3049
1796,3050
1796,3051
1796,3074
1796,3079
1796,3138
1796,3160
1796,3251
1796,3274
1796,3279
1796,3353
1796,3377
1796,3403
1796,3438
1796,3446
1796,3545
1796,3551
1796,3582
1796,3623
1796,3648
1796,3692
1796,3703
1796,3721
1796,3748
1796,3782
1796,3808
1796,4023
1796,4024
1796,4071
1796,4074
1796,4095
1796,4157
1796,4161
1796,4164
1796,4176
1796,4188
1796,4241
1796,4402
1796,4453
1796,4483
1796,4484
1796,4510
1796,4531
1796,4538
1796,4546
1796,4578
1796,4588
1796,4590
1796,4642
1796,4658
1796,4669
1796,4679
1796,4688
1796,4768
1796,4805
1796,4806
1796,4870
1796,4928
1796,4934
1796,4941
1796,4979
1796,5048
1796,5070
1796,5108
1796,5139
1796,5148
1796,5201
1796,5234
1796,5241
1796,5290
1796,5348
1796,5359
1796,5365
1796,5372
1796,5404
1796,5415
1796,5538
1796,5637
1796,5646
1796,5791
1796,5799
1796,5833
1796,5878
1796,5881
1796,5903
1796,5937
1796,5979
1796,5982
1796,6021
1796,6066
1796,6077
1796,6082
1796,6152
1796,6183
1796,6188
1796,6313
1796,6315
1796,6342
1796,6361
1796,6397
1796,6398
1796,6414
1796,6449
1796,6592
1796,6597
1796,6634
1796,6669
1796,6673
1796,6678
1796,6702
1796,6787
1796,6847
1796,6849
1796,6850
1796,6852
1796,6882
1796,6887
1796,6923
1796,6930
1796,6978
1796,7003
1796,7021
1796,7023
1796,7091
1796,7097
1796,7103
1796,7143
1796,7170
1796,7181
1796,7203
1796,7337
1796,7352
1796,7353
1796,7428
1796,7440
1796,7464
1796,7477
1796,7511
1796,7539
1796,7577
1796,7607
1797,24
1797,28
1797,319
1797,540
1797,593
1797,622
1797,632
1797,906
1797,1017
1797,1058
1797,1152
1797,1517
1797,1723
1797,1744
1797,1838
1797,2095
1797,2102
1797,2198
1797,2239
1797,2336
1797,2553
1797,2581
1797,2615
1797,2628
1797,3020
1797,3049
1797,3160
1797,3445
1797,3469
1797,3648
1797,3704
1797,3720
1797,3799
1797,3946
1797,4376
1797,4380
1797,4573
1797,4641
1797,4670
1797,4805
1797,5013
1797,5042
1797,5070
1797,5108
1797,5234
1797,5241
1797,5255
1797,5415
1797,5441
1797,5496
1797,5584
1797,5881
1797,5982
1797,6354
1797,6414
1797,6475
1797,6673
1797,6702
1797,6807
1797,6847
1797,7003
1797,7266
1797,7477
1798,23
1798,33
1798,69
1798,77
1798,124
1798,169
1798,170
1798,201
1798,220
1798,240
1798,243
1798,254
1798,258
1798,260
1798,267
1798,278
1798,294
1798,304
1798,345
1798,346
1798,359
1798,369
1798,377
1798,421
1798,431
1798,455
1798,469
1798,473
1798,475
1798,479
1798,482
1798,500
1798,522
1798,538
1798,542
1798,553
1798,562
1798,593
1798,599
1798,657
1798,659
1798,693
1798,720
1798,726
1798,727
1798,762
1798,772
1798,774
1798,795
1798,813
1798,814
1798,816
1798,836
1798,854
1798,857
1798,863
1798,869
1798,903
1798,916
1798,939
1798,942
1798,951
1798,1011
1798,1022
1798,1067
1798,1093
1798,1105
1798,1113
1798,1167
1798,1170
1798,1210
1798,1214
1798,1218
1798,1226
1798,1249
1798,1254
1798,1268
1798,1286
1798,1293
1798,1330
1798,1349
1798,1350
1798,1368
1798,1370
1798,1415
1798,1421
1798,1431
1798,1456
1798,1478
1798,1485
1798,1492
1798,1513
1798,1524
1798,1540
1798,1545
1798,1582
1798,1592
1798,1614
1798,1621
1798,1663
1798,1668
1798,1671
1798,1684
1798,1708
1798,1735
1798,1738
1798,1744
1798,1747
1798,1784
1798,1833
1798,1840
1798,1847
1798,1854
1798,1880
1798,1902
1798,1907
1798,1942
1798,1945
1798,1965
1798,1999
1798,2010
1798,2013
1798,2039
1798,2040
1798,2087
1798,2106
1798,2115
1798,2128
1798,2159
1798,2173
1798,2193
1798,2198
1798,2239
1798,2262
1798,2290
1798,2294
1798,2302
1798,2307
1798,2313
1798,2365
1798,2380
1798,2381
1798,2396
1798,2406
1798,2427
1798,2432
1798,2441
1798,2479
1798,2485
1798,2521
1798,2540
1798,2549
1798,2571
1798,2575
1798,2617
1798,2661
1798,2671
1798,2725
1798,2730
1798,2745
1798,2812
1798,2814
1798,2852
1798,2855
1798,2859
1798,2882
1798,2888
1798,2911
1798,2916
1798,2921
1798,2938
1798,2974
1798,2991
1798,3039
1798,3051
1798,3066
1798,3073
1798,3079
1798,3093
1798,3138
1798,3149
1798,3177
1798,3178
1798,3183
1798,3184
1798,3188
1798,3196
1798,3225
1798,3226
1798,3234
1798,3237
1798,3261
1798,3264
1798,3279
1798,3297
1798,3347
1798,3357
1798,3363
1798,3373
1798,3377
1798,3406
1798,3408
1798,3428
1798,3459
1798,3476
1798,3502
1798,3593
1798,3613
1798,3616
1798,3623
1798,3627
1798,3646
1798,3659
1798,3683
1798,3693
1798,3713
1798,3721
1798,3734
1798,3748
1798,3756
1798,3762
1798,3768
1798,3804
1798,3808
1798,3859
1798,3897
1798,3898
1798,3926
1798,3930
1798,3947
1798,3950
1798,3954
1798,3958
1798,3970
1798,4023
1798,4074
1798,4086
1798,4090
1798,4091
1798,4095
1798,4114
1798,4157
1798,4161
1798,4162
1798,4167
1798,4184
1798,4210
1798,4243
1798,4262
1798,4286
1798,4290
1798,4303
1798,4326
1798,4333
1798,4350
1798,4355
1798,4376
1798,4384
1798,4385
1798,4402
1798,4465
1798,4474
1798,4510
1798,4511
1798,4578
1798,4590
1798,4608
1798,4616
1798,4642
1798,4658
1798,4669
1798,4712
1798,4734
1798,4737
1798,4787
1798,4801
1798,4806
1798,4827
1798,4839
1798,4870
1798,4871
1798,4928
1798,4971
1798,5008
1798,5015
1798,5039
1798,5070
1798,5095
1798,5103
1798,5139
1798,5160
1798,5195
1798,5199
1798,5201
1798,5205
1798,5258
1798,5261
1798,5290
1798,5296
1798,5302
1798,5344
1798,5362
1798,5371
1798,5381
1798,5399
1798,5404
1798,5518
1798,5525
1798,5538
1798,5557
1798,5612
1798,5646
1798,5689
1798,5714
1798,5730
1798,5740
1798,5744
1798,5756
1798,5797
1798,5799
1798,5816
1798,5859
1798,5945
1798,5955
1798,5961
1798,5966
1798,5967
1798,5975
1798,5976
1798,5979
1798,5982
1798,6016
1798,6024
1798,6054
1798,6066
1798,6075
1798,6077
1798,6082
1798,6135
1798,6156
1798,6188
1798,6208
1798,6216
1798,6265
1798,6291
1798,6313
1798,6315
1798,6335
1798,6397
1798,6414
1798,6449
1798,6461
1798,6462
1798,6484
1798,6492
1798,6497
1798,6510
1798,6540
1798,6551
1798,6560
1798,6562
1798,6597
1798,6634
1798,6640
1798,6646
1798,6658
1798,6678
1798,6702
1798,6704
1798,6706
1798,6707
1798,6714
1798,6731
1798,6736
1798,6754
1798,6760
1798,6778
1798,6787
1798,6801
1798,6802
1798,6810
1798,6848
1798,6882
1798,6887
1798,6892
1798,6906
1798,6907
1798,6930
1798,6933
1798,6968
1798,6971
1798,6978
1798,6981
1798,7003
1798,7010
1798,7023
1798,7044
1798,7046
1798,7059
1798,7070
1798,7071
1798,7079
1798,7085
1798,7091
1798,7103
1798,7114
1798,7166
1798,7170
1798,7174
1798,7180
1798,7197
1798,7203
1798,7215
1798,7231
1798,7278
1798,7280
1798,7294
1798,7331
1798,7353
1798,7369
1798,7385
1798,7428
1798,7464
1798,7465
1798,7487
1798,7520
1798,7535
1798,7536
1798,7537
1798,7568
1798,7580
1798,7597
1798,7607
1799,401
1799,1742
1799,1865
1799,2022
1799,2503
1799,3088
1799,3652
1799,4052
1799,4425
1799,4901
1799,4981
1799,5431
1799,6218
1799,6858
1799,6865
1799,6919
1799,7515
1800,2608
1800,3735
1800,4906
1800,5642
1800,6169
1801,1479
1801,2299
1801,3503
1801,3532
1801,7330
1801,7384
1801,7510
1802,308
1802,432
1802,583
1802,766
1802,1014
1802,1027
1802,1046
1802,1069
1802,1091
1802,1339
1802,1499
1802,1794
1802,1817
1802,1962
1802,2055
1802,2058
1802,2089
1802,2143
1802,2198
1802,2239
1802,2490
1802,2577
1802,2664
1802,2857
1802,2970
1802,2993
1802,3223
1802,3330
1802,3466
1802,3578
1802,3607
1802,3672
1802,3701
1802,3866
1802,3871
1802,3887
1802,3890
1802,3895
1802,3925
1802,3959
1802,4037
1802,4054
1802,4109
1802,4223
1802,4343
1802,4480
1802,4722
1802,4735
1802,4764
1802,4890
1802,5455
1802,5676
1802,5749
1802,5981
1802,6098
1802,6211
1802,6358
1802,6448
1802,6581
1802,6815
1802,7029
1802,7054
1802,7067
1802,7171
1802,7222
1802,7269
1802,7307
1802,7330
1802,7478
1802,7584
1802,7623
1803,316
1803,328
1803,661
1803,928
1803,937
1803,1264
1803,1630
1803,1709
1803,2768
1803,3272
1803,4666
1803,4739
1803,5387
1803,5555
1803,5588
1803,6519
1803,6679
1803,7188
1803,7566
1803,7630
1804,17
1804,112
1804,182
1804,256
1804,314
1804,740
1804,871
1804,933
1804,1065
1804,1128
1804,1446
1804,1502
1804,1523
1804,1617
1804,1909
1804,2101
1804,2148
1804,2154
1804,2291
1804,2328
1804,2774
1804,3127
1804,3258
1804,3293
1804,3424
1804,3530
1804,3656
1804,3754
1804,4146
1804,4800
1804,4943
1804,5034
1804,5053
1804,5153
1804,5169
1804,5237
1804,5432
1804,5515
1804,5697
1804,5698
1804,5731
1804,5860
1804,5867
1804,6090
1804,6130
1804,6138
1804,6200
1804,6376
1804,6482
1804,6681
1804,6806
1804,7136
1805,183
1805,369
1805,534
1805,593
1805,1498
1805,1513
1805,1663
1805,1744
1805,1796
1805,1899
1805,1942
1805,1993
1805,2124
1805,2198
1805,2340
1805,2553
1805,3440
1805,3974
1805,4023
1805,4067
1805,4074
1805,4538
1805,4578
1805,4590
1805,4669
1805,4774
1805,5015
1805,5241
1805,5348
1805,5359
1805,5637
1805,5744
1805,6361
1805,6414
1805,6551
1805,6597
1805,6673
1805,6702
1805,6754
1805,6849
1805,6978
1805,7280
1805,7568
1806,120
1806,423
1806,1021
1806,1234
1806,2362
1806,5673
1807,355
1807,932
1807,1149
1807,1151
1807,1740
1807,2168
1807,2413
1807,2874
1807,3147
1807,3231
1807,4005
1807,4279
1807,4544
1807,4611
1807,4980
1807,5046
1807,5104
1807,5803
1807,5834
1807,5870
1807,5951
1807,6402
1807,6988
1807,7126
1807,7243
1807,7449
1807,7460
1807,7472
1807,7509
1808,256
1808,355
1808,1065
1808,2064
1808,2168
1808,2413
1808,2534
1808,3511
1808,4202
1808,6130
1808,6144
1808,6376
1808,6396
1809,967
1809,1291
1809,1317
1809,2170
1809,2198
1809,2461
1809,3049
1809,3510
1809,3713
1809,4067
1809,4206
1809,4304
1809,4376
1809,4541
1809,4805
1809,5132
1809,5312
1809,7003
1810,225
1810,283
1810,499
1810,526
1810,785
1810,808
1810,892
1810,1291
1810,1448
1810,1919
1810,2215
1810,2402
1810,2536
1810,2579
1810,2856
1810,3083
1810,3443
1810,3559
1810,3920
1810,4067
1810,4069
1810,4153
1810,4584
1810,4917
1810,4940
1810,4957
1810,4990
1810,5170
1810,5513
1810,5648
1810,5739
1810,5798
1810,5832
1810,6036
1810,6427
1810,6458
1810,6630
1810,6785
1810,7047
1810,7077
1810,7131
1810,7240
1810,7322
1810,7512
1810,7608
1811,216
1811,324
1811,1412
1811,1743
1811,2508
1811,2516
1811,5250
1811,5272
1811,6532
1811,6965
1812,2126
1812,2347
1812,2752
1812,3894
1812,3979
1812,5210
1812,7063
1813,835
1813,2907
1813,7518
1814,3461
1814,4424
1814,4521
1814,6117
1814,6223
1814,6307
1814,7287
1815,1373
1815,1380
1815,3494
1815,3526
1815,3771
1815,5968
1816,242
1816,496
1816,927
1816,1340
1816,1450
1816,1750
1816,1964
1816,2379
1816,2492
1816,2764
1816,3197
1816,3467
1816,4019
1816,4051
1816,4089
1816,4137
1816,4238
1816,4633
1816,5122
1816,5402
1816,5414
1816,5563
1816,5802
1816,6307
1816,6418
1816,6647
1816,6838
1816,7155
1816,7417
1816,7442
1817,308
1817,336
1817,432
1817,434
1817,597
1817,766
1817,1069
1817,1091
1817,1241
1817,1343
1817,1426
1817,1494
1817,1546
1817,1619
1817,1795
1817,1802
1817,1966
1817,2055
1817,2089
1817,2198
1817,2258
1817,2368
1817,2372
1817,2425
1817,2595
1817,3158
1817,3162
1817,3223
1817,3466
1817,3480
1817,3578
1817,3866
1817,3895
1817,3925
1817,3994
1817,4040
1817,4054
1817,4185
1817,4376
1817,4438
1817,4480
1817,4672
1817,4790
1817,4805
1817,4851
1817,5179
1817,5348
1817,5589
1817,5943
1817,6098
1817,6128
1817,6531
1817,6907
1817,7005
1817,7029
1817,7067
1817,7125
1817,7142
1817,7171
1817,7307
1817,7467
1817,7584
1817,7587
1818,1772
1818,2757
1818,3376
1818,3741
1818,3903
1818,3924
1818,4008
1818,4280
1818,4673
1818,5914
1818,6623
1818,6653
1818,7504
1819,2666
1819,5927
1820,51
1820,73
1820,606
1820,1121
1820,1139
1820,1212
1820,1289
1820,1315
1820,1511
1820,1904
1820,2450
1820,3013
1820,4062
1820,4879
1820,4986
1820,5321
1820,5801
1820,6119
1820,6563
1820,6572
1820,6777
1820,7128
1820,7556
1821,1442
1821,1520
1821,1660
1821,3567
1821,3612
1821,4670
1821,5213
1821,5234
1821,5435
1821,5781
1821,5889
1821,6110
1821,6172
1821,6470
1821,6675
1821,7000
1822,1015
1822,1565
1822,1594
1822,1953
1822,2035
1822,2053
1822,2100
1822,2230
1822,2976
1822,3156
1822,3175
1822,3191
1822,3292
1822,4242
1822,4258
1822,4720
1822,4843
1822,4866
1822,5020
1822,5086
1822,5548
1822,5642
1822,5789
1822,6050
1822,6205
1822,6324
1822,6819
1822,7562
1822,7575
1822,7620
1823,83
1823,187
1823,231
1823,409
1823,1055
1823,1124
1823,1533
1823,1638
1823,2109
1823,2181
1823,2409
1823,2710
1823,2720
1823,2837
1823,3231
1823,3601
1823,3747
1823,3788
1823,3801
1823,4950
1823,4980
1823,5421
1823,5829
1823,6428
1823,6635
1823,7011
1823,7165
1823,7243
1824,19
1824,617
1824,709
1824,741
1824,783
1824,884
1824,2064
1824,3104
1824,3143
1824,3494
1824,3845
1824,4075
1824,4925
1824,5283
1824,5361
1824,5444
1824,5877
1824,6130
1824,6206
1824,6226
1824,6873
1824,7001
1824,7065
1824,7271
1824,7565
1825,7271
1826,85
1826,1284
1826,1453
1826,2198
1826,4376
1826,4384
1826,5556
1826,7079
1827,36
1827,167
1827,174
1827,412
1827,512
1827,537
1827,787
1827,1243
1827,1280
1827,1346
1827,1389
1827,1531
1827,1709
1827,1734
1827,2180
1827,2250
1827,2804
1827,2854
1827,2861
1827,2895
1827,3024
1827,3091
1827,3116
1827,3164
1827,3316
1827,3326
1827,3371
1827,3529
1827,3825
1827,4038
1827,4126
1827,4264
1827,4274
1827,4298
1827,4897
1827,4956
1827,5066
1827,5236
1827,5628
1827,5755
1827,5849
1827,6099
1827,6143
1827,6357
1827,6479
1827,6520
1827,6852
1827,6865
1827,6876
1827,7014
1827,7118
1827,7295
1828,2507
1828,2720
1828,4544
1828,5762
1828,6635
1828,7243
1829,835
1829,2385
1829,2686
1829,3095
1829,3344
1829,3387
1829,3817
1829,4489
1829,4551
1829,4805
1829,5123
1829,5142
1829,5158
1829,5354
1829,5682
1829,6438
1829,6839
1830,653
1830,663
1830,679
1830,1126
1830,1475
1830,1622
1830,1889
1830,2067
1830,2652
1830,2656
1830,3441
1830,3500
1830,4475
1830,5383
1830,6106
1830,6185
1830,7214
1830,7629
1831,137
1831,229
1831,299
1831,551
1831,881
1831,919
1831,947
1831,1453
1831,1472
1831,1551
1831,1610
1831,1707
1831,1896
1831,1958
1831,2028
1831,2198
1831,2239
1831,2332
1831,2418
1831,2522
1831,2663
1831,2751
1831,2795
1831,2993
1831,3277
1831,3359
1831,3370
1831,3503
1831,3538
1831,3671
1831,3698
1831,3710
1831,3895
1831,3944
1831,4317
1831,4384
1831,4422
1831,4433
1831,4733
1831,4987
1831,5022
1831,5150
1831,5305
1831,5375
1831,5420
1831,5461
1831,5467
1831,5614
1831,5650
1831,5772
1831,6001
1831,6411
1831,6733
1831,6828
1831,6951
1831,7196
1831,7305
1832,301
1832,434
1832,613
1832,631
1832,1052
1832,1362
1832,1496
1832,1653
1832,2016
1832,3145
1832,3265
1832,3767
1832,3956
1832,4094
1832,4121
1832,4451
1832,4501
1832,4621
1832,5466
1832,5527
1832,5912
1832,6041
1832,6378
1833,260
1833,593
1833,869
1833,1058
1833,1249
1833,1284
1833,1570
1833,1668
1833,1798
1833,1842
1833,2571
1833,2711
1833,3347
1833,3456
1833,3646
1833,3748
1833,4326
1833,4376
1833,4787
1833,4806
1833,4847
1833,5707
1833,5945
1833,5976
1833,6265
1833,6492
1833,6551
1833,6707
1833,6801
1833,6804
1833,7044
1833,7280
1833,7296
1833,7464
1833,7535
1834,28
1834,1280
1834,2198
1834,2286
1834,3856
1834,5708
1834,6887
1835,932
1835,2318
1835,2528
1835,3361
1835,3879
1835,4237
1835,4399
1835,5271
1835,6113
1835,6133
1835,6550
1835,7230
1836,814
1836,1584
1836,3093
1836,4213
1837,68
1837,104
1837,281
1837,348
1837,354
1837,396
1837,416
1837,451
1837,452
1837,457
1837,547
1837,574
1837,594
1837,624
1837,635
1837,792
1837,799
1837,823
1837,929
1837,1025
1837,1033
1837,1114
1837,1147
1837,1154
1837,1168
1837,1199
1837,1201
1837,1203
1837,1231
1837,1265
1837,1300
1837,1318
1837,1349
1837,1366
1837,1384
1837,1387
1837,1462
1837,1542
1837,1557
1837,1571
1837,1576
1837,1590
1837,1602
1837,1605
1837,1713
1837,1754
1837,1779
1837,1968
1837,1971
1837,2020
1837,2172
1837,2203
1837,2276
1837,2278
1837,2403
1837,2578
1837,2580
1837,2642
1837,2692
1837,2696
1837,2716
1837,2735
1837,2841
1837,2846
1837,2858
1837,2919
1837,2937
1837,3055
1837,3110
1837,3254
1837,3286
1837,3301
1837,3338
1837,3402
1837,3418
1837,3505
1837,3522
1837,3535
1837,3769
1837,3943
1837,4011
1837,4036
1837,4059
1837,4119
1837,4132
1837,4139
1837,4166
1837,4444
1837,4481
1837,4547
1837,4550
1837,4568
1837,4825
1837,4844
1837,4927
1837,4977
1837,4998
1837,5021
1837,5055
1837,5073
1837,5112
1837,5149
1837,5193
1837,5196
1837,5233
1837,5246
1837,5353
1837,5590
1837,5712
1837,5766
1837,6011
1837,6158
1837,6204
1837,6292
1837,6375
1837,6455
1837,6498
1837,6638
1837,6659
1837,6697
1837,6710
1837,6833
1837,6863
1837,6883
1837,6932
1837,6938
1837,6943
1837,6949
1837,6963
1837,7028
1837,7040
1837,7148
1837,7301
1837,7533
1837,7567
1837,7571
1837,7625
1838,593
1838,659
1838,774
1838,811
1838,1186
1838,1351
1838,1744
1838,1797
1838,1899
1838,2380
1838,2406
1838,2553
1838,2598
1838,2628
1838,2649
1838,2929
1838,3051
1838,3081
1838,3138
1838,3185
1838,3373
1838,3422
1838,3445
1838,3623
1838,3683
1838,3704
1838,4638
1838,5013
1838,5077
1838,5328
1838,5362
1838,5372
1838,5404
1838,5493
1838,5518
1838,5543
1838,5734
1838,5769
1838,5780
1838,5853
1838,5897
1838,5904
1838,6381
1838,6414
1838,6526
1838,6688
1838,6702
1838,6787
1838,7021
1838,7215
1838,7247
1838,7477
1839,414
1839,1559
1839,1632
1839,1765
1839,2467
1839,2616
1839,3752
1839,3764
1839,4192
1839,4818
1839,6056
1839,6616
1839,7082
1839,7189
1839,7595
1840,23
1840,85
1840,260
1840,304
1840,369
1840,475
1840,593
1840,789
1840,958
1840,1011
1840,1113
1840,1210
1840,1415
1840,1431
1840,1485
1840,1747
1840,1784
1840,1798
1840,1959
1840,2013
1840,2106
1840,2198
1840,2239
1840,2313
1840,2370
1840,2571
1840,2711
1840,2866
1840,2911
1840,3185
1840,3459
1840,3538
1840,3748
1840,3756
1840,3970
1840,4080
1840,4184
1840,4286
1840,4355
1840,4376
1840,4384
1840,4420
1840,4422
1840,4806
1840,4952
1840,5099
1840,5296
1840,5404
1840,5412
1840,5490
1840,5661
1840,5707
1840,5740
1840,5955
1840,5976
1840,6024
1840,6208
1840,6551
1840,6562
1840,6702
1840,6707
1840,6760
1840,6906
1840,7071
1840,7150
1840,7166
1840,7296
1840,7319
1840,7464
1840,7535
1840,7572
1840,7582
1840,7607
1841,126
1841,656
1841,819
1841,932
1841,1115
1841,1262
1841,1791
1841,1920
1841,2318
1841,2388
1841,2391
1841,2528
1841,3879
1841,4237
1841,4516
1841,4945
1841,5027
1841,5140
1841,5827
1841,6221
1841,6286
1841,6347
1841,6401
1841,6480
1841,6635
1841,6948
1841,7141
1841,7275
1841,7347
1841,7460
1841,7565
1842,260
1842,304
1842,869
1842,951
1842,1067
1842,1634
1842,1668
1842,1833
1842,1965
1842,2115
1842,2128
1842,2339
1842,2711
1842,3510
1842,4067
1842,4384
1842,4787
1842,5371
1842,5404
1842,5641
1842,5646
1842,5955
1842,5976
1842,6492
1842,6551
1842,6801
1842,6804
1842,6952
1843,502
1843,771
1843,3330
1843,3421
1843,3691
1843,3871
1843,3959
1843,5280
1843,5957
1844,44
1844,799
1844,929
1844,1577
1844,1971
1844,2188
1844,2580
1844,3321
1844,3541
1844,3568
1844,3857
1844,4468
1844,4906
1844,6415
1844,7499
1845,22
1845,273
1845,554
1845,557
1845,763
1845,1079
1845,1656
1845,2240
1845,3903
1845,3924
1845,3941
1845,3997
1845,4143
1845,4426
1845,4673
1845,6125
1845,6653
1845,6874
1845,7615
1846,2790
1846,3754
1846,4937
1846,5153
1846,6130
1846,6806
1846,7291
1847,593
1847,626
1847,727
1847,813
1847,1058
1847,1113
1847,1249
1847,1330
1847,1415
1847,1453
1847,1723
1847,1798
1847,2039
1847,2106
1847,2198
1847,2239
1847,2571
1847,3226
1847,3538
1847,3693
1847,3748
1847,3895
1847,4162
1847,4253
1847,4376
1847,4934
1847,5132
1847,5404
1847,5538
1847,5799
1847,6551
1847,6702
1847,6707
1847,7071
1847,7464
1847,7568
1847,7572
1848,368
1848,437
1848,3200
1848,3639
1848,3863
1848,3971
1848,4134
1848,4364
1848,4597
1848,4652
1848,4929
1848,5900
1848,6862
1848,7199
1848,7326
1849,275
1849,316
1849,328
1849,463
1849,516
1849,787
1849,801
1849,806
1849,909
1849,928
1849,1122
1849,1391
1849,1504
1849,1583
1849,1685
1849,1696
1849,1969
1849,1983
1849,2090
1849,2103
1849,2132
1849,2134
1849,2189
1849,2260
1849,2387
1849,2474
1849,2635
1849,2768
1849,3090
1849,3272
1849,3291
1849,3305
1849,3324
1849,3392
1849,3543
1849,3565
1849,3597
1849,3663
1849,3714
1849,3820
1849,4142
1849,4264
1849,4281
1849,4554
1849,4614
1849,4619
1849,4728
1849,4739
1849,4751
1849,4759
1849,5602
1849,5662
1849,5828
1849,6212
1849,6257
1849,6391
1849,6520
1849,6534
1849,6772
1849,6997
1849,7118
1849,7272
1849,7366
1849,7555
1850,24
1850,593
1850,1280
1850,2198
1850,2239
1850,2541
1850,2689
1850,4641
1850,5297
1850,6702
1850,7395
1851,661
1851,972
1851,1630
1851,2037
1851,3528
1851,3663
1851,4583
1851,4666
1851,6046
1851,6679
1851,7118
1851,7255
1851,7566
1852,7
1852,158
1852,247
1852,337
1852,399
1852,441
1852,491
1852,890
1852,935
1852,1053
1852,1204
1852,1306
1852,2054
1852,2180
1852,2321
1852,2957
1852,3048
1852,3057
1852,3204
1852,3315
1852,3420
1852,3489
1852,3806
1852,3811
1852,3843
1852,4035
1852,4126
1852,4133
1852,4224
1852,4265
1852,4623
1852,4855
1852,5161
1852,5274
1852,5395
1852,5600
1852,5915
1852,5977
1852,5995
1852,6081
1852,6151
1852,6213
1852,6255
1852,6380
1852,6525
1852,6607
1852,6650
1852,6687
1852,6894
1852,7092
1853,100
1853,648
1853,747
1853,998
1853,1284
1853,1597
1853,1655
1853,2049
1853,2198
1853,2274
1853,2431
1853,3005
1853,3049
1853,3566
1853,3635
1853,4282
1853,4368
1853,4378
1853,4384
1853,4454
1853,4577
1853,5132
1853,5145
1853,5550
1853,6165
1853,6258
1853,6651
1853,6954
1854,85
1854,109
1854,283
1854,304
1854,357
1854,593
1854,693
1854,766
1854,921
1854,1058
1854,1268
1854,1284
1854,1357
1854,1415
1854,1453
1854,1575
1854,1655
1854,1671
1854,1798
1854,2143
1854,2198
1854,2215
1854,2239
1854,2370
1854,2595
1854,2770
1854,3015
1854,3068
1854,3183
1854,3184
1854,3311
1854,3330
1854,3334
1854,3384
1854,3510
1854,3672
1854,3748
1854,3758
1854,3796
1854,3895
1854,4067
1854,4164
1854,4371
1854,4376
1854,4384
1854,4570
1854,4622
1854,4670
1854,4680
1854,4805
1854,5132
1854,5143
1854,5203
1854,5212
1854,5251
1854,5296
1854,5404
1854,5455
1854,5853
1854,6098
1854,6140
1854,6354
1854,6702
1854,6705
1854,6825
1854,6992
1854,7067
1854,7278
1854,7296
1854,7464
1855,423
1855,1262
1855,1857
1855,2638
1855,4237
1855,5673
1855,6138
1856,873
1856,1650
1856,1674
1856,2505
1856,3038
1856,3154
1856,3233
1856,3327
1856,5705
1856,6241
1856,6433
1856,6741
1856,6941
1856,7377
1857,230
1857,902
1857,932
1857,1375
1857,1855
1857,2720
1857,4237
1857,5027
1857,6130
1858,147
1858,510
1858,561
1858,746
1858,1223
1858,2853
1858,3211
1858,3255
1858,4423
1858,4564
1858,4711
1858,5928
1858,6311
1858,6609
1858,6625
1858,6924
1858,7598
1859,526
1859,1873
1859,2215
1859,4067
1859,4273
1859,6909
1860,85
1860,260
1860,916
1860,1293
1860,1453
1860,1621
1860,2040
1860,2106
1860,2370
1860,2377
1860,2911
1860,3183
1860,3311
1860,3370
1860,3408
1860,3538
1860,3698
1860,3748
1860,3895
1860,4080
1860,4303
1860,4376
1860,4384
1860,4803
1860,4952
1860,5222
1860,5278
1860,5296
1860,5412
1860,5641
1860,5859
1860,6297
1860,6551
1860,6618
1860,6738
1860,6760
1860,6811
1860,6920
1860,7197
1860,7252
1860,7582
1861,2180
1861,3562
1861,5236
1861,6764
1862,85
1862,98
1862,192
1862,260
1862,287
1862,415
1862,475
1862,576
1862,726
1862,942
1862,1063
1862,1067
1862,1091
1862,1210
1862,1249
1862,1370
1862,1453
1862,1631
1862,1665
1862,1667
1862,1884
1862,1904
1862,1959
1862,2049
1862,2175
1862,2198
1862,2239
1862,2370
1862,2392
1862,2406
1862,2431
1862,2441
1862,2461
1862,2479
1862,2558
1862,2798
1862,2855
1862,2881
1862,2981
1862,3049
1862,3070
1862,3114
1862,3177
1862,3184
1862,3234
1862,3264
1862,3311
1862,3377
1862,3473
1862,3493
1862,3521
1862,3538
1862,3692
1862,3710
1862,3748
1862,3796
1862,3996
1862,4080
1862,4096
1862,4157
1862,4210
1862,4216
1862,4228
1862,4376
1862,4384
1862,4541
1862,4592
1862,4616
1862,4670
1862,4714
1862,4803
1862,4805
1862,4836
1862,4845
1862,4952
1862,4983
1862,5068
1862,5070
1862,5231
1862,5286
1862,5296
1862,5304
1862,5332
1862,5404
1862,5459
1862,5490
1862,5507
1862,5531
1862,5623
1862,5641
1862,5649
1862,5707
1862,5740
1862,5816
1862,5832
1862,5833
1862,5840
1862,5855
1862,5937
1862,5987
1862,6047
1862,6075
1862,6193
1862,6228
1862,6354
1862,6403
1862,6487
1862,6562
1862,6588
1862,6787
1862,6801
1862,6954
1862,6961
1862,6984
1862,7018
1862,7046
1862,7195
1862,7289
1862,7320
1862,7369
1862,7385
1862,7448
1862,7553
1862,7582
1863,972
1863,1280
1863,1630
1863,1767
1863,2037
1863,2250
1863,2281
1863,2357
1863,2419
1863,2626
1863,3036
1863,3528
1863,3575
1863,3698
1863,4300
1863,4666
1863,4956
1863,4958
1863,5066
1863,5329
1863,5588
1863,5668
1863,6078
1863,6502
1863,7255
1863,7284
1863,7380
1863,7402
1863,7630
1864,786
1864,1037
1864,1038
1864,1221
1864,1504
1864,1630
1864,1696
1864,1759
1864,1766
1864,2114
1864,2132
1864,2260
1864,2281
1864,2357
1864,2474
1864,2557
1864,2609
1864,2643
1864,2728
1864,3167
1864,3528
1864,3553
1864,3597
1864,3874
1864,4034
1864,4048
1864,4142
1864,4245
1864,4548
1864,4554
1864,4666
1864,4739
1864,4741
1864,4772
1864,4819
1864,4881
1864,5306
1864,5529
1864,5828
1864,5978
1864,6046
1864,6104
1864,6534
1864,6679
1864,6956
1864,7075
1864,7124
1864,7255
1864,7470
1865,323
1865,825
1865,842
1865,1742
1865,1799
1865,2022
1865,2050
1865,2503
1865,2737
1865,3652
1865,3797
1865,3940
1865,4052
1865,4175
1865,4298
1865,4425
1865,4675
1865,4901
1865,5431
1865,5565
1865,5831
1865,6218
1865,6858
1865,6919
1865,7249
1865,7515
1865,7642
1865,7645
1866,89
1866,226
1866,258
1866,593
1866,2198
1866,3987
1866,6678
1866,6702
1867,174
1867,517
1867,541
1867,767
1867,877
1867,2099
1867,2250
1867,2324
1867,2822
1867,2854
1867,2861
1867,3006
1867,3024
1867,3523
1867,3558
1867,4236
1867,4281
1867,4758
1867,5658
1867,6383
1867,6465
1867,6520
1867,6913
1867,7013
1867,7014
1867,7060
1867,7124
1867,7272
1867,7366
1868,2318
1868,2388
1868,3231
1868,3879
1868,5429
1868,7460
1869,171
1869,589
1869,941
1869,1068
1869,2379
1869,3219
1869,3437
1869,3586
1869,3735
1869,3872
1869,4193
1869,4238
1869,4677
1869,5684
1869,6768
1869,6814
1869,7620
1870,621
1870,2162
1870,2390
1870,3329
1870,4482
1870,4507
1870,4621
1870,5422
1870,5604
1870,5907
1870,6274
1870,7078
1870,7579
1870,7591
1871,593
1871,599
1871,766
1871,2124
1871,2198
1871,2553
1871,3895
1871,5538
1871,6673
1871,6678
1871,6702
1871,6736
1871,7572
1872,389
1872,393
1872,1098
1872,1776
1872,1975
1872,2239
1872,2586
1872,3216
1872,3277
1872,3561
1872,3834
1872,3849
1872,3888
1872,3889
1872,3983
1872,4154
1872,4294
1872,4373
1872,4522
1872,4565
1872,4731
1872,5022
1872,5317
1872,5376
1872,5433
1872,5474
1872,6069
1872,6210
1872,6403
1872,6604
1872,6775
1872,7020
1872,7032
1872,7290
1872,7330
1872,7373
1872,7510
1872,7524
1872,7592
1873,526
1873,1291
1873,1859
1873,3559
1873,6909
1874,369
1874,593
1874,1663
1874,2215
1874,2620
1874,3185
1874,3648
1874,4578
1874,5799
1874,6702
1874,7103
1874,7280
1874,7607
1875,116
1875,576
1875,593
1875,723
1875,766
1875,835
1875,1210
1875,1339
1875,1357
1875,1418
1875,1667
1875,1695
1875,1790
1875,1884
1875,2198
1875,2233
1875,2239
1875,2340
1875,2372
1875,2586
1875,2816
1875,3115
1875,3152
1875,3160
1875,3203
1875,3578
1875,3718
1875,3796
1875,3866
1875,4164
1875,4216
1875,4304
1875,4376
1875,4592
1875,4670
1875,4714
1875,4805
1875,5037
1875,5068
1875,5556
1875,5651
1875,6098
1875,6409
1875,6414
1875,6424
1875,6702
1875,6945
1875,7036
1875,7151
1875,7164
1875,7446
1875,7467
1875,7553
1876,874
1876,4376
1876,4595
1876,4805
1876,5967
1876,7219
1877,162
1877,229
1877,305
1877,443
1877,616
1877,1586
1877,1707
1877,1929
1877,1961
1877,2201
1877,2239
1877,2751
1877,2996
1877,3022
1877,3049
1877,3101
1877,3359
1877,3698
1877,4376
1877,4422
1877,4433
1877,4805
1877,5146
1877,5305
1877,5467
1877,5614
1877,5772
1877,6078
1877,6411
1877,6511
1877,6828
1877,7196
1877,7305
1877,7374
1877,7395
1877,7467
1878,2464
1878,3728
1878,4030
1878,5792
1878,6471
1878,6857
1878,7242
1879,1403
1879,1924
1879,2539
1879,2709
1879,3197
1879,3483
1879,4582
1879,4810
1879,7442
1880,14
1880,85
1880,260
1880,304
1880,552
1880,593
1880,1058
1880,1268
1880,1453
1880,1798
1880,1965
1880,2039
1880,2129
1880,2198
1880,2239
1880,2370
1880,2571
1880,2618
1880,3311
1880,3408
1880,3748
1880,4164
1880,4376
1880,4384
1880,4616
1880,4806
1880,5404
1880,5707
1880,5881
1880,6551
1880,6701
1880,6707
1880,7071
1880,7582
1881,10
1881,349
1881,605
1881,981
1881,1041
1881,1334
1881,1616
1881,1736
1881,1980
1881,2250
1881,2337
1881,2435
1881,2623
1881,2777
1881,3415
1881,3583
1881,3678
1881,3711
1881,3717
1881,3749
1881,3992
1881,4245
1881,4509
1881,4772
1881,4829
1881,4992
1881,5509
1881,5868
1881,5929
1881,6357
1881,6557
1881,6628
1881,6665
1881,6876
1881,7308
1881,7348
1881,7437
1881,7458
1881,7513
1882,561
1882,4663
1883,258
1883,593
1883,1663
1883,2198
1883,4402
1883,4578
1883,6702
1883,7280
1883,7395
1884,986
1884,1058
1884,1284
1884,1414
1884,1575
1884,1631
1884,1651
1884,1695
1884,1753
1884,1862
1884,1875
1884,2170
1884,3114
1884,3203
1884,3672
1884,3895
1884,4067
1884,4216
1884,4269
1884,4365
1884,4376
1884,4466
1884,4670
1884,4805
1884,4874
1884,5231
1884,5251
1884,5304
1884,6193
1884,6553
1884,6769
1884,6952
1884,6954
1884,7147
1884,7349
1884,7448
1884,7481
1884,7519
1884,7585
1885,906
1885,3353
1885,4641
1885,6702
1886,799
1886,1342
1886,2020
1886,2105
1886,4396
1886,4765
1886,5023
1886,5389
1886,6798
1887,835
1887,5144
1887,6747
1888,564
1888,1358
1888,2096
1888,2263
1888,3478
1888,3484
1888,3555
1888,4430
1888,5192
1888,5625
1888,5636
1888,6162
1888,7235
1889,147
1889,481
1889,679
1889,744
1889,812
1889,837
1889,855
1889,1096
1889,1223
1889,1477
1889,1622
1889,1830
1889,2827
1889,3180
1889,3449
1889,3733
1889,3904
1889,4123
1889,4244
1889,4411
1889,4475
1889,4485
1889,4487
1889,4498
1889,4607
1889,4663
1889,4933
1889,6106
1889,6488
1889,6829
1889,6972
1889,7263
1889,7383
1889,7489
1890,1207
1890,1793
1890,1968
1890,3519
1890,4079
1890,5096
1890,5956
1890,7002
1890,7138
1890,7199
1891,1001
1891,1188
1891,1388
1891,2570
1891,2863
1891,3883
1891,4094
1891,4532
1891,4913
1891,5168
1891,5771
1891,5787
1891,5796
1891,6058
1892,855
1892,3904
1892,7033
1892,7383
1892,7620
1893,846
1893,5417
1893,5535
1893,5986
1893,6358
1894,456
1894,881
1894,1185
1894,1429
1894,2113
1894,2299
1894,2455
1894,2586
1894,2626
1894,3503
1894,4376
1894,4735
1894,5511
1894,5993
1894,6588
1894,6807
1894,7032
1894,7330
1894,7384
1895,158
1895,491
1895,645
1895,890
1895,1213
1895,1411
1895,1564
1895,2054
1895,2250
1895,2504
1895,4363
1895,5236
1895,5393
1895,5427
1895,5599
1895,5727
1895,6127
1895,6607
1895,6680
1895,6871
1895,7378
1896,40
1896,73
1896,198
1896,305
1896,456
1896,551
1896,803
1896,1679
1896,1831
1896,2332
1896,2384
1896,2751
1896,2941
1896,3072
1896,3664
1896,3765
1896,4163
1896,4173
1896,4294
1896,4406
1896,4479
1896,5561
1896,6001
1896,6078
1896,6105
1896,6395
1896,6815
1896,7468
1896,7550
1897,3848
1897,5130
1897,7228
1898,129
1898,593
1898,727
1898,1058
1898,3748
1898,3958
1898,4164
1899,24
1899,28
1899,61
1899,77
1899,79
1899,89
1899,134
1899,169
1899,183
1899,233
1899,258
1899,261
1899,287
1899,309
1899,322
1899,358
1899,366
1899,369
1899,377
1899,380
1899,400
1899,431
1899,455
1899,456
1899,469
1899,482
1899,522
1899,540
1899,593
1899,599
1899,622
1899,659
1899,710
1899,732
1899,770
1899,774
1899,800
1899,811
1899,813
1899,849
1899,900
1899,920
1899,924
1899,1018
1899,1024
1899,1082
1899,1090
1899,1097
1899,1100
1899,1102
1899,1152
1899,1165
1899,1178
1899,1206
1899,1249
1899,1280
1899,1286
1899,1305
1899,1316
1899,1421
1899,1429
1899,1447
1899,1476
1899,1513
1899,1517
1899,1548
1899,1569
1899,1582
1899,1614
1899,1620
1899,1639
1899,1659
1899,1663
1899,1684
1899,1698
1899,1705
1899,1708
1899,1711
1899,1723
1899,1738
1899,1744
1899,1763
1899,1796
1899,1805
1899,1838
1899,1962
1899,1993
1899,1997
1899,2030
1899,2095
1899,2102
1899,2123
1899,2170
1899,2173
1899,2198
1899,2206
1899,2239
1899,2294
1899,2336
1899,2340
1899,2406
1899,2407
1899,2423
1899,2432
1899,2540
1899,2541
1899,2553
1899,2573
1899,2575
1899,2581
1899,2587
1899,2615
1899,2637
1899,2645
1899,2675
1899,2689
1899,2782
1899,2804
1899,2826
1899,2859
1899,2866
1899,2871
1899,2904
1899,2906
1899,2913
1899,2931
1899,2938
1899,2995
1899,3008
1899,3020
1899,3027
1899,3051
1899,3074
1899,3105
1899,3185
1899,3221
1899,3237
1899,3278
1899,3363
1899,3377
1899,3379
1899,3380
1899,3419
1899,3422
1899,3438
1899,3446
1899,3502
1899,3512
1899,3545
1899,3551
1899,3578
1899,3623
1899,3648
1899,3799
1899,3808
1899,3856
1899,3858
1899,3876
1899,3947
1899,3987
1899,4012
1899,4013
1899,4023
1899,4074
1899,4127
1899,4156
1899,4164
1899,4188
1899,4212
1899,4217
1899,4241
1899,4278
1899,4295
1899,4337
1899,4347
1899,4352
1899,4376
1899,4388
1899,4392
1899,4393
1899,4402
1899,4453
1899,4463
1899,4510
1899,4526
1899,4531
1899,4538
1899,4546
1899,4553
1899,4578
1899,4586
1899,4590
1899,4630
1899,4638
1899,4641
1899,4662
1899,4669
1899,4688
1899,4791
1899,4805
1899,4816
1899,4864
1899,4895
1899,4934
1899,4941
1899,4954
1899,4983
1899,5006
1899,5013
1899,5042
1899,5048
1899,5049
1899,5050
1899,5054
1899,5070
1899,5097
1899,5139
1899,5148
1899,5201
1899,5205
1899,5255
1899,5290
1899,5311
1899,5348
1899,5365
1899,5372
1899,5385
1899,5399
1899,5442
1899,5493
1899,5543
1899,5551
1899,5584
1899,5649
1899,5654
1899,5669
1899,5703
1899,5708
1899,5734
1899,5744
1899,5764
1899,5833
1899,5878
1899,5881
1899,5897
1899,5903
1899,5909
1899,5949
1899,5979
1899,5982
1899,6054
1899,6082
1899,6137
1899,6152
1899,6180
1899,6183
1899,6188
1899,6215
1899,6315
1899,6321
1899,6335
1899,6381
1899,6414
1899,6505
1899,6597
1899,6634
1899,6649
1899,6669
1899,6673
1899,6688
1899,6692
1899,6702
1899,6706
1899,6707
1899,6759
1899,6790
1899,6800
1899,6807
1899,6847
1899,6887
1899,6907
1899,6945
1899,6990
1899,7010
1899,7021
1899,7103
1899,7105
1899,7139
1899,7150
1899,7167
1899,7170
1899,7181
1899,7203
1899,7204
1899,7215
1899,7266
1899,7276
1899,7280
1899,7311
1899,7319
1899,7337
1899,7346
1899,7352
1899,7353
1899,7364
1899,7395
1899,7413
1899,7428
1899,7440
1899,7464
1899,7471
1899,7477
1899,7526
1899,7527
1899,7540
1899,7572
1899,7577
1899,7607
1899,7610
1899,7619
1900,186
1900,335
1900,879
1900,1785
1900,2235
1900,2364
1900,2667
1900,2895
1900,2899
1900,2953
1900,3283
1900,3961
1900,4105
1900,4403
1900,4666
1900,4905
1900,5117
1900,5619
1900,5711
1900,5849
1900,6010
1900,7411
1900,7506
1901,95
1901,495
1901,1390
1901,1726
1901,1769
1901,2794
1901,3040
1901,3209
1901,3864
1901,4672
1901,4683
1901,5193
1901,5719
1901,5865
1901,5869
1901,6503
1901,6747
1901,6822
1902,593
1902,1113
1902,1796
1902,1798
1902,3093
1902,3756
1902,3804
1902,4213
1902,4641
1902,5404
1902,6461
1902,6551
1902,6702
1902,7477
1902,7487
1902,7535
1903,120
1903,131
1903,166
1903,745
1903,886
1903,1162
1903,1234
1903,1303
1903,1487
1903,1593
1903,2064
1903,2333
1903,2362
1903,2674
1903,2774
1903,2943
1903,3210
1903,3424
1903,3905
1903,3908
1903,4088
1903,4149
1903,4287
1903,4610
1903,4615
1903,4655
1903,4813
1903,4993
1903,5256
1903,5336
1903,5591
1903,5927
1903,6094
1903,6396
1903,6419
1903,6453
1903,6482
1903,6855
1903,7133
1903,7198
1903,7257
1903,7342
1903,7631
1904,51
1904,73
1904,331
1904,606
1904,834
1904,856
1904,1139
1904,1212
1904,1289
1904,1315
1904,1820
1904,1862
1904,1984
1904,2225
1904,2277
1904,2392
1904,2588
1904,2821
1904,2901
1904,2959
1904,3013
1904,3320
1904,3698
1904,4745
1904,4986
1904,5101
1904,5321
1904,5368
1904,5433
1904,5461
1904,5571
1904,5801
1904,6119
1904,6178
1904,6266
1904,6328
1904,6558
1904,6563
1904,6572
1904,6740
1904,6777
1904,6920
1904,7107
1904,7128
1904,7153
1904,7195
1904,7556
1904,7596
1905,28
1905,72
1905,485
1905,575
1905,750
1905,751
1905,931
1905,1005
1905,1045
1905,1060
1905,1125
1905,1280
1905,1353
1905,1429
1905,1544
1905,1596
1905,1633
1905,1689
1905,1930
1905,1961
1905,1981
1905,2198
1905,2304
1905,2561
1905,2565
1905,2746
1905,2804
1905,3035
1905,3109
1905,3152
1905,3271
1905,3310
1905,3369
1905,3577
1905,3605
1905,3802
1905,3928
1905,4100
1905,4295
1905,4473
1905,4805
1905,4810
1905,4959
1905,5109
1905,5191
1905,5209
1905,5498
1905,5696
1905,5843
1905,6085
1905,6134
1905,6269
1905,6354
1905,6422
1905,6450
1905,6572
1905,6593
1905,6600
1905,6629
1905,6722
1905,6726
1905,6807
1905,7392
1905,7467
1905,7503
1905,7596
1906,325
1906,918
1906,1950
1906,1984
1906,2315
1906,2392
1906,2872
1906,3142
1906,3524
1906,3705
1906,4518
1906,4521
1906,5101
1906,5422
1906,5423
1906,5633
1906,6178
1906,6501
1906,7107
1906,7112
1906,7175
1906,7455
1906,7498
1907,23
1907,267
1907,369
1907,431
1907,593
1907,1293
1907,1350
1907,1368
1907,1513
1907,1663
1907,1738
1907,1798
1907,2013
1907,2106
1907,2377
1907,2396
1907,2586
1907,2832
1907,2911
1907,3183
1907,3184
1907,3895
1907,3897
1907,3970
1907,4350
1907,4376
1907,4384
1907,4578
1907,4680
1907,4712
1907,4952
1907,4983
1907,5015
1907,5160
1907,5296
1907,5399
1907,5756
1907,6156
1907,6183
1907,6208
1907,6313
1907,6449
1907,6551
1907,6702
1907,6707
1907,7085
1907,7330
1907,7464
1907,7568
1908,479
1908,562
1908,659
1908,841
1908,1058
1908,1210
1908,1211
1908,1266
1908,1357
1908,1517
1908,1959
1908,2198
1908,2410
1908,2808
1908,2911
1908,3061
1908,3183
1908,3185
1908,3538
1908,3748
1908,4113
1908,4376
1908,4384
1908,4570
1908,4870
1908,5048
1908,5070
1908,5194
1908,5404
1908,5518
1908,5649
1908,6024
1908,6492
1908,6576
1908,6787
1908,6887
1908,6968
1908,7097
1908,7320
1908,7369
1908,7582
1909,17
1909,120
1909,182
1909,256
1909,314
1909,520
1909,656
1909,695
1909,699
1909,745
1909,884
1909,933
1909,982
1909,1065
1909,1128
1909,1162
1909,1234
1909,1247
1909,1446
1909,1502
1909,1523
1909,1567
1909,1791
1909,1804
1909,2148
1909,2196
1909,2362
1909,2554
1909,2774
1909,2792
1909,2869
1909,2943
1909,3424
1909,3636
1909,3656
1909,3754
1909,3774
1909,3776
1909,3988
1909,4088
1909,4149
1909,4214
1909,4382
1909,4443
1909,4655
1909,4800
1909,5034
1909,5053
1909,5169
1909,5237
1909,5697
1909,5860
1909,5867
1909,5927
1909,6090
1909,6130
1909,6138
1909,6376
1909,6396
1909,6404
1909,6423
1909,6681
1909,6806
1909,6855
1909,7009
1909,7133
1909,7136
1909,7198
1909,7291
1910,73
1910,382
1910,502
1910,551
1910,919
1910,1289
1910,1296
1910,1511
1910,1971
1910,2450
1910,2529
1910,2763
1910,3506
1910,3574
1910,3607
1910,4153
1910,4270
1910,4427
1910,4952
1910,4986
1910,5467
1910,5801
1910,5839
1910,6624
1910,7134
1910,7175
1910,7599
1911,28
1911,40
1911,143
1911,161
1911,262
1911,456
1911,920
1911,1185
1911,1280
1911,1666
1911,1929
1911,2145
1911,2586
1911,2678
1911,2738
1911,2795
1911,2801
1911,3157
1911,3179
1911,3224
1911,3328
1911,3339
1911,3856
1911,3966
1911,4033
1911,4039
1911,4173
1911,4294
1911,4301
1911,4373
1911,4422
1911,4940
1911,5001
1911,5022
1911,5504
1911,5708
1911,6015
1911,6852
1911,6947
1912,125
1912,2198
1912,2239
1912,3469
1912,4376
1912,4473
1912,5155
1912,5234
1912,6064
1913,551
1913,2586
1913,5234
1913,7067
1913,7284
1914,580
1914,995
1914,1772
1914,3516
1914,3563
1914,3924
1914,3997
1914,4143
1914,4208
1914,4280
1914,4673
1914,5030
1914,5300
1914,5968
1914,6623
1914,6653
1914,6874
1915,264
1915,343
1915,495
1915,532
1915,835
1915,1046
1915,1058
1915,1589
1915,1645
1915,1769
1915,1956
1915,2066
1915,2198
1915,2239
1915,2287
1915,2345
1915,2356
1915,2370
1915,2514
1915,2571
1915,2884
1915,2907
1915,3273
1915,3331
1915,3469
1915,3545
1915,3578
1915,3612
1915,3817
1915,4116
1915,4376
1915,4805
1915,4863
1915,5052
1915,5079
1915,5213
1915,5447
1915,5629
1915,5764
1915,6409
1915,6570
1915,6668
1915,6675
1915,6703
1915,7300
1915,7466
1915,7467
1916,1489
1916,2762
1916,4656
1916,6147
1917,481
1917,561
1917,671
1917,746
1917,837
1917,943
1917,1223
1917,1562
1917,2843
1917,3733
1917,4244
1917,4564
1917,4663
1917,5489
1917,5721
1917,5974
1917,6103
1917,6488
1917,6609
1917,6924
1917,7383
1917,7598
1918,85
1918,1058
1918,1965
1918,1997
1918,2370
1918,2618
1918,3357
1918,3408
1918,3659
1918,3698
1918,4376
1918,4384
1918,4616
1918,4806
1918,4845
1918,4952
1918,5132
1918,5404
1918,5730
1918,5808
1918,6707
1918,7003
1918,7071
1918,7085
1918,7582
1919,212
1919,352
1919,382
1919,526
1919,892
1919,994
1919,1291
1919,1739
1919,1810
1919,2092
1919,2536
1919,2856
1919,3078
1919,3978
1919,6243
1919,6408
1919,6569
1919,6630
1919,6715
1919,7131
1919,7240
1920,96
1920,315
1920,409
1920,550
1920,557
1920,730
1920,995
1920,1055
1920,1303
1920,1422
1920,1533
1920,1664
1920,1772
1920,1841
1920,2109
1920,2168
1920,2182
1920,2285
1920,2318
1920,2439
1920,2757
1920,2790
1920,3030
1920,3231
1920,3366
1920,3601
1920,3741
1920,3788
1920,3879
1920,3885
1920,4005
1920,4143
1920,4144
1920,4208
1920,4237
1920,4280
1920,4443
1920,4512
1920,4599
1920,4896
1920,4923
1920,4950
1920,4984
1920,5410
1920,5429
1920,5934
1920,6111
1920,6347
1920,6401
1920,6428
1920,6480
1920,6653
1920,6718
1920,6948
1920,7011
1920,7460
1920,7530
1920,7565
1921,330
1921,407
1921,636
1921,1216
1921,1530
1921,1755
1921,2082
1921,2119
1921,2301
1921,3129
1921,5770
1921,6643
1921,7192
1922,73
1922,212
1922,352
1922,382
1922,551
1922,584
1922,628
1922,748
1922,803
1922,936
1922,1225
1922,1291
1922,2215
1922,2529
1922,2536
1922,2703
1922,2903
1922,2945
1922,3404
1922,3506
1922,3513
1922,3559
1922,3702
1922,3821
1922,3839
1922,3920
1922,3978
1922,4067
1922,4069
1922,4153
1922,4584
1922,4653
1922,4747
1922,4917
1922,5115
1922,5739
1922,5798
1922,6001
1922,6026
1922,6059
1922,6243
1922,6412
1922,6427
1922,6610
1922,6920
1922,7077
1922,7131
1922,7149
1922,7512
1923,237
1923,256
1923,520
1923,617
1923,620
1923,709
1923,884
1923,1065
1923,1702
1923,1791
1923,2064
1923,2915
1923,3104
1923,3366
1923,4208
1923,4382
1923,4763
1923,4849
1923,4925
1923,4978
1923,5169
1923,5432
1923,5439
1923,5827
1923,6002
1923,6042
1923,6130
1923,6221
1923,6806
1923,7404
1923,7451
1923,7460
1923,7565
1924,373
1924,621
1924,627
1924,640
1924,1087
1924,1160
1924,1452
1924,1534
1924,1541
1924,1879
1924,2505
1924,2709
1924,2764
1924,2986
1924,3197
1924,3995
1924,5200
1924,5454
1924,5705
1924,6241
1924,6340
1924,6941
1925,258
1925,593
1925,1663
1925,3756
1925,4257
1925,5042
1925,6291
1925,6702
1925,7008
1926,526
1926,724
1926,785
1926,911
1926,1549
1926,1978
1926,2122
1926,2349
1926,2368
1926,2525
1926,2536
1926,3232
1926,4358
1926,4502
1926,4902
1926,5120
1926,5363
1926,5373
1926,6036
1926,6067
1926,6131
1926,6547
1926,7300
1926,7322
1927,266
1927,358
1927,446
1927,551
1927,593
1927,1113
1927,1330
1927,1453
1927,1472
1927,2021
1927,2039
1927,2198
1927,2205
1927,2339
1927,2765
1927,2954
1927,3269
1927,3469
1927,3784
1927,3895
1927,4376
1927,4407
1927,4680
1927,4952
1927,5010
1927,5132
1927,5171
1927,5222
1927,5234
1927,5865
1927,5952
1927,6098
1927,6251
1927,6409
1927,6967
1927,7239
1927,7288
1927,7296
1928,2215
1928,2339
1928,4384
1928,5132
1929,28
1929,48
1929,72
1929,306
1929,456
1929,756
1929,766
1929,835
1929,947
1929,966
1929,1034
1929,1103
1929,1228
1929,1399
1929,1442
1929,1470
1929,1585
1929,1777
1929,1877
1929,1911
1929,2005
1929,2070
1929,2198
1929,2239
1929,2286
1929,2447
1929,2627
1929,2740
1929,2761
1929,3152
1929,3278
1929,3295
1929,3545
1929,3552
1929,3578
1929,3585
1929,3623
1929,3704
1929,3721
1929,3723
1929,3849
1929,3856
1929,3916
1929,4160
1929,4194
1929,4670
1929,4805
1929,4835
1929,4854
1929,5001
1929,5132
1929,5213
1929,5615
1929,5664
1929,5708
1929,5734
1929,5889
1929,6246
1929,6282
1929,6338
1929,6702
1929,6960
1929,7164
1929,7298
1929,7467
1929,7573
1930,485
1930,536
1930,644
1930,750
1930,920
1930,1060
1930,1220
1930,1353
1930,1457
1930,1633
1930,1905
1930,1961
1930,1981
1930,2220
1930,2561
1930,2746
1930,2871
1930,3035
1930,3054
1930,3227
1930,3310
1930,3577
1930,3605
1930,3763
1930,3928
1930,4100
1930,4152
1930,5437
1930,5461
1930,5696
1930,5843
1930,5953
1930,5963
1930,6085
1930,6134
1930,6450
1930,6572
1930,6726
1930,6730
1930,6807
1930,6827
1931,250
1931,2150
1931,2430
1931,2897
1931,4378
1931,4687
1931,5175
1931,5550
1931,5778
1931,6114
1932,807
1932,1029
1932,1348
1932,1950
1932,1998
1932,2214
1932,3982
1932,4518
1932,5422
1932,6536
1932,7045
1933,66
1933,199
1933,941
1933,1936
1933,1939
1933,2492
1933,3244
1933,3960
1933,4235
1933,4336
1933,4906
1933,5185
1933,5337
1934,86
1934,585
1934,1032
1934,1688
1934,2000
1934,2254
1934,3329
1934,3336
1934,3913
1934,4320
1934,4482
1934,4621
1934,4725
1934,5907
1934,5986
1934,6293
1934,6491
1934,6986
1934,7158
1934,7200
1934,7579
1935,226
1935,260
1935,1444
1935,1658
1935,2239
1935,2241
1935,3070
1935,3532
1935,4384
1935,4952
1935,6618
1935,7067
1935,7395
1935,7551
1936,270
1936,791
1936,1480
1936,1681
1936,1933
1936,1951
1936,2742
1936,2749
1936,2762
1936,2984
1936,3497
1936,3824
1936,3828
1936,4560
1936,4625
1936,5617
1936,5624
1936,5725
1936,5812
1936,6147
1936,6515
1936,7030
1936,7201
1936,7237
1936,7438
1936,7613
1937,206
1937,401
1937,459
1937,1332
1937,2050
1937,2139
1937,4515
1937,5113
1937,6132
1937,6220
1937,6865
1937,7249
1937,7645
1938,40
1938,92
1938,218
1938,456
1938,606
1938,860
1938,1310
1938,2901
1938,3394
1938,3698
1938,4302
1938,4330
1938,4422
1938,4904
1938,4940
1938,6451
1938,6951
1939,270
1939,365
1939,894
1939,1251
1939,1681
1939,1933
1939,1951
1939,2742
1939,5043
1939,5057
1939,5119
1939,5337
1939,5382
1939,5970
1939,6049
1939,6523
1939,6698
1939,7237
1939,7260
1939,7367
1939,7618
1940,721
1940,1483
1940,2007
1940,2648
1940,5000
1940,5665
1940,5801
1940,7128
1941,766
1941,1561
1941,1956
1941,2239
1941,3070
1941,3152
1941,3277
1941,4230
1941,4376
1941,5007
1941,5144
1941,5676
1941,6228
1941,6434
1941,6437
1941,6551
1941,7395
1942,183
1942,369
1942,593
1942,1538
1942,1663
1942,1796
1942,1798
1942,1805
1942,2124
1942,2198
1942,2553
1942,3274
1942,3433
1942,3440
1942,3895
1942,3974
1942,4074
1942,4538
1942,4578
1942,4590
1942,4669
1942,4774
1942,5241
1942,5637
1942,5734
1942,5744
1942,5979
1942,6361
1942,6414
1942,6551
1942,6673
1942,6702
1942,6754
1942,6849
1942,6978
1942,7103
1942,7464
1942,7477
1942,7597
1943,764
1943,3676
1943,5440
1943,6392
1943,6513
1944,481
1944,744
1944,812
1944,837
1944,1223
1944,1622
1944,2499
1944,3180
1944,3733
1944,3904
1944,4244
1944,4411
1944,4498
1944,6106
1944,6488
1945,260
1945,369
1945,593
1945,903
1945,1113
1945,1540
1945,1663
1945,1798
1945,1999
1945,2013
1945,2106
1945,2159
1945,2198
1945,2239
1945,2313
1945,2883
1945,2911
1945,3408
1945,3895
1945,4184
1945,4190
1945,4384
1945,4420
1945,4670
1945,4871
1945,4952
1945,5756
1945,6121
1945,6284
1945,6462
1945,6551
1945,6702
1945,6707
1945,6760
1945,6810
1945,7054
1945,7067
1945,7464
1945,7535
1945,7572
1946,373
1946,887
1946,1109
1946,2236
1946,2607
1946,2963
1946,3495
1946,4272
1946,5065
1946,6433
1946,7030
1946,7129
1946,7367
1947,787
1947,806
1947,1391
1947,1969
1947,2090
1947,2281
1947,3090
1947,3597
1947,3663
1947,4548
1947,5448
1947,6212
1947,6534
1947,7272
1947,7407
1948,456
1948,1184
1948,1417
1948,2084
1948,2198
1948,2239
1948,2586
1948,3224
1948,3226
1948,3510
1948,3578
1948,3585
1948,4422
1948,4805
1948,5001
1948,5132
1948,6702
1948,6761
1948,7510
1949,1352
1949,1968
1949,3390
1949,3505
1949,3535
1949,5096
1950,159
1950,621
1950,643
1950,807
1950,1906
1950,1932
1950,2214
1950,2218
1950,2465
1950,2524
1950,2880
1950,3097
1950,3496
1950,3599
1950,4460
1950,4518
1950,5014
1950,5422
1950,5456
1950,5458
1950,6460
1950,6536
1950,6647
1950,6663
1950,6845
1950,7045
1950,7200
1950,7412
1950,7498
1950,7564
1951,199
1951,270
1951,1072
1951,1251
1951,1534
1951,1936
1951,1939
1951,2347
1951,3437
1951,3872
1951,4209
1951,4646
1951,4689
1951,4906
1951,5043
1951,5119
1951,5337
1951,5617
1951,6307
1951,6523
1951,6768
1951,7081
1952,45
1952,195
1952,496
1952,1340
1952,1403
1952,1556
1952,2412
1952,2453
1952,2607
1952,2833
1952,3145
1952,3227
1952,3281
1952,3437
1952,3461
1952,3467
1952,3662
1952,3823
1952,4106
1952,4232
1952,4305
1952,4628
1952,5074
1952,5633
1952,5817
1952,6433
1952,6554
1952,6813
1952,6970
1952,7160
1952,7538
1952,7594
1953,664
1953,1565
1953,1756
1953,1822
1953,2035
1953,2053
1953,2100
1953,2654
1953,2756
1953,3156
1953,3175
1953,3292
1953,3417
1953,3892
1953,4143
1953,4258
1953,4275
1953,4673
1953,4720
1953,4843
1953,5276
1953,5383
1953,5548
1953,5642
1953,5686
1953,5789
1953,5854
1953,6205
1953,6324
1953,6645
1953,6755
1953,6819
1953,7475
1953,7562
1953,7575
1954,85
1954,1063
1954,1453
1954,2431
1954,3370
1954,3566
1954,5145
1954,6193
1954,6954
1955,530
1955,993
1955,2453
1955,3437
1955,3461
1955,3662
1955,3669
1955,4106
1955,4232
1955,4305
1955,4628
1955,4906
1955,5035
1955,5521
1955,5633
1955,5663
1955,5817
1955,5872
1955,6307
1955,6970
1955,7160
1955,7287
1955,7538
1955,7641
1956,597
1956,835
1956,1091
1956,1514
1956,1608
1956,1769
1956,1915
1956,1941
1956,2066
1956,2202
1956,2317
1956,2368
1956,2563
1956,3103
1956,3331
1956,3433
1956,4185
1956,4693
1956,5213
1956,5264
1956,5307
1956,5447
1956,5761
1956,5865
1956,5924
1956,6131
1956,6280
1956,6437
1956,6960
1956,7142
1956,7466
1956,7518
1957,1641
1958,73
1958,92
1958,229
1958,466
1958,495
1958,551
1958,715
1958,881
1958,1453
1958,1707
1958,1831
1958,2028
1958,2143
1958,2198
1958,2839
1958,2993
1958,3330
1958,3372
1958,3532
1958,3866
1958,3895
1958,3959
1958,4062
1958,4080
1958,4097
1958,4185
1958,4223
1958,4384
1958,4490
1958,4523
1958,4733
1958,4864
1958,5132
1958,5420
1958,5467
1958,5614
1958,5650
1958,5772
1958,6001
1958,6105
1958,6411
1958,6412
1958,6660
1958,6733
1958,6828
1958,6933
1958,7196
1958,7269
1958,7280
1958,7330
1958,7401
1958,7468
1958,7612
1959,42
1959,192
1959,260
1959,345
1959,482
1959,593
1959,726
1959,727
1959,731
1959,803
1959,839
1959,854
1959,1058
1959,1067
1959,1097
1959,1178
1959,1254
1959,1268
1959,1368
1959,1370
1959,1414
1959,1415
1959,1453
1959,1485
1959,1551
1959,1575
1959,1620
1959,1634
1959,1663
1959,1665
1959,1684
1959,1840
1959,1862
1959,1908
1959,1997
1959,2013
1959,2033
1959,2106
1959,2115
1959,2129
1959,2198
1959,2229
1959,2239
1959,2340
1959,2370
1959,2406
1959,2410
1959,2471
1959,2479
1959,2564
1959,2571
1959,2573
1959,2600
1959,2657
1959,2736
1959,2766
1959,2772
1959,2881
1959,2981
1959,2991
1959,3025
1959,3070
1959,3160
1959,3226
1959,3234
1959,3279
1959,3713
1959,3748
1959,3758
1959,3804
1959,3834
1959,3867
1959,3970
1959,3996
1959,4071
1959,4090
1959,4155
1959,4210
1959,4241
1959,4290
1959,4303
1959,4376
1959,4384
1959,4392
1959,4466
1959,4570
1959,4595
1959,4608
1959,4737
1959,4805
1959,4806
1959,4827
1959,5070
1959,5194
1959,5251
1959,5296
1959,5344
1959,5404
1959,5471
1959,5543
1959,5577
1959,5612
1959,5641
1959,5707
1959,5732
1959,5740
1959,5816
1959,5833
1959,5881
1959,5937
1959,5955
1959,5982
1959,6066
1959,6075
1959,6082
1959,6313
1959,6354
1959,6449
1959,6492
1959,6540
1959,6551
1959,6553
1959,6562
1959,6702
1959,6723
1959,6877
1959,7003
1959,7044
1959,7046
1959,7071
1959,7091
1959,7105
1959,7147
1959,7166
1959,7231
1959,7353
1959,7369
1959,7448
1959,7465
1959,7520
1959,7537
1959,7572
1959,7582
1960,5062
1961,28
1961,103
1961,118
1961,137
1961,149
1961,162
1961,259
1961,305
1961,306
1961,311
1961,363
1961,485
1961,487
1961,573
1961,616
1961,652
1961,725
1961,751
1961,800
1961,862
1961,930
1961,1005
1961,1078
1961,1158
1961,1174
1961,1205
1961,1258
1961,1345
1961,1353
1961,1408
1961,1427
1961,1510
1961,1525
1961,1544
1961,1551
1961,1563
1961,1579
1961,1610
1961,1689
1961,1774
1961,1778
1961,1877
1961,1905
1961,1930
1961,2043
1961,2183
1961,2304
1961,2520
1961,2565
1961,2604
1961,2621
1961,2758
1961,2844
1961,2979
1961,2998
1961,3101
1961,3139
1961,3140
1961,3256
1961,3297
1961,3369
1961,3386
1961,3499
1961,3507
1961,3600
1961,3602
1961,3605
1961,3698
1961,3724
1961,3744
1961,3765
1961,3802
1961,3856
1961,3927
1961,3969
1961,4033
1961,4039
1961,4049
1961,4103
1961,4152
1961,4174
1961,4187
1961,4307
1961,4318
1961,4395
1961,4407
1961,4436
1961,4440
1961,4464
1961,4701
1961,4729
1961,4771
1961,5000
1961,5031
1961,5056
1961,5156
1961,5173
1961,5191
1961,5206
1961,5268
1961,5483
1961,5502
1961,5513
1961,5610
1961,5654
1961,5657
1961,5694
1961,5760
1961,5807
1961,5818
1961,5843
1961,5844
1961,5866
1961,5969
1961,6063
1961,6078
1961,6093
1961,6259
1961,6331
1961,6341
1961,6489
1961,6527
1961,6545
1961,6572
1961,6586
1961,6615
1961,6620
1961,6730
1961,6751
1961,6783
1961,6807
1961,7038
1961,7167
1961,7184
1961,7305
1961,7374
1961,7380
1961,7402
1961,7474
1961,7524
1961,7526
1961,7550
1961,7599
1962,456
1962,461
1962,495
1962,756
1962,766
1962,966
1962,1280
1962,1426
1962,1429
1962,1585
1962,1673
1962,1682
1962,1802
1962,1899
1962,1990
1962,2070
1962,2198
1962,2372
1962,2447
1962,2502
1962,3203
1962,3381
1962,3578
1962,3585
1962,3849
1962,3866
1962,3895
1962,3916
1962,4194
1962,4731
1962,5287
1962,5664
1962,5676
1962,5963
1962,6211
1962,6246
1962,6815
1962,7269
1962,7293
1962,7467
1962,7589
1963,3586
1963,4361
1963,6433
1964,150
1964,195
1964,241
1964,878
1964,1010
1964,1331
1964,1338
1964,1816
1964,2034
1964,2078
1964,2316
1964,2585
1964,2606
1964,2709
1964,3038
1964,3107
1964,3186
1964,3205
1964,3233
1964,3267
1964,3622
1964,3633
1964,3746
1964,3823
1964,3993
1964,4051
1964,4346
1964,4533
1964,4665
1964,5358
1964,5520
1964,5671
1964,5838
1964,5913
1964,6556
1964,6606
1964,7427
1965,14
1965,23
1965,85
1965,304
1965,593
1965,1058
1965,1210
1965,1284
1965,1330
1965,1798
1965,1842
1965,1880
1965,1918
1965,2039
1965,2106
1965,2129
1965,2215
1965,2370
1965,2571
1965,2618
1965,2911
1965,3183
1965,3408
1965,3459
1965,3895
1965,4080
1965,4174
1965,4376
1965,4384
1965,4616
1965,4806
1965,4845
1965,4864
1965,4952
1965,5404
1965,5707
1965,5808
1965,5816
1965,5955
1965,6265
1965,6551
1965,6707
1965,6760
1965,7071
1965,7147
1965,7395
1965,7464
1966,308
1966,336
1966,499
1966,612
1966,766
1966,1103
1966,1343
1966,1426
1966,1794
1966,1795
1966,1817
1966,2239
1966,2368
1966,2372
1966,2400
1966,2425
1966,2649
1966,2799
1966,3223
1966,3295
1966,3466
1966,3480
1966,3578
1966,3773
1966,3866
1966,3925
1966,4073
1966,4194
1966,4670
1966,4805
1966,4985
1966,5455
1966,5664
1966,6012
1966,6098
1966,6189
1966,7029
1966,7142
1966,7222
1966,7307
1966,7467
1966,7584
1966,7587
1967,892
1967,936
1967,956
1967,1291
1967,1448
1967,1739
1967,3134
1967,3404
1967,3506
1967,3701
1967,3978
1967,4707
1967,5775
1967,6630
1967,7149
1968,68
1968,104
1968,238
1968,348
1968,354
1968,406
1968,416
1968,451
1968,452
1968,547
1968,574
1968,594
1968,624
1968,635
1968,792
1968,799
1968,823
1968,929
1968,1025
1968,1059
1968,1071
1968,1147
1968,1154
1968,1201
1968,1203
1968,1207
1968,1208
1968,1231
1968,1265
1968,1307
1968,1341
1968,1349
1968,1352
1968,1366
1968,1384
1968,1387
1968,1398
1968,1462
1968,1526
1968,1542
1968,1557
1968,1605
1968,1779
1968,1793
1968,1837
1968,1890
1968,1949
1968,1971
1968,2029
1968,2085
1968,2242
1968,2276
1968,2278
1968,2351
1968,2403
1968,2459
1968,2501
1968,2578
1968,2580
1968,2642
1968,2692
1968,2696
1968,2699
1968,2716
1968,2735
1968,2802
1968,2841
1968,2846
1968,2858
1968,2919
1968,2937
1968,2942
1968,3033
1968,3055
1968,3110
1968,3200
1968,3228
1968,3254
1968,3286
1968,3301
1968,3338
1968,3390
1968,3402
1968,3505
1968,3519
1968,3522
1968,3535
1968,3679
1968,3694
1968,3769
1968,3790
1968,3863
1968,3917
1968,3943
1968,4011
1968,4036
1968,4079
1968,4090
1968,4119
1968,4132
1968,4139
1968,4166
1968,4167
1968,4299
1968,4364
1968,4444
1968,4481
1968,4547
1968,4550
1968,4568
1968,4815
1968,4825
1968,4844
1968,4927
1968,4929
1968,4977
1968,4998
1968,5021
1968,5055
1968,5073
1968,5087
1968,5096
1968,5111
1968,5112
1968,5149
1968,5193
1968,5196
1968,5233
1968,5246
1968,5342
1968,5477
1968,5590
1968,5621
1968,5712
1968,5766
1968,5900
1968,5956
1968,6011
1968,6158
1968,6204
1968,6375
1968,6455
1968,6498
1968,6659
1968,6697
1968,6781
1968,6833
1968,6863
1968,6883
1968,6932
1968,6934
1968,6938
1968,6943
1968,6949
1968,6977
1968,7002
1968,7028
1968,7148
1968,7199
1968,7301
1968,7350
1968,7358
1968,7372
1968,7466
1968,7533
1968,7567
1968,7625
1969,57
1969,236
1969,316
1969,328
1969,412
1969,453
1969,463
1969,516
1969,537
1969,570
1969,605
1969,698
1969,749
1969,786
1969,787
1969,801
1969,806
1969,877
1969,879
1969,882
1969,909
1969,928
1969,1037
1969,1038
1969,1122
1969,1221
1969,1243
1969,1272
1969,1282
1969,1346
1969,1364
1969,1391
1969,1396
1969,1434
1969,1504
1969,1531
1969,1583
1969,1672
1969,1685
1969,1696
1969,1709
1969,1734
1969,1759
1969,1849
1969,1947
1969,1972
1969,1977
1969,2090
1969,2099
1969,2103
1969,2134
1969,2189
1969,2235
1969,2250
1969,2260
1969,2324
1969,2387
1969,2419
1969,2446
1969,2474
1969,2596
1969,2622
1969,2635
1969,2728
1969,2768
1969,2854
1969,2861
1969,2895
1969,3090
1969,3099
1969,3116
1969,3272
1969,3291
1969,3305
1969,3316
1969,3324
1969,3529
1969,3543
1969,3565
1969,3597
1969,3663
1969,3714
1969,3805
1969,3874
1969,4038
1969,4142
1969,4264
1969,4281
1969,4375
1969,4403
1969,4467
1969,4496
1969,4548
1969,4554
1969,4566
1969,4583
1969,4603
1969,4614
1969,4619
1969,4666
1969,4667
1969,4723
1969,4741
1969,4759
1969,4960
1969,4972
1969,5445
1969,5448
1969,5540
1969,5602
1969,5691
1969,5706
1969,5753
1969,5848
1969,5849
1969,5882
1969,5906
1969,5978
1969,6007
1969,6010
1969,6046
1969,6143
1969,6164
1969,6212
1969,6357
1969,6363
1969,6391
1969,6442
1969,6520
1969,6534
1969,6557
1969,6765
1969,6771
1969,7013
1969,7061
1969,7086
1969,7118
1969,7122
1969,7238
1969,7272
1969,7366
1969,7407
1969,7555
1970,369
1970,593
1970,1368
1970,2239
1970,2365
1970,3627
1970,4376
1970,4578
1970,4952
1970,5979
1970,6702
1970,7170
1970,7353
1970,7535
1970,7607
1971,68
1971,104
1971,281
1971,304
1971,348
1971,354
1971,396
1971,406
1971,416
1971,451
1971,452
1971,547
1971,574
1971,594
1971,624
1971,635
1971,792
1971,799
1971,823
1971,929
1971,1025
1971,1033
1971,1071
1971,1147
1971,1154
1971,1168
1971,1201
1971,1203
1971,1208
1971,1224
1971,1229
1971,1231
1971,1265
1971,1307
1971,1349
1971,1366
1971,1384
1971,1387
1971,1462
1971,1542
1971,1590
1971,1605
1971,1713
1971,1779
1971,1837
1971,1844
1971,1910
1971,1968
1971,2020
1971,2029
1971,2172
1971,2203
1971,2276
1971,2278
1971,2351
1971,2403
1971,2495
1971,2549
1971,2578
1971,2580
1971,2587
1971,2642
1971,2692
1971,2696
1971,2716
1971,2735
1971,2841
1971,2846
1971,2858
1971,2919
1971,2934
1971,2937
1971,3055
1971,3110
1971,3126
1971,3228
1971,3254
1971,3286
1971,3301
1971,3338
1971,3390
1971,3402
1971,3505
1971,3522
1971,3535
1971,3694
1971,3769
1971,3781
1971,3943
1971,4011
1971,4036
1971,4059
1971,4119
1971,4132
1971,4139
1971,4166
1971,4204
1971,4319
1971,4444
1971,4481
1971,4547
1971,4550
1971,4825
1971,4844
1971,4927
1971,4977
1971,4998
1971,5021
1971,5055
1971,5073
1971,5096
1971,5112
1971,5149
1971,5196
1971,5233
1971,5246
1971,5353
1971,5389
1971,5590
1971,5695
1971,5712
1971,5766
1971,5956
1971,5998
1971,6011
1971,6070
1971,6158
1971,6292
1971,6375
1971,6455
1971,6498
1971,6537
1971,6638
1971,6659
1971,6697
1971,6710
1971,6798
1971,6833
1971,6863
1971,6883
1971,6932
1971,6938
1971,6943
1971,6949
1971,6963
1971,7004
1971,7028
1971,7040
1971,7066
1971,7148
1971,7301
1971,7350
1971,7358
1971,7466
1971,7533
1971,7567
1971,7625
1972,189
1972,328
1972,517
1972,787
1972,801
1972,1391
1972,1969
1972,2147
1972,2635
1972,3529
1972,3597
1972,4548
1972,4739
1972,6212
1972,6997
1972,7272
1973,2529
1973,4653
1973,4957
1973,6243
1973,6569
1973,7325
1974,5202
1974,7106
1975,229
1975,456
1975,1178
1975,1444
1975,1603
1975,1700
1975,1872
1975,2198
1975,2239
1975,3277
1975,3359
1975,3561
1975,3698
1975,4731
1975,4870
1975,5056
1975,5214
1975,5376
1975,5404
1975,5474
1975,5707
1975,5839
1975,5993
1975,6078
1975,6447
1975,6594
1975,6854
1975,7072
1975,7289
1975,7330
1975,7357
1975,7395
1975,7468
1975,7510
1975,7592
1976,2158
1976,3760
1976,6027
1976,6518
1976,7322
1976,7330
1977,324
1977,412
1977,850
1977,1531
1977,1648
1977,1969
1977,2250
1977,2260
1977,2324
1977,2508
1977,2516
1977,2975
1977,4375
1977,4960
1977,5045
1977,5465
1977,5879
1977,6010
1977,6250
1977,6357
1977,6363
1977,6372
1977,6532
1977,7073
1977,7411
1977,7506
1977,7614
1978,5
1978,71
1978,212
1978,260
1978,382
1978,584
1978,728
1978,911
1978,956
1978,1196
1978,1349
1978,1493
1978,1521
1978,1624
1978,1665
1978,1739
1978,1926
1978,2198
1978,2215
1978,2349
1978,2406
1978,2525
1978,2703
1978,2903
1978,3246
1978,3455
1978,3506
1978,3510
1978,3559
1978,3784
1978,3821
1978,4067
1978,4080
1978,4153
1978,4707
1978,5174
1978,5179
1978,5641
1978,5722
1978,5775
1978,5798
1978,5987
1978,6029
1978,6047
1978,6118
1978,6412
1978,6522
1978,6565
1978,6610
1978,6909
1978,6920
1978,7147
1978,7240
1978,7296
1978,7320
1979,109
1979,336
1979,456
1979,499
1979,764
1979,804
1979,835
1979,892
1979,1084
1979,1241
1979,1343
1979,1371
1979,1448
1979,1618
1979,1660
1979,1761
1979,1795
1979,2066
1979,2089
1979,2198
1979,2239
1979,2265
1979,2372
1979,2425
1979,2494
1979,2533
1979,2627
1979,3049
1979,3052
1979,3249
1979,3433
1979,3466
1979,3480
1979,3545
1979,3578
1979,3612
1979,3839
1979,3866
1979,4040
1979,4344
1979,4358
1979,4371
1979,4376
1979,4503
1979,4617
1979,4670
1979,4790
1979,4805
1979,4990
1979,5052
1979,5189
1979,5234
1979,5574
1979,5664
1979,5781
1979,5943
1979,5944
1979,5981
1979,6166
1979,6470
1979,6960
1979,6980
1979,7029
1979,7125
1979,7142
1979,7307
1979,7370
1979,7467
1979,7481
1979,7584
1979,7587
1980,10
1980,349
1980,605
1980,981
1980,1041
1980,1334
1980,1616
1980,1736
1980,1881
1980,2337
1980,2435
1980,2623
1980,2777
1980,3415
1980,3583
1980,3678
1980,3711
1980,3717
1980,3749
1980,4509
1980,4740
1980,4829
1980,4992
1980,5110
1980,5509
1980,5868
1980,5929
1980,6357
1980,6628
1980,6665
1980,6876
1980,7308
1980,7348
1980,7437
1980,7458
1980,7513
1981,305
1981,456
1981,485
1981,644
1981,751
1981,931
1981,1353
1981,1457
1981,1458
1981,1552
1981,1610
1981,1633
1981,1714
1981,1905
1981,1930
1981,2746
1981,2871
1981,3310
1981,3605
1981,3763
1981,3969
1981,4033
1981,4152
1981,4464
1981,5209
1981,5343
1981,5661
1981,5694
1981,6331
1981,6450
1981,6572
1981,6730
1981,6852
1981,6904
1981,7305
1981,7365
1981,7526
1982,19
1982,1079
1982,3741
1982,4143
1982,4280
1982,4726
1982,5876
1982,6653
1983,316
1983,328
1983,442
1983,463
1983,556
1983,786
1983,928
1983,1391
1983,1630
1983,1759
1983,1766
1983,1849
1983,2132
1983,2260
1983,2474
1983,2622
1983,2635
1983,2717
1983,3272
1983,3553
1983,3840
1983,4034
1983,4554
1983,4614
1983,4619
1983,4666
1983,5245
1983,5448
1983,5529
1983,5555
1983,5602
1983,5692
1983,6046
1983,6212
1983,6519
1983,6552
1983,6771
1983,6842
1983,7060
1983,7061
1983,7255
1983,7348
1983,7555
1984,223
1984,417
1984,1026
1984,1134
1984,1229
1984,1275
1984,1729
1984,1904
1984,1906
1984,2214
1984,2218
1984,2277
1984,2392
1984,2546
1984,2955
1984,3083
1984,3177
1984,3313
1984,3781
1984,3832
1984,3901
1984,4096
1984,4234
1984,4922
1984,5101
1984,5177
1984,5571
1984,5869
1984,5917
1984,5947
1984,6061
1984,6178
1984,6266
1984,6558
1984,6647
1984,6911
1984,7045
1984,7107
1984,7109
1984,7195
1984,7360
1984,7389
1984,7455
1985,101
1985,4909
1985,6807
1985,7190
1985,7641
1986,368
1986,2351
1986,3694
1986,3790
1986,3863
1986,4364
1986,6977
1986,7199
1987,100
1987,1143
1987,1181
1987,1261
1987,1437
1987,1597
1987,1731
1987,1768
1987,2213
1987,2274
1987,2374
1987,2574
1987,3005
1987,3742
1987,4368
1987,4378
1987,4577
1987,4687
1987,4767
1987,4817
1987,4823
1987,6165
1987,6258
1987,6627
1987,6651
1987,6729
1987,6766
1987,7087
1988,2100
1988,4242
1988,4321
1988,4843
1988,4866
1988,4903
1988,5592
1988,5822
1988,7620
1989,21
1989,117
1989,241
1989,878
1989,1009
1989,1010
1989,1773
1989,2034
1989,2051
1989,2539
1989,2702
1989,3267
1989,3396
1989,4000
1989,4560
1989,4587
1989,5358
1989,5533
1989,5671
1989,5838
1989,6556
1989,6674
1989,7281
1990,111
1990,253
1990,495
1990,502
1990,985
1990,1030
1990,1062
1990,1610
1990,1667
1990,1730
1990,1790
1990,1794
1990,1962
1990,2244
1990,2565
1990,2625
1990,2629
1990,2959
1990,3115
1990,3203
1990,3279
1990,3295
1990,3405
1990,3607
1990,3654
1990,3739
1990,4054
1990,4562
1990,4592
1990,4670
1990,4672
1990,4775
1990,4805
1990,5068
1990,5150
1990,5559
1990,5667
1990,5758
1990,5863
1990,6308
1990,6422
1990,6760
1990,6945
1990,6994
1990,7226
1990,7332
1990,7446
1990,7553
1991,260
1991,1513
1991,3408
1991,4080
1991,4384
1991,4420
1991,4680
1991,4952
1991,5707
1991,5816
1991,6121
1991,6437
1991,6462
1991,6487
1991,6551
1991,6646
1991,6802
1992,891
1992,912
1992,1386
1992,3894
1993,89
1993,134
1993,169
1993,183
1993,258
1993,319
1993,369
1993,431
1993,455
1993,469
1993,482
1993,552
1993,593
1993,659
1993,731
1993,924
1993,945
1993,1018
1993,1058
1993,1097
1993,1152
1993,1226
1993,1399
1993,1513
1993,1517
1993,1545
1993,1684
1993,1723
1993,1727
1993,1738
1993,1744
1993,1796
1993,1805
1993,1899
1993,2030
1993,2032
1993,2198
1993,2206
1993,2239
1993,2307
1993,2340
1993,2380
1993,2406
1993,2432
1993,2540
1993,2553
1993,2637
1993,2645
1993,2736
1993,3051
1993,3074
1993,3274
1993,3377
1993,3438
1993,3542
1993,3551
1993,3623
1993,3648
1993,4074
1993,4161
1993,4164
1993,4241
1993,4376
1993,4510
1993,4531
1993,4538
1993,4546
1993,4578
1993,4594
1993,4642
1993,4669
1993,4688
1993,4805
1993,4812
1993,4870
1993,5048
1993,5070
1993,5132
1993,5139
1993,5148
1993,5241
1993,5348
1993,5404
1993,5415
1993,5799
1993,5816
1993,5833
1993,5878
1993,5881
1993,5903
1993,5966
1993,5979
1993,5982
1993,6066
1993,6077
1993,6082
1993,6183
1993,6188
1993,6361
1993,6414
1993,6551
1993,6597
1993,6673
1993,6702
1993,6850
1993,6882
1993,6887
1993,6923
1993,6930
1993,6978
1993,7003
1993,7010
1993,7021
1993,7097
1993,7170
1993,7181
1993,7203
1993,7266
1993,7337
1993,7352
1993,7353
1993,7464
1993,7477
1993,7577
1993,7607
1993,7610
1994,4878
1994,4936
1995,2064
1995,3915
1995,6598
1996,260
1996,593
1996,789
1996,1058
1996,1210
1996,1268
1996,1293
1996,1415
1996,1453
1996,1472
1996,1521
1996,2198
1996,2215
1996,2370
1996,2377
1996,2564
1996,2795
1996,3183
1996,3311
1996,3510
1996,3708
1996,3926
1996,3996
1996,4067
1996,4164
1996,4376
1996,4805
1996,5132
1996,5194
1996,5258
1996,5296
1996,5352
1996,5404
1996,5415
1996,5593
1996,5641
1996,5707
1996,5740
1996,5816
1996,5855
1996,5859
1996,5881
1996,6847
1996,6909
1996,7046
1996,7572
1997,77
1997,258
1997,1058
1997,1210
1997,1671
1997,1744
1997,1899
1997,1918
1997,1959
1997,2198
1997,2239
1997,2410
1997,2614
1997,3160
1997,3262
1997,3623
1997,3683
1997,3748
1997,4164
1997,4376
1997,5070
1997,5372
1997,5404
1997,5543
1997,5649
1997,5797
1997,6024
1997,6077
1997,6414
1997,6702
1997,6887
1997,6968
1997,7097
1997,7572
1997,7582
1998,268
1998,282
1998,361
1998,440
1998,1687
1998,1932
1998,2025
1998,2214
1998,2619
1998,4135
1998,4664
1998,4793
1998,4878
1998,4939
1998,5137
1998,5200
1998,5322
1998,5805
1998,6065
1998,6295
1998,6304
1998,6694
1998,7132
1999,123
1999,152
1999,201
1999,246
1999,266
1999,304
1999,321
1999,372
1999,446
1999,552
1999,593
1999,599
1999,689
1999,766
1999,774
1999,780
1999,813
1999,849
1999,863
1999,881
1999,905
1999,939
1999,986
1999,1011
1999,1106
1999,1170
1999,1185
1999,1285
1999,1300
1999,1305
1999,1330
1999,1382
1999,1453
1999,1472
1999,1524
1999,1590
1999,1612
1999,1798
1999,1945
1999,2173
1999,2198
1999,2239
1999,2406
1999,2521
1999,2531
1999,2571
1999,2573
1999,2586
1999,2716
1999,2719
1999,2755
1999,2765
1999,2770
1999,2772
1999,2801
1999,2931
1999,2961
1999,2970
1999,2981
1999,3081
1999,3212
1999,3225
1999,3226
1999,3339
1999,3538
1999,3578
1999,3593
1999,3659
1999,3748
1999,3756
1999,3832
1999,3926
1999,4041
1999,4062
1999,4086
1999,4095
1999,4097
1999,4114
1999,4147
1999,4210
1999,4241
1999,4253
1999,4290
1999,4355
1999,4359
1999,4376
1999,4384
1999,4553
1999,4735
1999,4791
1999,4857
1999,4864
1999,5132
1999,5201
1999,5278
1999,5455
1999,5470
1999,5543
1999,5576
1999,5630
1999,5639
1999,5651
1999,5931
1999,5936
1999,5993
1999,6022
1999,6027
1999,6067
1999,6284
1999,6313
1999,6335
1999,6537
1999,6551
1999,6638
1999,6705
1999,6707
1999,6731
1999,6831
1999,6992
1999,7096
1999,7276
1999,7277
1999,7296
1999,7321
1999,7401
1999,7468
1999,7501
1999,7616
1999,7623
2000,86
2000,331
2000,388
2000,585
2000,846
2000,1036
2000,1239
2000,1285
2000,1596
2000,1610
2000,1657
2000,1669
2000,1764
2000,1934
2000,2068
2000,2228
2000,2303
2000,2741
2000,2847
2000,3232
2000,3313
2000,3329
2000,3368
2000,3557
2000,3589
2000,3631
2000,3847
2000,3911
2000,3913
2000,4085
2000,4118
2000,4178
2000,4320
2000,4362
2000,4482
2000,4555
2000,4725
2000,4757
2000,4824
2000,4908
2000,5144
2000,5604
2000,5839
2000,5992
2000,6198
2000,6263
2000,6298
2000,6328
2000,6544
2000,6575
2000,6589
2000,6596
2000,6684
2000,6841
2000,6867
2000,6868
2000,6911
2000,6946
2000,6967
2000,7039
2000,7153
2000,7159
2000,7191
2000,7200
2000,7375
2000,7376
2000,7441
2000,7548
2000,7579
2001,2198
2001,2954
2001,4745
2001,6452
2002,225
2002,635
2002,929
2002,1199
2002,1263
2002,1473
2002,1571
2002,1576
2002,1715
2002,2278
2002,2403
2002,2579
2002,2580
2002,3781
2002,4481
2002,4844
2002,5645
2002,7006
2002,7152
2002,7571
2003,5043
2003,5382
2003,5970
2003,6523
2003,7438
2004,1387
2004,3200
2005,835
2005,1929
2005,2066
2005,2198
2005,2317
2005,2494
2005,2559
2005,3273
2005,3295
2005,3331
2005,3433
2005,3578
2005,3612
2005,3817
2005,3856
2005,4218
2005,4573
2005,4805
2005,5213
2005,5234
2005,5889
2005,6388
2005,7164
2005,7262
2005,7395
2005,7467
2005,7518
2006,649
2006,2098
2006,2312
2006,2925
2006,3065
2006,3356
2006,3628
2006,4676
2006,4758
2006,4960
2006,5531
2006,6502
2006,6679
2006,6997
2006,7073
2007,502
2007,506
2007,1483
2007,1940
2007,3559
2007,3895
2007,3959
2007,5000
2007,6003
2008,700
2009,535
2009,718
2009,1094
2009,4230
2009,7067
2010,89
2010,258
2010,479
2010,593
2010,1058
2010,1415
2010,1545
2010,1663
2010,1668
2010,1798
2010,2115
2010,2198
2010,2239
2010,2571
2010,2981
2010,3311
2010,3578
2010,3698
2010,3748
2010,4071
2010,4164
2010,4376
2010,4384
2010,4392
2010,4680
2010,4768
2010,4806
2010,5251
2010,5296
2010,5404
2010,5816
2010,5881
2010,5979
2010,6492
2010,6551
2010,6702
2010,7572
2011,73
2011,92
2011,1551
2011,2298
2011,3501
2011,3891
2011,4422
2011,4637
2011,5455
2011,6563
2011,6676
2011,6878
2012,147
2012,398
2012,481
2012,561
2012,578
2012,618
2012,746
2012,943
2012,1223
2012,1466
2012,1509
2012,1646
2012,2395
2012,2449
2012,2491
2012,2786
2012,2843
2012,2853
2012,2873
2012,3211
2012,3255
2012,3393
2012,3479
2012,4191
2012,4244
2012,4353
2012,4564
2012,4663
2012,4703
2012,4711
2012,4884
2012,5016
2012,5072
2012,5230
2012,5357
2012,5928
2012,5972
2012,5974
2012,6222
2012,6311
2012,6488
2012,6609
2012,6625
2012,6924
2012,7383
2012,7598
2013,23
2013,33
2013,124
2013,192
2013,260
2013,369
2013,431
2013,475
2013,479
2013,482
2013,593
2013,726
2013,727
2013,903
2013,1058
2013,1067
2013,1113
2013,1214
2013,1226
2013,1249
2013,1287
2013,1421
2013,1453
2013,1492
2013,1540
2013,1614
2013,1784
2013,1798
2013,1840
2013,1907
2013,1945
2013,1959
2013,2039
2013,2106
2013,2198
2013,2239
2013,2290
2013,2313
2013,2575
2013,2620
2013,2888
2013,3079
2013,3184
2013,3226
2013,3264
2013,3284
2013,3363
2013,3377
2013,3408
2013,3459
2013,3593
2013,3734
2013,3895
2013,4114
2013,4157
2013,4164
2013,4210
2013,4262
2013,4333
2013,4376
2013,4465
2013,4535
2013,4658
2013,4803
2013,4806
2013,4864
2013,4952
2013,5008
2013,5015
2013,5139
2013,5201
2013,5344
2013,5404
2013,5709
2013,5756
2013,5816
2013,5881
2013,5955
2013,5976
2013,5979
2013,6016
2013,6082
2013,6188
2013,6284
2013,6303
2013,6551
2013,6658
2013,6673
2013,6702
2013,6754
2013,6802
2013,6810
2013,6887
2013,6892
2013,6971
2013,6992
2013,7032
2013,7071
2013,7085
2013,7103
2013,7170
2013,7174
2013,7296
2013,7353
2013,7385
2013,7464
2013,7487
2013,7537
2013,7568
2013,7597
2014,66
2014,195
2014,394
2014,549
2014,941
2014,988
2014,1175
2014,1248
2014,1416
2014,1556
2014,2412
2014,2422
2014,2428
2014,2608
2014,2662
2014,2803
2014,2833
2014,3086
2014,3227
2014,3244
2014,3396
2014,3729
2014,3869
2014,4051
2014,4405
2014,4628
2014,4665
2014,4906
2014,5035
2014,5074
2014,5185
2014,5221
2014,5454
2014,5638
2014,5872
2014,6549
2014,6621
2014,6813
2014,6838
2014,7417
2014,7641
2015,966
2015,1470
2015,2286
2015,2447
2015,3856
2015,7430
2016,156
2016,301
2016,514
2016,549
2016,613
2016,1832
2016,2127
2016,2288
2016,2863
2016,2898
2016,3265
2016,3358
2016,4486
2016,4551
2016,4617
2016,4762
2016,4913
2016,5425
2016,5527
2016,5899
2016,6136
2016,6420
2016,6536
2016,7304
2017,258
2017,552
2017,593
2017,770
2017,2198
2017,3051
2017,3895
2017,4296
2017,4384
2017,4680
2017,5404
2017,5709
2017,6098
2017,6551
2017,6702
2018,3309
2018,4964
2019,136
2019,442
2019,556
2019,1016
2019,1221
2019,1434
2019,1630
2019,1751
2019,2098
2019,2250
2019,2260
2019,2327
2019,2389
2019,2717
2019,3291
2019,3840
2019,4038
2019,4300
2019,4619
2019,4666
2019,4704
2019,4751
2019,5588
2019,5692
2019,6164
2019,6416
2019,6502
2019,6666
2019,6679
2019,6913
2019,7241
2019,7255
2020,44
2020,238
2020,396
2020,565
2020,799
2020,915
2020,929
2020,1025
2020,1033
2020,1208
2020,1265
2020,1553
2020,1837
2020,1886
2020,1971
2020,2278
2020,2442
2020,2466
2020,2597
2020,2687
2020,2692
2020,2846
2020,2858
2020,3200
2020,3402
2020,3522
2020,3568
2020,3694
2020,3863
2020,4059
2020,4119
2020,4396
2020,4444
2020,4481
2020,4977
2020,5021
2020,5149
2020,5196
2020,5809
2020,6158
2020,6415
2020,6498
2020,6697
2020,7004
2020,7199
2020,7350
2020,7499
2020,7533
2020,7625
2021,881
2021,986
2021,1069
2021,1113
2021,1293
2021,1406
2021,1430
2021,1927
2021,2143
2021,2299
2021,2339
2021,2370
2021,2377
2021,2905
2021,3183
2021,3190
2021,3269
2021,3311
2021,3503
2021,3664
2021,3868
2021,3895
2021,3948
2021,3950
2021,4054
2021,4343
2021,4376
2021,4384
2021,4469
2021,4710
2021,5091
2021,5098
2021,5111
2021,5171
2021,5296
2021,5350
2021,5650
2021,5936
2021,6017
2021,6086
2021,6588
2021,6743
2021,6803
2021,6933
2021,7067
2021,7239
2021,7288
2021,7330
2021,7422
2022,78
2022,427
2022,459
2022,647
2022,842
2022,1282
2022,1313
2022,1332
2022,1742
2022,1781
2022,1799
2022,1865
2022,2139
2022,2369
2022,2842
2022,3288
2022,3350
2022,3416
2022,3940
2022,4052
2022,4099
2022,4175
2022,4224
2022,4298
2022,4425
2022,4515
2022,4721
2022,4740
2022,4911
2022,4965
2022,4981
2022,5005
2022,5102
2022,5113
2022,5242
2022,5252
2022,5319
2022,5416
2022,5426
2022,5431
2022,5565
2022,5607
2022,5655
2022,5681
2022,5831
2022,5871
2022,6132
2022,6218
2022,6220
2022,6239
2022,6273
2022,6559
2022,6734
2022,6865
2022,6918
2022,7027
2022,7249
2022,7431
2022,7484
2022,7515
2022,7554
2022,7642
2022,7645
2024,40
2024,143
2024,456
2024,881
2024,1185
2024,1189
2024,1429
2024,2043
2024,2113
2024,2145
2024,2239
2024,2415
2024,2586
2024,2626
2024,2738
2024,2801
2024,3277
2024,3339
2024,3532
2024,3990
2024,4522
2024,4805
2024,4940
2024,4987
2024,5022
2024,5839
2024,5993
2024,7032
2024,7330
2025,577
2025,873
2025,1998
2025,2252
2025,2619
2025,3208
2025,4520
2025,4664
2025,4878
2025,5322
2025,5988
2025,6304
2025,7132
2025,7329
2026,30
2026,225
2026,499
2026,526
2026,628
2026,669
2026,809
2026,896
2026,922
2026,986
2026,1291
2026,1601
2026,1761
2026,2041
2026,2092
2026,2111
2026,2356
2026,2402
2026,2567
2026,2917
2026,3457
2026,3510
2026,3725
2026,4115
2026,4116
2026,4502
2026,4503
2026,4609
2026,4805
2026,4858
2026,4990
2026,5070
2026,5115
2026,5170
2026,5234
2026,5264
2026,5739
2026,6038
2026,6170
2026,6408
2026,6512
2026,6569
2026,6715
2026,6909
2026,6916
2026,7077
2026,7130
2026,7233
2026,7250
2026,7312
2026,7318
2026,7325
2026,7608
2027,128
2027,252
2027,564
2027,822
2027,1300
2027,1358
2027,1550
2027,2094
2027,2378
2027,2707
2027,3418
2027,4327
2027,5192
2027,5486
2027,5625
2027,6555
2027,7094
2027,7393
2028,73
2028,495
2028,502
2028,551
2028,748
2028,771
2028,861
2028,1013
2028,1030
2028,1069
2028,1091
2028,1189
2028,1225
2028,1418
2028,1432
2028,1572
2028,1660
2028,1682
2028,1794
2028,1831
2028,1958
2028,2143
2028,2490
2028,2625
2028,2894
2028,2993
2028,3015
2028,3223
2028,3330
2028,3404
2028,3421
2028,3607
2028,3821
2028,3866
2028,3871
2028,3895
2028,3959
2028,4037
2028,4046
2028,4054
2028,4890
2028,5082
2028,5098
2028,5171
2028,5280
2028,5366
2028,5652
2028,5957
2028,6001
2028,6017
2028,6675
2028,6864
2028,7067
2028,7149
2028,7171
2028,7222
2028,7269
2028,7330
2028,7452
2028,7478
2028,7480
2028,7603
2028,7623
2028,7624
2029,281
2029,354
2029,452
2029,457
2029,594
2029,799
2029,929
2029,1147
2029,1208
2029,1265
2029,1713
2029,1968
2029,1971
2029,2185
2029,2278
2029,2578
2029,2580
2029,2642
2029,2841
2029,2846
2029,2858
2029,3110
2029,3338
2029,3402
2029,3769
2029,3943
2029,4036
2029,4119
2029,4139
2029,4481
2029,4547
2029,5021
2029,5073
2029,6158
2029,6672
2029,6697
2029,6883
2030,28
2030,89
2030,258
2030,260
2030,261
2030,269
2030,377
2030,482
2030,593
2030,633
2030,811
2030,813
2030,868
2030,1357
2030,1513
2030,1663
2030,1723
2030,1746
2030,1899
2030,1993
2030,2106
2030,2198
2030,2239
2030,2586
2030,2618
2030,2738
2030,2868
2030,3185
2030,3277
2030,3578
2030,3748
2030,3856
2030,3951
2030,4352
2030,4522
2030,4578
2030,4630
2030,4983
2030,5006
2030,5139
2030,5255
2030,5381
2030,5404
2030,5679
2030,5734
2030,5797
2030,5881
2030,6069
2030,6484
2030,6551
2030,6678
2030,6702
2030,7003
2030,7150
2030,7204
2030,7280
2030,7395
2030,7464
2030,7535
2030,7607
2031,308
2031,990
2031,1225
2031,2529
2031,2993
2031,3223
2031,3978
2031,4692
2031,7467
2032,111
2032,495
2032,760
2032,764
2032,1058
2032,1280
2032,1418
2032,1673
2032,1993
2032,2143
2032,2198
2032,2205
2032,2239
2032,2368
2032,2502
2032,3433
2032,3469
2032,3548
2032,3578
2032,3612
2032,3723
2032,4198
2032,4371
2032,4805
2032,5091
2032,5132
2032,5234
2032,5378
2032,5664
2032,5667
2032,6064
2032,6211
2032,6219
2032,7164
2032,7467
2032,7481
2032,7518
2033,85
2033,201
2033,260
2033,593
2033,789
2033,1058
2033,1268
2033,1293
2033,1368
2033,1415
2033,1453
2033,1478
2033,1621
2033,1624
2033,1665
2033,1775
2033,1959
2033,2039
2033,2106
2033,2194
2033,2198
2033,2215
2033,2239
2033,2370
2033,2377
2033,2600
2033,2657
2033,2911
2033,3025
2033,3183
2033,3297
2033,3311
2033,3362
2033,3546
2033,3895
2033,4080
2033,4376
2033,4384
2033,4535
2033,5296
2033,5641
2033,5707
2033,5714
2033,5740
2033,5816
2033,5881
2033,6208
2033,6551
2033,6562
2033,6618
2033,6760
2033,7101
2033,7171
2033,7252
2033,7572
2033,7582
2034,21
2034,67
2034,93
2034,373
2034,872
2034,1009
2034,1057
2034,1107
2034,1161
2034,1381
2034,1443
2034,1534
2034,1681
2034,1964
2034,1989
2034,2074
2034,2136
2034,2606
2034,2662
2034,2830
2034,2833
2034,2875
2034,3145
2034,3227
2034,3244
2034,3396
2034,3746
2034,3993
2034,4336
2034,4346
2034,4533
2034,4698
2034,4906
2034,5026
2034,5358
2034,5644
2034,5723
2034,5913
2034,6504
2034,6773
2034,6813
2034,6817
2034,6821
2034,7427
2035,642
2035,1015
2035,1565
2035,1822
2035,1953
2035,2053
2035,2100
2035,2230
2035,2976
2035,3156
2035,3175
2035,3292
2035,3417
2035,3603
2035,4242
2035,4258
2035,4720
2035,4732
2035,4843
2035,4866
2035,5020
2035,5548
2035,5642
2035,5789
2035,6044
2035,6050
2035,6205
2035,6324
2035,6755
2035,6819
2035,7497
2035,7562
2035,7575
2036,70
2036,1270
2036,5506
2037,136
2037,556
2037,649
2037,661
2037,786
2037,877
2037,972
2037,1221
2037,1272
2037,1685
2037,1751
2037,1759
2037,1766
2037,1851
2037,1863
2037,2281
2037,2357
2037,2389
2037,2419
2037,2446
2037,2557
2037,2629
2037,2643
2037,3401
2037,3553
2037,3575
2037,3820
2037,4034
2037,4300
2037,4479
2037,4583
2037,4666
2037,4758
2037,4772
2037,5306
2037,5329
2037,5451
2037,5825
2037,6046
2037,6104
2037,6520
2037,6679
2037,6913
2037,7075
2037,7255
2037,7366
2038,303
2038,1468
2038,5135
2038,6062
2038,7460
2039,27
2039,85
2039,132
2039,192
2039,260
2039,421
2039,455
2039,593
2039,726
2039,795
2039,811
2039,813
2039,863
2039,951
2039,1058
2039,1067
2039,1097
2039,1113
2039,1210
2039,1211
2039,1226
2039,1232
2039,1254
2039,1268
2039,1330
2039,1453
2039,1540
2039,1634
2039,1712
2039,1735
2039,1798
2039,1847
2039,1880
2039,1927
2039,1965
2039,2013
2039,2033
2039,2106
2039,2198
2039,2239
2039,2313
2039,2370
2039,2377
2039,2549
2039,2571
2039,2661
2039,2770
2039,2855
2039,2991
2039,3050
2039,3183
2039,3184
2039,3226
2039,3264
2039,3269
2039,3459
2039,3502
2039,3593
2039,3692
2039,3713
2039,3867
2039,3895
2039,3910
2039,3970
2039,4164
2039,4184
2039,4369
2039,4376
2039,4384
2039,4535
2039,4556
2039,4608
2039,4680
2039,4806
2039,5132
2039,5148
2039,5278
2039,5296
2039,5404
2039,5531
2039,5626
2039,5649
2039,5707
2039,5730
2039,5816
2039,5855
2039,5955
2039,5976
2039,6024
2039,6098
2039,6208
2039,6287
2039,6409
2039,6468
2039,6507
2039,6551
2039,6702
2039,6707
2039,6774
2039,6794
2039,6802
2039,6895
2039,6906
2039,7046
2039,7071
2039,7085
2039,7170
2039,7174
2039,7280
2039,7289
2039,7296
2039,7369
2039,7410
2039,7464
2039,7465
2039,7520
2039,7535
2039,7572
2039,7582
2039,7607
2040,103
2040,762
2040,903
2040,1218
2040,1293
2040,1427
2040,1540
2040,1798
2040,1860
2040,2086
2040,2106
2040,2239
2040,2290
2040,3171
2040,3183
2040,3698
2040,4080
2040,4083
2040,4174
2040,4384
2040,4420
2040,4803
2040,4952
2040,5222
2040,5525
2040,6039
2040,6297
2040,6618
2040,7464
2040,7599
2041,631
2041,669
2041,1362
2041,1407
2041,1429
2041,2026
2041,2111
2041,2462
2041,3265
2041,3387
2041,3443
2041,3457
2041,3725
2041,3956
2041,3989
2041,4805
2041,5063
2041,5142
2041,5388
2041,5539
2041,6038
2041,6378
2041,6436
2041,6481
2041,6569
2041,6896
2041,6916
2041,7077
2042,260
2042,1104
2042,1268
2042,2106
2042,2166
2042,2198
2042,2239
2042,3264
2042,3277
2042,4164
2042,4952
2042,5404
2042,5707
2042,5816
2042,7330
2042,7395
2043,137
2043,456
2043,551
2043,601
2043,881
2043,947
2043,1215
2043,1603
2043,1610
2043,1961
2043,2024
2043,2086
2043,2113
2043,2198
2043,2201
2043,2239
2043,3171
2043,3503
2043,3607
2043,3698
2043,4174
2043,4768
2043,4952
2043,5234
2043,5251
2043,5263
2043,5404
2043,5452
2043,5464
2043,5674
2043,6297
2043,6447
2043,6717
2043,7072
2043,7330
2043,7357
2043,7395
2044,128
2044,252
2044,564
2044,908
2044,1358
2044,1435
2044,1550
2044,2094
2044,2263
2044,2378
2044,2707
2044,2944
2044,3365
2044,3418
2044,3478
2044,3484
2044,3555
2044,3706
2044,4277
2044,4430
2044,4769
2044,4882
2044,5118
2044,5192
2044,5486
2044,5625
2044,5636
2044,6162
2044,6555
2044,6955
2044,7094
2044,7235
2045,456
2045,920
2045,1280
2045,1429
2045,2826
2045,3856
2045,4033
2045,5496
2045,6807
2045,7351
2046,7
2046,399
2046,441
2046,464
2046,853
2046,991
2046,1053
2046,1460
2046,2180
2046,2255
2046,3048
2046,3420
2046,3481
2046,3536
2046,3730
2046,3811
2046,3843
2046,4035
2046,4265
2046,5045
2046,5161
2046,5600
2046,6357
2046,6380
2046,6687
2047,533
2047,3559
2047,4153
2047,4174
2047,5378
2047,6506
2047,6917
2047,7276
2048,260
2048,593
2048,766
2048,951
2048,1058
2048,1575
2048,1668
2048,2618
2048,2808
2048,4164
2048,4376
2048,4616
2048,4787
2048,5707
2048,6492
2048,6702
2048,7044
2048,7296
2048,7369
2049,523
2049,648
2049,654
2049,752
2049,1058
2049,1414
2049,1575
2049,1853
2049,1862
2049,2431
2049,2772
2049,3005
2049,3202
2049,3240
2049,3384
2049,3566
2049,4148
2049,4268
2049,4376
2049,4378
2049,4805
2049,5036
2049,5108
2049,5251
2049,5313
2049,5550
2049,6272
2049,6486
2049,6592
2049,7416
2049,7481
2050,338
2050,399
2050,401
2050,842
2050,1742
2050,1781
2050,1865
2050,1937
2050,2139
2050,2842
2050,3940
2050,4175
2050,4224
2050,4265
2050,4425
2050,4675
2050,5102
2050,5426
2050,5431
2050,5565
2050,5569
2050,5600
2050,5831
2050,6218
2050,6559
2050,6853
2050,7027
2050,7515
2051,21
2051,52
2051,93
2051,241
2051,545
2051,588
2051,827
2051,1107
2051,1536
2051,1989
2051,3145
2051,3248
2051,3396
2051,3661
2051,4336
2051,4341
2051,4587
2051,4875
2051,5238
2051,5684
2051,5746
2051,5838
2051,6072
2051,6429
2051,6432
2051,6443
2051,6817
2051,7026
2051,7620
2052,150
2052,195
2052,241
2052,549
2052,893
2052,1175
2052,1338
2052,1403
2052,1416
2052,1629
2052,2422
2052,2644
2052,2709
2052,2799
2052,3300
2052,3869
2052,4633
2052,4665
2052,4775
2052,5185
2052,5221
2052,5454
2052,5802
2052,5857
2052,6005
2052,6493
2052,6599
2052,7112
2052,7190
2052,7334
2053,135
2053,1015
2053,1565
2053,1588
2053,1822
2053,1953
2053,2035
2053,2785
2053,2976
2053,3112
2053,3571
2053,3603
2053,4275
2053,4291
2053,4657
2053,4720
2053,4732
2053,4843
2053,4866
2053,5276
2053,5548
2053,5558
2053,5592
2053,5642
2053,5789
2053,5854
2053,5960
2053,6044
2053,6573
2053,6755
2053,6819
2053,7450
2053,7497
2053,7516
2053,7562
2053,7563
2053,7575
2054,7
2054,247
2054,464
2054,781
2054,1204
2054,1471
2054,1852
2054,1895
2054,2180
2054,2475
2054,2504
2054,3048
2054,3204
2054,3263
2054,3315
2054,3471
2054,3489
2054,3610
2054,3843
2054,4035
2054,4265
2054,4334
2054,4598
2054,4600
2054,4644
2054,4648
2054,4795
2054,4897
2054,5147
2054,5236
2054,5275
2054,5393
2054,5600
2054,5755
2054,6255
2054,6390
2054,6607
2054,6641
2055,73
2055,308
2055,495
2055,551
2055,748
2055,766
2055,771
2055,930
2055,1069
2055,1225
2055,1339
2055,1802
2055,1817
2055,2143
2055,2372
2055,2425
2055,3607
2055,3821
2055,3866
2055,3871
2055,3922
2055,4054
2055,4692
2055,4790
2055,4851
2055,4890
2055,5378
2055,5455
2055,5676
2055,5948
2055,5957
2055,5998
2055,7022
2055,7102
2055,7226
2055,7269
2055,7370
2055,7486
2055,7584
2055,7624
2056,394
2056,1535
2056,2608
2056,3159
2056,3168
2056,3227
2056,3425
2056,3819
2056,3869
2056,3949
2056,4738
2056,5221
2056,5331
2056,5638
2056,6642
2056,7260
2056,7334
2057,2665
2058,583
2058,1802
2058,3152
2058,3158
2058,3162
2058,3887
2058,3895
2058,4376
2058,5676
2058,5749
2058,7067
2058,7486
2059,26
2059,212
2059,283
2059,304
2059,352
2059,526
2059,584
2059,655
2059,683
2059,808
2059,867
2059,956
2059,994
2059,1196
2059,1287
2059,1291
2059,1521
2059,2215
2059,2325
2059,2376
2059,2402
2059,2536
2059,2703
2059,2903
2059,3083
2059,3134
2059,3246
2059,3270
2059,3296
2059,3457
2059,3506
2059,3539
2059,3542
2059,3559
2059,3920
2059,4067
2059,4153
2059,4696
2059,4811
2059,4917
2059,4982
2059,5120
2059,5174
2059,5739
2059,5798
2059,5851
2059,5917
2059,6026
2059,6029
2059,6296
2059,6412
2059,6427
2059,6464
2059,6569
2059,6630
2059,6909
2059,6920
2059,7102
2059,7322
2059,7569
2060,184
2060,258
2060,841
2060,1058
2060,1210
2060,1293
2060,1744
2060,2380
2060,2410
2060,2765
2060,2911
2060,3050
2060,3061
2060,3493
2060,3748
2060,3895
2060,4156
2060,4164
2060,4223
2060,4376
2060,4384
2060,4570
2060,4870
2060,5048
2060,5070
2060,5286
2060,5518
2060,6040
2060,6400
2060,6760
2060,6811
2060,6887
2060,6930
2060,7171
2060,7212
2061,102
2061,1490
2061,3067
2061,3660
2061,3933
2061,3986
2061,5282
2061,5570
2061,6927
2061,6950
2062,40
2062,143
2062,161
2062,262
2062,389
2062,456
2062,1098
2062,1185
2062,2113
2062,2145
2062,2415
2062,2586
2062,2795
2062,2801
2062,3157
2062,3179
2062,3216
2062,3339
2062,3990
2062,4029
2062,4031
2062,4154
2062,4173
2062,4294
2062,4301
2062,4565
2062,4569
2062,4735
2062,4940
2062,5504
2062,5993
2062,6369
2062,6452
2062,6761
2062,7032
2062,7290
2062,7298
2063,1678
2063,6942
2064,19
2064,166
2064,355
2064,420
2064,520
2064,595
2064,617
2064,667
2064,699
2064,741
2064,884
2064,982
2064,1061
2064,1438
2064,1455
2064,1537
2064,1692
2064,1702
2064,1737
2064,1762
2064,1808
2064,1824
2064,1903
2064,1923
2064,1995
2064,2168
2064,2182
2064,2333
2064,2790
2064,2915
2064,3030
2064,3104
2064,3258
2064,3366
2064,3759
2064,3774
2064,3915
2064,4005
2064,4087
2064,4145
2064,4226
2064,4237
2064,4292
2064,4443
2064,4567
2064,4599
2064,4610
2064,4615
2064,4763
2064,4849
2064,4925
2064,4947
2064,4951
2064,4978
2064,4984
2064,5011
2064,5092
2064,5100
2064,5153
2064,5283
2064,5419
2064,5439
2064,5444
2064,5515
2064,5523
2064,5547
2064,5618
2064,5675
2064,5793
2064,5803
2064,5884
2064,6042
2064,6130
2064,6153
2064,6173
2064,6194
2064,6221
2064,6234
2064,6247
2064,6362
2064,6396
2064,6419
2064,6480
2064,6652
2064,6671
2064,6975
2064,6993
2064,7001
2064,7009
2064,7065
2064,7271
2064,7282
2064,7291
2064,7343
2064,7404
2064,7451
2064,7461
2064,7530
2064,7565
2065,675
2065,2295
2065,2927
2065,5123
2065,5354
2065,5664
2065,5895
2066,109
2066,264
2066,835
2066,1589
2066,1769
2066,1915
2066,1956
2066,1979
2066,2005
2066,2089
2066,2198
2066,2239
2066,2317
2066,2345
2066,2356
2066,2706
2066,2907
2066,3249
2066,3273
2066,3317
2066,3469
2066,3578
2066,3612
2066,3697
2066,3817
2066,4371
2066,4376
2066,4805
2066,4831
2066,4863
2066,4967
2066,5052
2066,5079
2066,5206
2066,5213
2066,5215
2066,5307
2066,5447
2066,5545
2066,5889
2066,6189
2066,6570
2066,6960
2066,7125
2066,7300
2066,7467
2067,481
2067,744
2067,855
2067,1223
2067,1475
2067,1622
2067,1830
2067,2499
2067,3180
2067,3449
2067,3487
2067,3733
2067,3904
2067,4244
2067,4411
2067,4459
2067,4485
2067,4498
2067,4663
2067,5038
2067,5383
2067,5974
2067,6106
2067,6185
2067,6311
2067,6488
2067,6924
2067,7214
2067,7383
2067,7489
2067,7598
2068,544
2068,707
2068,1036
2068,1239
2068,1353
2068,1700
2068,2000
2068,2228
2068,2239
2068,2303
2068,2360
2068,2613
2068,3152
2068,3232
2068,3329
2068,3557
2068,3573
2068,3631
2068,3911
2068,4118
2068,4308
2068,4482
2068,4555
2068,4725
2068,4908
2068,5604
2068,5630
2068,5839
2068,6198
2068,6274
2068,6298
2068,6314
2068,6719
2068,6868
2068,6946
2068,6967
2068,7039
2068,7191
2068,7376
2068,7441
2068,7548
2068,7579
2069,1207
2069,1405
2069,1793
2069,2085
2069,2942
2069,3033
2069,3200
2069,3390
2069,3519
2069,3694
2069,4079
2069,4299
2069,4370
2069,5096
2069,5621
2069,5905
2069,5956
2069,6543
2069,6903
2069,7002
2069,7138
2069,7199
2070,28
2070,143
2070,161
2070,456
2070,1185
2070,1280
2070,1429
2070,1929
2070,1962
2070,2220
2070,2415
2070,2438
2070,2586
2070,2738
2070,2795
2070,2801
2070,3054
2070,3157
2070,3179
2070,3224
2070,3328
2070,3339
2070,3856
2070,3888
2070,3931
2070,3966
2070,4031
2070,4033
2070,4100
2070,4173
2070,4294
2070,4373
2070,4522
2070,4854
2070,5181
2070,5500
2070,5504
2070,5610
2070,5708
2070,6015
2070,6210
2070,6379
2070,6403
2070,7020
2070,7032
2071,20
2071,73
2071,162
2071,229
2071,305
2071,1679
2071,1707
2071,1757
2071,2663
2071,2751
2071,3359
2071,3698
2071,4015
2071,4433
2071,5305
2071,5420
2071,5467
2071,5550
2071,5614
2071,5772
2071,6411
2071,6490
2071,6733
2071,6828
2071,6951
2071,7077
2071,7196
2072,5067
2073,147
2073,221
2073,481
2073,561
2073,685
2073,744
2073,746
2073,837
2073,943
2073,1223
2073,1509
2073,1529
2073,1562
2073,1622
2073,1646
2073,1683
2073,2395
2073,2449
2073,2491
2073,2499
2073,2983
2073,3180
2073,3211
2073,3449
2073,3452
2073,3733
2073,4191
2073,4244
2073,4478
2073,4485
2073,4564
2073,4585
2073,4663
2073,5072
2073,5489
2073,5609
2073,5718
2073,5896
2073,5974
2073,6168
2073,6222
2073,6227
2073,6311
2073,6488
2073,6609
2073,6625
2073,6709
2073,6924
2073,7383
2073,7444
2073,7489
2073,7598
2074,67
2074,93
2074,650
2074,872
2074,1009
2074,1057
2074,1087
2074,1107
2074,1161
2074,2034
2074,2830
2074,2875
2074,3244
2074,3354
2074,3396
2074,3534
2074,3622
2074,3746
2074,3993
2074,4025
2074,4336
2074,4698
2074,5026
2074,5358
2074,5583
2074,5644
2074,5713
2074,6201
2074,6504
2074,6674
2074,6773
2074,6817
2075,365
2075,1681
2075,5043
2076,884
2077,43
2077,148
2077,160
2077,402
2077,630
2077,668
2077,676
2077,765
2077,887
2077,918
2077,1087
2077,1109
2077,1626
2077,1691
2077,2236
2077,2300
2077,2416
2077,2477
2077,2607
2077,2749
2077,2963
2077,2966
2077,3108
2077,3205
2077,3495
2077,3645
2077,3934
2077,4108
2077,4272
2077,4520
2077,4560
2077,4689
2077,4742
2077,4779
2077,5065
2077,5370
2077,5423
2077,5482
2077,5514
2077,5616
2077,5617
2077,5624
2077,5708
2077,5988
2077,6418
2077,6433
2077,7030
2077,7068
2077,7129
2077,7618
2078,66
2078,101
2078,108
2078,195
2078,394
2078,530
2078,941
2078,1340
2078,1556
2078,1964
2078,2412
2078,2646
2078,2833
2078,3086
2078,3107
2078,3227
2078,3239
2078,3244
2078,3819
2078,4106
2078,4232
2078,4424
2078,4628
2078,4970
2078,5035
2078,5221
2078,5794
2078,5817
2078,5872
2078,6621
2078,6813
2078,6838
2078,7217
2078,7334
2078,7433
2079,219
2079,932
2079,1303
2079,1422
2079,2318
2079,2439
2079,3569
2079,3879
2079,4599
2079,6347
2079,7460
2079,7500
2080,2269
2080,4266
2080,5874
2081,523
2081,634
2081,648
2081,1261
2081,1335
2081,1394
2081,2113
2081,2213
2081,2527
2081,2897
2081,3351
2081,3566
2081,4282
2081,4462
2081,4823
2081,5175
2081,5470
2081,5550
2081,5571
2081,5778
2081,6142
2081,6548
2081,6558
2081,6590
2081,6721
2081,7087
2082,286
2082,300
2082,330
2082,407
2082,1008
2082,1216
2082,1235
2082,1274
2082,1530
2082,1755
2082,1789
2082,1921
2082,2119
2082,2464
2082,2721
2082,2865
2082,3285
2082,3668
2082,3728
2082,3977
2082,4030
2082,5244
2082,5770
2082,5792
2082,5837
2082,6032
2082,6364
2082,6471
2082,6857
2082,6885
2082,7161
2082,7242
2082,7303
2083,701
2083,1035
2083,2293
2083,2764
2083,3153
2083,3197
2083,3590
2083,4137
2083,5563
2083,5821
2083,5913
2083,6283
2083,6337
2083,6433
2083,6523
2083,6739
2083,7155
2083,7433
2084,40
2084,48
2084,143
2084,161
2084,217
2084,456
2084,629
2084,1184
2084,1185
2084,1417
2084,1948
2084,2113
2084,2415
2084,2438
2084,2586
2084,2626
2084,2678
2084,2738
2084,2795
2084,2801
2084,3179
2084,3339
2084,3585
2084,3888
2084,4029
2084,4173
2084,4294
2084,4301
2084,4373
2084,4735
2084,4940
2084,5001
2084,5022
2084,5504
2084,5807
2084,5993
2084,5997
2084,6210
2084,6369
2084,6379
2084,6389
2084,6761
2084,7020
2084,7032
2084,7330
2085,798
2085,1085
2085,1207
2085,1257
2085,1341
2085,1352
2085,1606
2085,1793
2085,1968
2085,2069
2085,2167
2085,3126
2085,3200
2085,3505
2085,3694
2085,4079
2085,4339
2085,4370
2085,4794
2085,5477
2085,5850
2085,5905
2085,6080
2085,6285
2085,6543
2085,6809
2085,6903
2085,7002
2085,7082
2085,7185
2085,7199
2085,7315
2085,7605
2086,42
2086,85
2086,103
2086,304
2086,369
2086,1011
2086,1287
2086,1293
2086,1427
2086,1663
2086,1782
2086,2040
2086,2043
2086,2106
2086,2620
2086,3171
2086,3428
2086,3532
2086,3895
2086,3930
2086,4049
2086,4083
2086,4097
2086,4174
2086,4384
2086,4490
2086,4641
2086,4952
2086,5222
2086,6588
2086,6618
2086,6646
2086,6660
2086,6738
2086,7269
2086,7296
2086,7330
2086,7395
2086,7535
2086,7603
2086,7607
2087,593
2087,766
2087,1663
2087,1744
2087,1763
2087,1798
2087,2198
2087,2239
2087,3277
2087,3866
2087,4243
2087,4768
2087,5372
2087,6551
2087,6702
2087,7395
2088,3541
2088,5809
2088,6415
2088,7499
2088,7571
2089,336
2089,434
2089,456
2089,495
2089,583
2089,766
2089,1058
2089,1426
2089,1494
2089,1575
2089,1802
2089,1817
2089,1979
2089,2066
2089,2198
2089,2427
2089,3158
2089,3295
2089,3578
2089,3922
2089,4042
2089,4376
2089,4480
2089,4805
2089,4851
2089,5132
2089,5378
2089,6048
2089,6096
2089,6409
2089,7022
2089,7467
2089,7486
2090,57
2090,275
2090,316
2090,324
2090,328
2090,463
2090,556
2090,570
2090,698
2090,749
2090,787
2090,801
2090,806
2090,828
2090,882
2090,909
2090,1016
2090,1037
2090,1038
2090,1360
2090,1391
2090,1396
2090,1428
2090,1434
2090,1531
2090,1583
2090,1609
2090,1648
2090,1685
2090,1696
2090,1734
2090,1736
2090,1759
2090,1849
2090,1947
2090,1969
2090,2103
2090,2134
2090,2147
2090,2189
2090,2250
2090,2260
2090,2326
2090,2446
2090,2474
2090,2508
2090,2552
2090,2596
2090,2623
2090,2635
2090,2717
2090,2822
2090,2946
2090,3091
2090,3099
2090,3291
2090,3324
2090,3346
2090,3529
2090,3543
2090,3565
2090,3597
2090,3640
2090,3649
2090,3663
2090,3714
2090,3722
2090,3805
2090,3825
2090,4034
2090,4038
2090,4048
2090,4070
2090,4142
2090,4245
2090,4264
2090,4281
2090,4342
2090,4375
2090,4412
2090,4504
2090,4548
2090,4603
2090,4614
2090,4667
2090,4704
2090,4739
2090,4759
2090,4881
2090,4883
2090,4938
2090,4960
2090,4972
2090,5045
2090,5069
2090,5164
2090,5250
2090,5272
2090,5409
2090,5448
2090,5465
2090,5540
2090,5602
2090,5662
2090,5706
2090,5753
2090,5848
2090,5856
2090,6010
2090,6164
2090,6212
2090,6357
2090,6363
2090,6416
2090,6532
2090,6534
2090,6765
2090,6771
2090,6772
2090,6793
2090,6881
2090,7073
2090,7086
2090,7272
2090,7366
2090,7555
2091,467
2091,6154
2091,6476
2092,526
2092,669
2092,892
2092,898
2092,1196
2092,1241
2092,1733
2092,1919
2092,2026
2092,2111
2092,2917
2092,3295
2092,3492
2092,3510
2092,3742
2092,3964
2092,4069
2092,4990
2092,5115
2092,5786
2092,6569
2092,6879
2092,7130
2092,7250
2092,7313
2092,7608
2093,28
2093,360
2093,526
2093,1429
2093,1645
2093,2376
2093,2581
2093,3273
2093,3384
2093,3457
2093,3510
2093,3779
2093,3964
2093,4009
2093,4116
2093,4376
2093,4805
2093,5115
2093,5264
2093,5335
2093,5719
2093,6038
2093,6388
2093,6464
2093,6570
2093,6668
2093,6909
2093,7130
2093,7250
2094,9
2094,128
2094,252
2094,564
2094,796
2094,822
2094,872
2094,908
2094,1300
2094,1358
2094,1435
2094,1490
2094,1550
2094,2027
2094,2044
2094,2263
2094,2378
2094,2707
2094,2944
2094,3365
2094,3478
2094,3555
2094,3877
2094,4277
2094,4430
2094,4769
2094,4882
2094,5118
2094,5192
2094,5486
2094,5625
2094,5636
2094,5933
2094,6555
2094,6955
2094,7094
2094,7223
2094,7235
2094,7393
2095,26
2095,42
2095,134
2095,383
2095,419
2095,592
2095,659
2095,739
2095,924
2095,1002
2095,1024
2095,1082
2095,1092
2095,1194
2095,1236
2095,1351
2095,1591
2095,1744
2095,1797
2095,1899
2095,2117
2095,2198
2095,2309
2095,2556
2095,2685
2095,2778
2095,2819
2095,2887
2095,3020
2095,3053
2095,3063
2095,3243
2095,3247
2095,3294
2095,3657
2095,3721
2095,3923
2095,4013
2095,4082
2095,4161
2095,4248
2095,4295
2095,4345
2095,4376
2095,4650
2095,4805
2095,4812
2095,4828
2095,4848
2095,4912
2095,5070
2095,5133
2095,5234
2095,5293
2095,5568
2095,5595
2095,5597
2095,5703
2095,5958
2095,6175
2095,6289
2095,6343
2095,6353
2095,6371
2095,6381
2095,6790
2095,6902
2095,6983
2095,7119
2095,7283
2095,7398
2095,7464
2095,7601
2096,128
2096,252
2096,564
2096,908
2096,1358
2096,1888
2096,2263
2096,2378
2096,2944
2096,3478
2096,4024
2096,4594
2096,4882
2096,5486
2096,5625
2096,5636
2096,6162
2096,7235
2098,136
2098,517
2098,649
2098,972
2098,1434
2098,1759
2098,2006
2098,2019
2098,2132
2098,2260
2098,2281
2098,2312
2098,2324
2098,2557
2098,2681
2098,2806
2098,2925
2098,3065
2098,3356
2098,3588
2098,3628
2098,3840
2098,3874
2098,4300
2098,4312
2098,4676
2098,4704
2098,4728
2098,4758
2098,4956
2098,4960
2098,5245
2098,5306
2098,5329
2098,5692
2098,5825
2098,6104
2098,6164
2098,6416
2098,6502
2098,6603
2098,6679
2098,6997
2098,7284
2099,517
2099,879
2099,1272
2099,1346
2099,1709
2099,1867
2099,1969
2099,2114
2099,2250
2099,2324
2099,2622
2099,2754
2099,3116
2099,4264
2099,4539
2099,4566
2099,5668
2099,6465
2099,6502
2099,6520
2099,6552
2099,6679
2099,7188
2099,7566
2100,56
2100,135
2100,157
2100,1015
2100,1288
2100,1440
2100,1565
2100,1588
2100,1756
2100,1822
2100,1953
2100,1988
2100,2035
2100,2245
2100,2282
2100,3094
2100,3417
2100,3603
2100,4275
2100,4291
2100,4321
2100,4657
2100,4720
2100,4732
2100,4843
2100,4866
2100,4907
2100,5434
2100,5548
2100,5558
2100,5578
2100,5592
2100,5789
2100,5854
2100,5861
2100,5960
2100,6120
2100,6573
2100,6577
2100,6755
2100,6819
2100,7450
2100,7497
2100,7516
2100,7562
2100,7563
2100,7595
2100,7620
2101,131
2101,615
2101,1487
2101,1593
2101,1804
2101,3905
2101,4472
2101,5256
2101,5591
2101,7208
2101,7631
2102,258
2102,351
2102,593
2102,811
2102,1165
2102,1186
2102,1467
2102,1513
2102,1628
2102,1744
2102,1752
2102,1797
2102,1899
2102,2198
2102,2380
2102,2649
2102,2689
2102,3008
2102,3185
2102,3422
2102,3623
2102,3683
2102,3704
2102,4023
2102,4127
2102,4380
2102,4638
2102,4755
2102,5013
2102,5362
2102,5495
2102,5518
2102,5734
2102,5904
2102,6315
2102,6414
2102,6526
2102,6688
2102,7215
2102,7247
2102,7280
2103,275
2103,328
2103,749
2103,806
2103,828
2103,909
2103,1583
2103,1696
2103,1759
2103,1849
2103,1969
2103,2090
2103,2134
2103,2326
2103,2622
2103,3346
2103,3543
2103,3565
2103,3649
2103,3663
2103,3722
2103,4056
2103,4614
2103,4739
2103,4881
2103,4938
2103,4960
2103,4972
2103,5448
2103,5602
2103,5848
2103,6212
2103,6793
2103,6842
2104,526
2104,1058
2104,2198
2104,2239
2104,2253
2104,2270
2104,2440
2104,2513
2104,2587
2104,2704
2104,2935
2104,3049
2104,4090
2104,4160
2104,4329
2104,4376
2104,4573
2104,4592
2104,4805
2104,5112
2104,5559
2104,5664
2104,6354
2104,6592
2104,7233
2104,7448
2105,44
2105,565
2105,799
2105,1208
2105,1886
2105,2466
2105,4396
2105,6498
2105,7499
2106,23
2106,85
2106,89
2106,103
2106,124
2106,152
2106,220
2106,226
2106,240
2106,258
2106,260
2106,336
2106,345
2106,346
2106,369
2106,375
2106,431
2106,475
2106,479
2106,482
2106,509
2106,538
2106,566
2106,593
2106,607
2106,629
2106,711
2106,735
2106,789
2106,795
2106,811
2106,814
2106,816
2106,903
2106,904
2106,916
2106,939
2106,945
2106,973
2106,986
2106,1011
2106,1018
2106,1067
2106,1097
2106,1113
2106,1137
2106,1184
2106,1211
2106,1218
2106,1249
2106,1254
2106,1268
2106,1368
2106,1370
2106,1399
2106,1421
2106,1427
2106,1447
2106,1453
2106,1456
2106,1467
2106,1478
2106,1485
2106,1496
2106,1513
2106,1540
2106,1545
2106,1621
2106,1624
2106,1668
2106,1690
2106,1708
2106,1735
2106,1738
2106,1784
2106,1798
2106,1840
2106,1847
2106,1860
2106,1907
2106,1945
2106,1959
2106,1965
2106,2013
2106,2030
2106,2033
2106,2039
2106,2040
2106,2042
2106,2086
2106,2129
2106,2159
2106,2198
2106,2212
2106,2239
2106,2290
2106,2302
2106,2313
2106,2365
2106,2370
2106,2384
2106,2406
2106,2521
2106,2549
2106,2571
2106,2600
2106,2617
2106,2620
2106,2621
2106,2661
2106,2671
2106,2814
2106,2882
2106,2888
2106,2921
2106,2938
2106,2956
2106,3025
2106,3039
2106,3073
2106,3093
2106,3125
2106,3171
2106,3177
2106,3183
2106,3184
2106,3185
2106,3234
2106,3264
2106,3289
2106,3311
2106,3347
2106,3362
2106,3370
2106,3373
2106,3377
2106,3406
2106,3408
2106,3428
2106,3459
2106,3476
2106,3493
2106,3502
2106,3538
2106,3608
2106,3693
2106,3734
2106,3748
2106,3756
2106,3762
2106,3859
2106,3948
2106,3954
2106,3970
2106,3996
2106,4074
2106,4080
2106,4083
2106,4095
2106,4157
2106,4174
2106,4184
2106,4190
2106,4233
2106,4243
2106,4253
2106,4286
2106,4303
2106,4326
2106,4355
2106,4376
2106,4384
2106,4402
2106,4420
2106,4453
2106,4463
2106,4483
2106,4510
2106,4556
2106,4578
2106,4608
2106,4616
2106,4682
2106,4737
2106,4778
2106,4785
2106,4787
2106,4803
2106,4806
2106,4839
2106,4865
2106,4871
2106,4919
2106,4952
2106,4983
2106,4987
2106,5222
2106,5259
2106,5261
2106,5278
2106,5296
2106,5344
2106,5365
2106,5385
2106,5404
2106,5463
2106,5471
2106,5525
2106,5532
2106,5557
2106,5593
2106,5626
2106,5689
2106,5707
2106,5730
2106,5734
2106,5740
2106,5756
2106,5797
2106,5799
2106,5816
2106,5855
2106,5955
2106,5975
2106,5976
2106,6039
2106,6066
2106,6075
2106,6077
2106,6082
2106,6121
2106,6183
2106,6188
2106,6208
2106,6265
2106,6284
2106,6313
2106,6315
2106,6335
2106,6397
2106,6434
2106,6449
2106,6461
2106,6462
2106,6468
2106,6487
2106,6510
2106,6540
2106,6551
2106,6553
2106,6562
2106,6646
2106,6660
2106,6678
2106,6702
2106,6704
2106,6707
2106,6714
2106,6723
2106,6801
2106,6802
2106,6810
2106,6811
2106,6847
2106,6890
2106,6892
2106,6895
2106,6906
2106,6933
2106,6971
2106,6981
2106,6984
2106,7071
2106,7170
2106,7182
2106,7209
2106,7252
2106,7280
2106,7353
2106,7395
2106,7410
2106,7465
2106,7487
2106,7520
2106,7535
2106,7537
2106,7580
2106,7582
2106,7597
2106,7599
2106,7607
2106,7628
2107,951
2107,2981
2107,3252
2107,3748
2107,5371
2107,5612
2107,6024
2107,6492
2107,7003
2107,7091
2108,1444
2108,1686
2108,2239
2108,3152
2108,3607
2108,4164
2109,96
2109,409
2109,550
2109,959
2109,1055
2109,1124
2109,1640
2109,1823
2109,1920
2109,2409
2109,2720
2109,2837
2109,3231
2109,3601
2109,3747
2109,3788
2109,3801
2109,3873
2109,3885
2109,4144
2109,4896
2109,4923
2109,4950
2109,4980
2109,5421
2109,5829
2109,6231
2109,6401
2109,6635
2109,6718
2109,7126
2109,7165
2110,907
2110,1290
2110,1760
2110,2465
2110,2880
2110,7418
2111,15
2111,30
2111,41
2111,65
2111,225
2111,352
2111,438
2111,499
2111,526
2111,600
2111,628
2111,669
2111,672
2111,684
2111,809
2111,896
2111,971
2111,986
2111,994
2111,1084
2111,1176
2111,1196
2111,1280
2111,1291
2111,1429
2111,1601
2111,1645
2111,1761
2111,2026
2111,2041
2111,2092
2111,2273
2111,2567
2111,2581
2111,2732
2111,2856
2111,2904
2111,2917
2111,2920
2111,3078
2111,3250
2111,3443
2111,3457
2111,3725
2111,3742
2111,3839
2111,3962
2111,3991
2111,4066
2111,4067
2111,4115
2111,4116
2111,4456
2111,4596
2111,4754
2111,4805
2111,4858
2111,4917
2111,4990
2111,5063
2111,5115
2111,5170
2111,5264
2111,5295
2111,5335
2111,5384
2111,5428
2111,5504
2111,5635
2111,5739
2111,6036
2111,6038
2111,6320
2111,6408
2111,6445
2111,6458
2111,6481
2111,6512
2111,6569
2111,6630
2111,6715
2111,6909
2111,6916
2111,7047
2111,7077
2111,7130
2111,7250
2111,7305
2111,7312
2111,7313
2111,7325
2111,7336
2111,7493
2111,7608
2111,7627
2112,587
2112,593
2112,936
2112,956
2112,1291
2112,1448
2112,1493
2112,2427
2112,2655
2112,4503
2112,5775
2112,5943
2112,6909
2113,1
2113,39
2113,40
2113,51
2113,75
2113,106
2113,107
2113,167
2113,211
2113,212
2113,217
2113,248
2113,287
2113,456
2113,483
2113,490
2113,526
2113,638
2113,680
2113,683
2113,747
2113,834
2113,856
2113,881
2113,964
2113,1098
2113,1106
2113,1139
2113,1212
2113,1215
2113,1245
2113,1315
2113,1379
2113,1409
2113,1479
2113,1486
2113,1610
2113,1624
2113,1627
2113,1722
2113,1725
2113,1729
2113,1894
2113,2024
2113,2043
2113,2062
2113,2081
2113,2084
2113,2143
2113,2145
2113,2211
2113,2588
2113,2648
2113,2701
2113,2901
2113,2905
2113,2959
2113,3013
2113,3037
2113,3194
2113,3278
2113,3320
2113,3351
2113,3503
2113,3515
2113,3591
2113,3643
2113,3664
2113,3775
2113,3870
2113,3888
2113,3895
2113,3944
2113,4029
2113,4031
2113,4186
2113,4259
2113,4376
2113,4384
2113,4674
2113,4680
2113,4719
2113,4735
2113,4745
2113,4890
2113,4987
2113,4991
2113,5022
2113,5111
2113,5188
2113,5216
2113,5263
2113,5289
2113,5321
2113,5368
2113,5396
2113,5420
2113,5433
2113,5464
2113,5661
2113,5674
2113,5801
2113,5843
2113,5864
2113,5953
2113,5963
2113,5997
2113,6063
2113,6079
2113,6105
2113,6119
2113,6176
2113,6210
2113,6301
2113,6412
2113,6417
2113,6452
2113,6588
2113,6660
2113,6683
2113,6878
2113,6898
2113,7007
2113,7032
2113,7035
2113,7102
2113,7128
2113,7269
2113,7322
2113,7359
2113,7409
2113,7525
2113,7556
2113,7589
2114,328
2114,442
2114,463
2114,516
2114,517
2114,541
2114,556
2114,649
2114,767
2114,786
2114,801
2114,882
2114,937
2114,1037
2114,1041
2114,1272
2114,1360
2114,1391
2114,1434
2114,1504
2114,1759
2114,1864
2114,2099
2114,2132
2114,2189
2114,2260
2114,2281
2114,2474
2114,2635
2114,2643
2114,2768
2114,3090
2114,3116
2114,3291
2114,3305
2114,3392
2114,3401
2114,3523
2114,3529
2114,3553
2114,3597
2114,3663
2114,3874
2114,4034
2114,4281
2114,4441
2114,4554
2114,4614
2114,4619
2114,4666
2114,4741
2114,4751
2114,4758
2114,4759
2114,4949
2114,5164
2114,5306
2114,5825
2114,5978
2114,6212
2114,6257
2114,6383
2114,6465
2114,6502
2114,6520
2114,6534
2114,6666
2114,6771
2114,6772
2114,6997
2114,7013
2114,7014
2114,7061
2114,7118
2114,7124
2114,7144
2114,7255
2114,7272
2114,7366
2114,7407
2114,7470
2114,7566
2114,7630
2114,7648
2115,89
2115,260
2115,304
2115,593
2115,710
2115,726
2115,727
2115,836
2115,869
2115,906
2115,951
2115,1058
2115,1097
2115,1152
2115,1210
2115,1211
2115,1214
2115,1254
2115,1415
2115,1447
2115,1485
2115,1491
2115,1582
2115,1634
2115,1663
2115,1668
2115,1684
2115,1796
2115,1798
2115,1842
2115,1959
2115,2010
2115,2129
2115,2198
2115,2287
2115,2313
2115,2370
2115,2406
2115,2553
2115,2571
2115,2808
2115,2881
2115,2916
2115,2921
2115,2961
2115,2981
2115,3074
2115,3081
2115,3237
2115,3363
2115,3384
2115,3459
2115,3547
2115,3693
2115,3713
2115,3748
2115,3808
2115,4080
2115,4090
2115,4157
2115,4210
2115,4376
2115,4385
2115,4608
2115,4642
2115,4688
2115,4787
2115,4805
2115,4806
2115,4827
2115,5070
2115,5108
2115,5194
2115,5344
2115,5372
2115,5404
2115,5468
2115,5559
2115,5612
2115,5646
2115,5707
2115,5740
2115,5816
2115,5833
2115,5881
2115,5937
2115,5945
2115,5955
2115,5976
2115,6021
2115,6024
2115,6066
2115,6354
2115,6414
2115,6492
2115,6551
2115,6702
2115,6706
2115,6707
2115,6787
2115,6930
2115,6968
2115,7003
2115,7023
2115,7044
2115,7070
2115,7071
2115,7091
2115,7105
2115,7166
2115,7277
2115,7369
2115,7464
2115,7568
2115,7582
2116,998
2116,2150
2116,2430
2116,2897
2116,6142
2117,26
2117,383
2117,552
2117,592
2117,739
2117,1082
2117,1194
2117,1236
2117,1591
2117,2095
2117,2294
2117,2556
2117,2685
2117,2778
2117,2819
2117,2871
2117,2887
2117,3243
2117,3247
2117,3257
2117,3294
2117,3657
2117,3721
2117,3923
2117,4082
2117,4217
2117,4345
2117,4828
2117,4848
2117,4912
2117,5133
2117,5241
2117,5293
2117,5703
2117,5958
2117,6175
2117,6343
2117,6371
2117,6572
2117,6790
2117,7276
2117,7398
2117,7481
2117,7601
2118,39
2118,295
2118,629
2118,964
2118,1212
2118,2211
2118,2454
2118,2626
2118,2648
2118,3607
2118,3990
2118,4098
2118,4384
2118,5396
2118,6301
2118,6898
2118,6901
2118,7067
2118,7269
2118,7556
2119,636
2119,1235
2119,1921
2119,2082
2119,3129
2119,7192
2120,85
2120,475
2120,789
2120,1058
2120,1210
2120,1453
2120,2339
2120,2370
2120,2571
2120,3606
2120,3895
2120,3999
2120,4376
2120,4384
2120,4616
2120,4806
2120,5404
2120,6618
2120,6707
2120,7320
2120,7464
2120,7582
2121,160
2121,325
2121,1338
2121,1385
2121,1674
2121,2390
2121,2422
2121,3154
2121,3233
2121,3327
2121,3524
2121,3705
2121,3729
2121,3934
2121,4239
2121,4410
2121,4518
2121,4705
2121,4752
2121,4779
2121,4867
2121,5422
2121,6433
2121,6436
2121,6454
2121,6501
2121,7442
2121,7507
2121,7621
2122,526
2122,1291
2122,1493
2122,1739
2122,1926
2122,2856
2122,3246
2122,4707
2122,5170
2122,6029
2122,6118
2122,6408
2122,6547
2122,6872
2122,7077
2122,7240
2123,593
2123,868
2123,1620
2123,1723
2123,1744
2123,1899
2123,2198
2123,2239
2123,2615
2123,2913
2123,3051
2123,3105
2123,3623
2123,5139
2123,5493
2123,5881
2123,6215
2123,6678
2123,6702
2123,6800
2123,6847
2123,6990
2124,183
2124,593
2124,599
2124,1805
2124,1871
2124,1942
2124,2198
2124,3895
2124,5132
2124,5707
2124,5756
2124,5998
2124,6313
2124,6414
2124,6673
2124,6678
2124,6702
2124,6736
2125,858
2125,1103
2125,2138
2125,2195
2125,2198
2125,2239
2125,2781
2125,3578
2125,4831
2125,5180
2125,5378
2125,6012
2125,6246
2125,7335
2125,7467
2126,53
2126,197
2126,912
2126,1386
2126,1515
2126,1812
2126,2492
2126,2840
2126,3108
2126,3219
2126,3894
2126,3979
2126,4646
2126,4961
2126,5085
2126,5210
2126,5605
2126,6813
2126,7063
2127,829
2127,2016
2127,2511
2127,2863
2127,3260
2127,4913
2127,5912
2127,6724
2127,6987
2127,7262
2128,98
2128,795
2128,869
2128,951
2128,1067
2128,1431
2128,1668
2128,1798
2128,1842
2128,3132
2128,3235
2128,3693
2128,4303
2128,5404
2128,5976
2128,6492
2128,6801
2128,7044
2128,7395
2129,14
2129,85
2129,152
2129,260
2129,415
2129,431
2129,475
2129,593
2129,677
2129,726
2129,776
2129,904
2129,1058
2129,1113
2129,1210
2129,1254
2129,1268
2129,1414
2129,1415
2129,1453
2129,1665
2129,1880
2129,1959
2129,1965
2129,2106
2129,2115
2129,2198
2129,2239
2129,2370
2129,2410
2129,2521
2129,2571
2129,2573
2129,2600
2129,2618
2129,2730
2129,2738
2129,2881
2129,2938
2129,2981
2129,3172
2129,3178
2129,3184
2129,3225
2129,3347
2129,3459
2129,3659
2129,3693
2129,3748
2129,3758
2129,3958
2129,3996
2129,4071
2129,4080
2129,4184
2129,4203
2129,4355
2129,4376
2129,4384
2129,4466
2129,4535
2129,4570
2129,4608
2129,4616
2129,4805
2129,4806
2129,4946
2129,5058
2129,5194
2129,5251
2129,5344
2129,5381
2129,5404
2129,5490
2129,5593
2129,5641
2129,5649
2129,5707
2129,5740
2129,5816
2129,5881
2129,5955
2129,6039
2129,6313
2129,6400
2129,6492
2129,6551
2129,6618
2129,6678
2129,6701
2129,6702
2129,6707
2129,6723
2129,6877
2129,7003
2129,7044
2129,7071
2129,7147
2129,7231
2129,7280
2129,7353
2129,7369
2129,7572
2129,7582
2130,423
2130,1326
2130,1367
2130,2343
2130,2638
2130,5673
2130,5883
2131,761
2131,1143
2131,1597
2131,2274
2131,2374
2131,3005
2131,3120
2131,4859
2131,5862
2131,6258
2131,6721
2131,6729
2131,6766
2132,328
2132,517
2132,556
2132,1122
2132,1434
2132,1759
2132,1849
2132,1864
2132,1983
2132,2098
2132,2114
2132,2260
2132,2281
2132,2324
2132,2474
2132,2622
2132,2643
2132,3006
2132,3392
2132,3528
2132,3597
2132,3840
2132,3874
2132,4554
2132,4666
2132,4739
2132,4758
2132,4819
2132,5245
2132,6212
2132,6257
2132,6416
2132,6465
2132,6666
2132,6679
2132,6842
2132,7118
2132,7144
2132,7255
2133,19
2133,204
2133,219
2133,315
2133,420
2133,557
2133,581
2133,737
2133,915
2133,932
2133,968
2133,1244
2133,1256
2133,1392
2133,1664
2133,1737
2133,1772
2133,2443
2133,2813
2133,2949
2133,3041
2133,3361
2133,3924
2133,3997
2133,4125
2133,4143
2133,4181
2133,4208
2133,4226
2133,4237
2133,4280
2133,4319
2133,4351
2133,4599
2133,4748
2133,4984
2133,5027
2133,5030
2133,5131
2133,5300
2133,5429
2133,5762
2133,6111
2133,6163
2133,6194
2133,6199
2133,6347
2133,6480
2133,6623
2133,7314
2133,7460
2133,7565
2134,57
2134,275
2134,328
2134,412
2134,570
2134,749
2134,787
2134,806
2134,828
2134,882
2134,1360
2134,1531
2134,1696
2134,1759
2134,1849
2134,1969
2134,2090
2134,2103
2134,2147
2134,2250
2134,2260
2134,2324
2134,2622
2134,2822
2134,3543
2134,3597
2134,4312
2134,4467
2134,4603
2134,4881
2134,4938
2134,4960
2134,5257
2134,5448
2134,5602
2134,5706
2134,5848
2134,6143
2134,6164
2134,6357
2134,7073
2134,7555
2135,470
2135,1290
2135,1454
2135,1571
2135,2218
2135,2465
2135,2497
2135,2524
2135,2880
2135,3145
2135,4058
2135,4232
2135,4495
2135,4880
2135,5253
2135,5456
2135,6459
2135,6504
2135,6817
2136,67
2136,93
2136,150
2136,200
2136,373
2136,394
2136,650
2136,872
2136,873
2136,1107
2136,1161
2136,1338
2136,1500
2136,1556
2136,1674
2136,2034
2136,2315
2136,2316
2136,2422
2136,2539
2136,2606
2136,2662
2136,2803
2136,2830
2136,2875
2136,3038
2136,3086
2136,3154
2136,3186
2136,3354
2136,3622
2136,3647
2136,3746
2136,3993
2136,4239
2136,4328
2136,4346
2136,4533
2136,4665
2136,4698
2136,5026
2136,5314
2136,5338
2136,5358
2136,5466
2136,5583
2136,5644
2136,5723
2136,5838
2136,5913
2136,5918
2136,5922
2136,6436
2136,6504
2136,6773
2136,6817
2136,6845
2136,6991
2136,7286
2136,7427
2137,481
2137,1622
2137,2499
2137,3733
2137,4244
2137,4524
2137,4663
2137,5974
2137,6106
2137,6508
2137,7383
2138,1103
2138,2125
2138,6246
2139,206
2139,378
2139,427
2139,459
2139,689
2139,1332
2139,1781
2139,1937
2139,2022
2139,2050
2139,2369
2139,2472
2139,2670
2139,2842
2139,3165
2139,3288
2139,3350
2139,3416
2139,4099
2139,4298
2139,4515
2139,4675
2139,4721
2139,4740
2139,4872
2139,4911
2139,4965
2139,5017
2139,5113
2139,5252
2139,5294
2139,5319
2139,5416
2139,5607
2139,5655
2139,5681
2139,5831
2139,5871
2139,5939
2139,5954
2139,6018
2139,6132
2139,6220
2139,6239
2139,6357
2139,6559
2139,6865
2139,7027
2139,7249
2139,7484
2139,7642
2140,409
2140,730
2140,932
2140,1055
2140,1115
2140,1124
2140,1262
2140,1638
2140,2318
2140,2528
2140,2710
2140,3231
2140,3879
2140,4237
2140,4399
2140,6347
2140,6550
2140,6718
2140,7011
2140,7230
2140,7403
2140,7460
2141,271
2141,286
2141,300
2141,623
2141,1201
2141,3945
2141,4377
2141,5244
2141,6364
2142,1106
2142,1423
2142,1444
2142,1700
2142,2198
2142,2239
2142,2348
2142,5033
2142,5629
2142,6646
2142,7395
2143,62
2143,95
2143,143
2143,185
2143,235
2143,308
2143,336
2143,372
2143,421
2143,432
2143,450
2143,502
2143,625
2143,629
2143,658
2143,766
2143,771
2143,777
2143,867
2143,904
2143,939
2143,958
2143,1013
2143,1014
2143,1030
2143,1069
2143,1070
2143,1076
2143,1091
2143,1094
2143,1133
2143,1267
2143,1339
2143,1377
2143,1406
2143,1418
2143,1432
2143,1483
2143,1494
2143,1499
2143,1546
2143,1572
2143,1608
2143,1619
2143,1650
2143,1673
2143,1682
2143,1794
2143,1802
2143,1854
2143,1958
2143,2021
2143,2028
2143,2032
2143,2055
2143,2113
2143,2202
2143,2243
2143,2294
2143,2299
2143,2356
2143,2375
2143,2425
2143,2434
2143,2490
2143,2549
2143,2577
2143,2620
2143,2626
2143,2676
2143,2719
2143,2744
2143,2763
2143,2794
2143,2829
2143,2908
2143,2948
2143,2977
2143,2993
2143,3010
2143,3015
2143,3052
2143,3077
2143,3098
2143,3190
2143,3223
2143,3330
2143,3421
2143,3503
2143,3542
2143,3593
2143,3607
2143,3671
2143,3672
2143,3691
2143,3734
2143,3762
2143,3772
2143,3866
2143,3871
2143,3887
2143,3890
2143,3895
2143,3950
2143,3959
2143,4037
2143,4046
2143,4054
2143,4185
2143,4223
2143,4233
2143,4301
2143,4343
2143,4358
2143,4398
2143,4427
2143,4466
2143,4490
2143,4556
2143,4562
2143,4692
2143,4764
2143,4851
2143,4871
2143,4879
2143,4889
2143,4890
2143,4982
2143,5080
2143,5091
2143,5098
2143,5111
2143,5171
2143,5218
2143,5397
2143,5455
2143,5464
2143,5511
2143,5626
2143,5676
2143,5749
2143,5785
2143,5865
2143,5936
2143,5967
2143,5987
2143,5998
2143,6017
2143,6030
2143,6063
2143,6098
2143,6171
2143,6216
2143,6242
2143,6276
2143,6280
2143,6395
2143,6434
2143,6581
2143,6660
2143,6815
2143,6961
2143,7032
2143,7067
2143,7102
2143,7121
2143,7164
2143,7171
2143,7222
2143,7239
2143,7269
2143,7288
2143,7310
2143,7365
2143,7370
2143,7468
2143,7478
2143,7480
2143,7580
2143,7603
2143,7612
2143,7623
2145,40
2145,106
2145,107
2145,137
2145,248
2145,391
2145,471
2145,483
2145,629
2145,964
2145,1064
2145,1185
2145,1228
2145,1722
2145,1911
2145,2024
2145,2062
2145,2113
2145,2211
2145,2588
2145,2610
2145,2626
2145,2972
2145,3194
2145,3339
2145,3990
2145,4006
2145,4098
2145,4294
2145,4376
2145,4535
2145,4569
2145,4700
2145,4719
2145,4735
2145,4940
2145,5216
2145,5368
2145,5396
2145,5936
2145,5993
2145,6301
2145,6417
2145,6447
2145,6761
2145,6901
2145,7007
2145,7359
2145,7409
2146,92
2146,6511
2146,6594
2146,7032
2147,275
2147,328
2147,749
2147,767
2147,801
2147,828
2147,909
2147,1360
2147,1583
2147,1609
2147,1696
2147,1766
2147,1972
2147,2090
2147,2134
2147,2260
2147,2622
2147,3116
2147,3346
2147,3597
2147,3722
2147,3805
2147,4070
2147,4236
2147,4412
2147,4666
2147,4739
2147,4881
2147,4960
2147,5045
2147,5409
2147,5540
2147,5602
2147,5848
2147,6164
2147,6670
2147,6771
2147,6772
2147,7272
2147,7555
2148,182
2148,187
2148,256
2148,314
2148,695
2148,740
2148,933
2148,1065
2148,1247
2148,1446
2148,1502
2148,1523
2148,1804
2148,1909
2148,2328
2148,2774
2148,2792
2148,3656
2148,3754
2148,4145
2148,4146
2148,4937
2148,5169
2148,5237
2148,5697
2148,5698
2148,5860
2148,5867
2148,6042
2148,6090
2148,6130
2148,6200
2148,6344
2148,6482
2148,6806
2148,7136
2149,223
2149,957
2149,1261
2149,2213
2149,3005
2149,3103
2149,3267
2149,3331
2149,4462
2149,4804
2149,5063
2149,5460
2149,5664
2149,6329
2149,6513
2149,7244
2150,250
2150,747
2150,1931
2150,2116
2150,2274
2150,2430
2150,2910
2150,3005
2150,3120
2150,3731
2150,5078
2150,5862
2150,6258
2150,6729
2151,255
2151,1449
2151,2528
2151,3412
2151,4534
2151,5163
2151,7460
2152,2
2152,2239
2152,3014
2152,3592
2152,4183
2152,6684
2152,7558
2152,7590
2153,139
2153,3265
2153,4325
2154,1537
2154,1804
2154,2850
2154,3030
2154,5731
2154,5884
2154,6130
2154,7268
2155,829
2155,864
2155,934
2155,2208
2155,2355
2155,2879
2155,3378
2155,3540
2155,4094
2155,4376
2155,4869
2155,5403
2155,5912
2155,6230
2155,6339
2155,6954
2156,1270
2156,1527
2156,1541
2156,3095
2156,3374
2156,3387
2156,4551
2156,4646
2156,4651
2156,4656
2156,4885
2156,5314
2156,5566
2156,5910
2156,6084
2156,6241
2156,6757
2156,7169
2156,7281
2157,993
2157,4284
2158,1976
2158,6518
2159,1798
2159,1945
2159,2106
2159,2302
2159,3408
2159,3428
2159,4384
2159,6551
2160,1134
2160,2165
2160,2799
2160,3227
2160,3244
2160,3437
2160,6307
2160,6549
2161,2295
2161,2927
2161,4685
2161,5123
2161,5354
2161,5484
2162,613
2162,621
2162,1132
2162,1181
2162,1239
2162,1362
2162,1534
2162,1870
2162,2254
2162,2505
2162,2613
2162,2880
2162,2978
2162,3154
2162,3767
2162,3847
2162,3995
2162,4118
2162,4121
2162,4308
2162,4507
2162,4621
2162,5014
2162,5284
2162,5501
2162,6274
2162,6836
2162,6946
2162,7078
2162,7200
2162,7441
2162,7591
2163,28
2163,72
2163,403
2163,485
2163,536
2163,920
2163,1058
2163,1280
2163,1429
2163,1585
2163,1627
2163,1777
2163,2239
2163,2339
2163,2740
2163,3577
2163,3916
2163,4390
2163,4434
2163,4805
2163,4854
2163,5001
2163,5070
2163,5114
2163,5209
2163,5364
2163,5437
2163,5500
2163,5615
2163,5664
2163,5843
2163,6593
2163,6600
2163,6807
2163,7206
2163,7351
2164,137
2164,162
2164,229
2164,305
2164,373
2164,474
2164,1586
2164,2170
2164,2239
2164,2672
2164,2751
2164,3302
2164,3339
2164,3698
2164,4055
2164,4422
2164,4433
2164,5132
2164,5420
2164,5467
2164,5614
2164,5984
2164,6157
2164,6411
2164,6511
2164,6828
2164,7032
2164,7305
2165,2160
2165,2353
2165,3239
2165,3437
2165,3442
2165,3461
2165,3669
2165,3729
2165,3735
2165,3949
2165,4305
2165,4628
2165,4810
2165,4906
2165,4935
2165,5035
2165,5185
2165,5454
2165,5633
2165,6352
2165,6549
2165,6554
2165,7594
2165,7620
2166,89
2166,260
2166,947
2166,1108
2166,1113
2166,1561
2166,1686
2166,2042
2166,2198
2166,2239
2166,2563
2166,2913
2166,3171
2166,3277
2166,3359
2166,3364
2166,3532
2166,3698
2166,4080
2166,4164
2166,4337
2166,4522
2166,4771
2166,5167
2166,5199
2166,5404
2166,5412
2166,5707
2166,5816
2166,5909
2166,6297
2166,6551
2166,6618
2166,7289
2166,7290
2167,368
2167,437
2167,1200
2167,1384
2167,1398
2167,1405
2167,1451
2167,1547
2167,1719
2167,2085
2167,2178
2167,2429
2167,2501
2167,3192
2167,3200
2167,3497
2167,3639
2167,3679
2167,3694
2167,3696
2167,3790
2167,3921
2167,3971
2167,4018
2167,4134
2167,4299
2167,4370
2167,4374
2167,4597
2167,4652
2167,4815
2167,4929
2167,4996
2167,5516
2167,5579
2167,5900
2167,6248
2167,6326
2167,6529
2167,6809
2167,6820
2167,6862
2167,7089
2167,7185
2167,7199
2167,7358
2167,7429
2168,11
2168,64
2168,121
2168,145
2168,237
2168,249
2168,297
2168,307
2168,355
2168,376
2168,422
2168,603
2168,730
2168,871
2168,884
2168,938
2168,982
2168,996
2168,1149
2168,1151
2168,1304
2168,1311
2168,1445
2168,1692
2168,1737
2168,1740
2168,1807
2168,1808
2168,1920
2168,2064
2168,2217
2168,2285
2168,2350
2168,2413
2168,2534
2168,2602
2168,2874
2168,2947
2168,3122
2168,3135
2168,3147
2168,3214
2168,3231
2168,3266
2168,3293
2168,3366
2168,3477
2168,3486
2168,3494
2168,3511
2168,3601
2168,3614
2168,3774
2168,3801
2168,3879
2168,4005
2168,4093
2168,4146
2168,4202
2168,4279
2168,4288
2168,4322
2168,4379
2168,4611
2168,4744
2168,4796
2168,4800
2168,4814
2168,4925
2168,4950
2168,4980
2168,5046
2168,5104
2168,5128
2168,5162
2168,5515
2168,5793
2168,5803
2168,5834
2168,5877
2168,5921
2168,5934
2168,5951
2168,6130
2168,6144
2168,6231
2168,6290
2168,6355
2168,6402
2168,6423
2168,6524
2168,6550
2168,6623
2168,6635
2168,6667
2168,6671
2168,6791
2168,6796
2168,6806
2168,6948
2168,6975
2168,6988
2168,7108
2168,7162
2168,7220
2168,7273
2168,7355
2168,7408
2168,7449
2168,7460
2168,7472
2168,7494
2168,7509
2169,156
2169,301
2169,829
2169,2863
2169,3031
2169,4869
2169,5912
2169,6536
2170,3
2170,360
2170,526
2170,552
2170,655
2170,785
2170,967
2170,1042
2170,1058
2170,1063
2170,1185
2170,1317
2170,1357
2170,1631
2170,1642
2170,1651
2170,1695
2170,1733
2170,1809
2170,1884
2170,1899
2170,2164
2170,2175
2170,2198
2170,2262
2170,2370
2170,2461
2170,2558
2170,2657
2170,2660
2170,2798
2170,2945
2170,3114
2170,3193
2170,3206
2170,3268
2170,3510
2170,3527
2170,3587
2170,3748
2170,3758
2170,3985
2170,4055
2170,4147
2170,4206
2170,4304
2170,4376
2170,4442
2170,4525
2170,4541
2170,4580
2170,4679
2170,4714
2170,5037
2170,5108
2170,5132
2170,5231
2170,5259
2170,5312
2170,5332
2170,5385
2170,5403
2170,5404
2170,5612
2170,5641
2170,5651
2170,5772
2170,5832
2170,6047
2170,6140
2170,6193
2170,6354
2170,6547
2170,6636
2170,6672
2170,6732
2170,6769
2170,6787
2170,6909
2170,6945
2170,6952
2170,7077
2170,7147
2170,7250
2170,7446
2170,7448
2170,7481
2170,7627
2171,446
2171,875
2171,1239
2171,3277
2171,3532
2171,4822
2171,5676
2171,7067
2172,526
2172,593
2172,628
2172,683
2172,724
2172,936
2172,1058
2172,1291
2172,1521
2172,1716
2172,1733
2172,1837
2172,1971
2172,2198
2172,2325
2172,2354
2172,2370
2172,2406
2172,2529
2172,2703
2172,2903
2172,2945
2172,3134
2172,3296
2172,3506
2172,3510
2172,3539
2172,3559
2172,3748
2172,4067
2172,4153
2172,4376
2172,4502
2172,4596
2172,4805
2172,5132
2172,5174
2172,5196
2172,5775
2172,6610
2172,6672
2172,6699
2172,6702
2172,6909
2172,7077
2172,7130
2173,85
2173,134
2173,522
2173,592
2173,593
2173,658
2173,659
2173,739
2173,1024
2173,1058
2173,1082
2173,1194
2173,1280
2173,1305
2173,1347
2173,1368
2173,1591
2173,1744
2173,1798
2173,1899
2173,1999
2173,2198
2173,2239
2173,2556
2173,2685
2173,2778
2173,2859
2173,2871
2173,2887
2173,3051
2173,3221
2173,3226
2173,3243
2173,3247
2173,3438
2173,3657
2173,3895
2173,4082
2173,4174
2173,4217
2173,4376
2173,4791
2173,4895
2173,4912
2173,4952
2173,5132
2173,5133
2173,5234
2173,5372
2173,5404
2173,5703
2173,5958
2173,6678
2173,6702
2173,6790
2173,7119
2173,7276
2173,7283
2173,7464
2173,7526
2173,7534
2173,7601
2174,3248
2174,4032
2175,41
2175,672
2175,809
2175,832
2175,967
2175,1026
2175,1042
2175,1058
2175,1062
2175,1176
2175,1481
2175,1790
2175,1862
2175,2170
2175,2772
2175,2798
2175,3078
2175,3268
2175,3384
2175,3753
2175,3962
2175,4067
2175,4263
2175,4365
2175,4376
2175,4573
2175,4670
2175,4805
2175,5251
2175,5312
2175,5332
2175,5556
2175,5716
2175,5947
2175,6170
2175,6408
2175,6732
2175,6922
2175,7216
2175,7446
2175,7627
2176,147
2176,481
2176,561
2176,1622
2176,4663
2176,6488
2176,6972
2177,2295
2177,2927
2177,3387
2177,4685
2177,5123
2177,5354
2177,5484
2177,5634
2177,6271
2178,140
2178,282
2178,979
2178,1200
2178,1398
2178,1451
2178,1547
2178,2167
2178,2429
2178,3192
2178,3200
2178,3609
2178,3639
2178,3679
2178,3696
2178,3971
2178,4018
2178,4134
2178,4374
2178,4597
2178,4652
2178,4815
2178,4929
2178,4996
2178,6167
2178,6326
2178,6809
2178,6820
2178,6862
2178,7199
2178,7358
2178,7439
2179,20
2179,40
2179,604
2179,761
2179,1270
2179,1353
2179,1444
2179,2213
2179,2547
2179,2621
2179,3602
2179,3698
2179,3763
2179,3789
2179,4173
2179,4482
2179,5056
2179,5506
2179,6251
2179,6572
2179,6721
2179,7374
2179,7510
2179,7550
2180,7
2180,158
2180,247
2180,399
2180,401
2180,491
2180,645
2180,888
2180,890
2180,935
2180,1053
2180,1213
2180,1280
2180,1306
2180,1411
2180,1460
2180,1564
2180,1694
2180,1827
2180,1852
2180,1861
2180,2046
2180,2054
2180,2250
2180,2321
2180,2504
2180,2591
2180,3048
2180,3057
2180,3263
2180,3315
2180,3481
2180,3489
2180,3610
2180,3811
2180,3843
2180,3940
2180,4126
2180,4133
2180,4224
2180,4265
2180,4363
2180,4598
2180,4640
2180,4648
2180,4855
2180,4897
2180,4960
2180,5147
2180,5161
2180,5236
2180,5395
2180,5427
2180,5599
2180,5783
2180,5882
2180,5915
2180,5977
2180,5995
2180,6127
2180,6151
2180,6213
2180,6380
2180,6479
2180,6525
2180,6607
2180,6650
2180,6763
2180,6764
2180,6858
2180,6871
2180,7092
2180,7306
2180,7378
2180,7402
2181,130
2181,959
2181,1410
2181,1823
2181,2456
2181,2720
2181,3231
2181,3747
2181,3801
2181,4144
2181,4980
2181,5537
2181,5759
2181,6231
2181,6550
2181,7243
2182,1920
2182,2064
2182,2350
2182,3231
2182,3366
2182,4896
2182,6130
2182,6153
2182,6231
2182,6550
2182,6635
2182,6928
2182,6948
2182,7460
2182,7565
2183,593
2183,607
2183,1178
2183,1330
2183,1513
2183,1544
2183,1634
2183,1689
2183,1961
2183,2198
2183,2239
2183,3051
2183,3152
2183,3359
2183,3698
2183,4091
2183,4164
2183,4376
2183,4729
2183,5082
2183,5222
2183,5404
2183,5471
2183,5641
2183,5707
2183,5881
2183,6039
2183,6646
2183,6702
2183,7607
2184,3244
2184,3248
2184,3396
2184,3437
2184,3872
2184,4341
2184,4646
2184,5238
2184,6463
2184,6514
2184,6577
2184,7620
2185,624
2185,929
2185,1208
2185,1265
2185,1713
2185,2029
2185,2278
2185,2580
2185,2858
2185,2862
2185,3402
2185,4011
2185,6158
2185,6697
2186,212
2186,352
2186,382
2186,584
2186,683
2186,1013
2186,1287
2186,1291
2186,1296
2186,1521
2186,1624
2186,2215
2186,2703
2186,3296
2186,3506
2186,3559
2186,3920
2186,3978
2186,4067
2186,4153
2186,4584
2186,4811
2186,5174
2186,5798
2186,5851
2186,6408
2186,6412
2186,6427
2186,6677
2186,6920
2186,7131
2186,7296
2187,850
2187,1434
2187,2596
2187,3722
2187,4960
2187,5069
2187,6372
2187,6416
2187,7086
2188,44
2188,646
2188,929
2188,1033
2188,1576
2188,1844
2188,3244
2188,3321
2188,3541
2188,3568
2188,3857
2188,4389
2188,4468
2188,6415
2188,6697
2188,6762
2188,7571
2189,38
2189,275
2189,328
2189,453
2189,529
2189,749
2189,779
2189,828
2189,1309
2189,1360
2189,1396
2189,1459
2189,1696
2189,1706
2189,1743
2189,1759
2189,1849
2189,1969
2189,2090
2189,2114
2189,2260
2189,2326
2189,2446
2189,2474
2189,2552
2189,3023
2189,3032
2189,3220
2189,3570
2189,3597
2189,3598
2189,3663
2189,4342
2189,4739
2189,4960
2189,5272
2189,5448
2189,5491
2189,5602
2189,5662
2189,6046
2189,6164
2189,6275
2189,6357
2189,6602
2189,6842
2189,7073
2189,7272
2189,7555
2190,3735
2190,4646
2190,5684
2190,6768
2190,7620
2191,2494
2191,3331
2191,4906
2192,412
2192,1054
2192,1243
2192,1429
2192,1531
2192,1648
2192,1734
2192,2250
2192,2609
2192,2822
2192,2849
2192,2854
2192,2861
2192,2895
2192,3006
2192,3825
2192,4236
2192,4375
2192,4412
2192,4496
2192,4881
2192,4960
2192,5164
2192,5658
2192,5706
2192,6099
2192,6383
2192,6479
2192,7013
2192,7014
2192,7305
2192,7308
2193,89
2193,369
2193,593
2193,1798
2193,2553
2193,5881
2193,6702
2194,85
2194,103
2194,538
2194,593
2194,789
2194,810
2194,942
2194,1011
2194,1106
2194,1113
2194,1293
2194,1453
2194,1478
2194,2033
2194,2215
2194,2377
2194,2620
2194,2744
2194,2765
2194,2772
2194,2911
2194,3025
2194,3171
2194,3183
2194,3311
2194,3370
2194,3394
2194,3408
2194,3538
2194,3602
2194,3895
2194,3898
2194,3926
2194,3948
2194,4080
2194,4228
2194,4253
2194,4257
2194,4286
2194,4313
2194,4376
2194,4384
2194,4392
2194,4865
2194,4952
2194,5222
2194,5296
2194,5412
2194,5415
2194,5442
2194,5464
2194,5881
2194,5952
2194,6297
2194,6487
2194,6510
2194,6551
2194,6618
2194,6640
2194,6738
2194,6760
2194,6811
2194,6981
2194,7101
2194,7252
2194,7296
2194,7331
2194,7401
2194,7525
2194,7535
2195,1103
2195,2125
2195,2198
2195,2239
2195,3578
2195,4805
2195,4863
2195,6012
2195,6246
2195,7456
2195,7467
2196,120
2196,182
2196,656
2196,709
2196,740
2196,817
2196,884
2196,932
2196,982
2196,1065
2196,1791
2196,1909
2196,2869
2196,3431
2196,3684
2196,4110
2196,4146
2196,4237
2196,4800
2196,4814
2196,4943
2196,5421
2196,5515
2196,5827
2196,6094
2196,6130
2196,6635
2196,6667
2196,6671
2196,6681
2196,6712
2196,7133
2196,7275
2196,7343
2196,7355
2196,7460
2196,7491
2197,319
2197,593
2197,1513
2197,2198
2197,2239
2197,3277
2197,3946
2197,4522
2197,4578
2197,4641
2197,6183
2197,6614
2197,6702
2197,7247
2197,7395
2198,0
2198,3
2198,5
2198,15
2198,23
2198,26
2198,27
2198,33
2198,40
2198,41
2198,42
2198,61
2198,69
2198,71
2198,76
2198,77
2198,85
2198,89
2198,91
2198,92
2198,94
2198,99
2198,109
2198,113
2198,115
2198,123
2198,124
2198,127
2198,132
2198,137
2198,143
2198,152
2198,169
2198,170
2198,183
2198,192
2198,194
2198,201
2198,213
2198,220
2198,233
2198,235
2198,240
2198,245
2198,250
2198,254
2198,258
2198,259
2198,260
2198,266
2198,269
2198,272
2198,276
2198,283
2198,285
2198,287
2198,290
2198,299
2198,304
2198,305
2198,309
2198,312
2198,317
2198,318
2198,319
2198,320
2198,322
2198,345
2198,346
2198,351
2198,353
2198,358
2198,359
2198,360
2198,366
2198,369
2198,372
2198,374
2198,375
2198,380
2198,392
2198,393
2198,400
2198,407
2198,410
2198,411
2198,419
2198,421
2198,431
2198,432
2198,435
2198,438
2198,445
2198,446
2198,448
2198,449
2198,450
2198,455
2198,456
2198,469
2198,473
2198,475
2198,476
2198,479
2198,482
2198,484
2198,489
2198,494
2198,500
2198,515
2198,522
2198,527
2198,534
2198,535
2198,538
2198,552
2198,553
2198,555
2198,562
2198,582
2198,590
2198,593
2198,596
2198,599
2198,604
2198,626
2198,629
2198,632
2198,633
2198,638
2198,655
2198,657
2198,659
2198,669
2198,687
2198,689
2198,693
2198,706
2198,710
2198,711
2198,717
2198,720
2198,722
2198,726
2198,727
2198,731
2198,735
2198,760
2198,766
2198,770
2198,774
2198,776
2198,780
2198,785
2198,789
2198,800
2198,803
2198,809
2198,811
2198,813
2198,814
2198,816
2198,818
2198,831
2198,836
2198,841
2198,847
2198,849
2198,854
2198,857
2198,858
2198,863
2198,865
2198,868
2198,869
2198,881
2198,900
2198,905
2198,906
2198,920
2198,921
2198,924
2198,930
2198,939
2198,942
2198,945
2198,947
2198,951
2198,953
2198,958
2198,967
2198,971
2198,973
2198,986
2198,989
2198,1002
2198,1014
2198,1017
2198,1018
2198,1022
2198,1024
2198,1028
2198,1042
2198,1058
2198,1064
2198,1067
2198,1089
2198,1093
2198,1094
2198,1097
2198,1102
2198,1103
2198,1104
2198,1105
2198,1106
2198,1108
2198,1113
2198,1125
2198,1129
2198,1133
2198,1152
2198,1165
2198,1167
2198,1169
2198,1170
2198,1178
2198,1184
2198,1185
2198,1186
2198,1195
2198,1197
2198,1209
2198,1210
2198,1211
2198,1214
2198,1222
2198,1224
2198,1226
2198,1232
2198,1249
2198,1254
2198,1263
2198,1266
2198,1268
2198,1271
2198,1280
2198,1281
2198,1284
2198,1285
2198,1287
2198,1293
2198,1316
2198,1317
2198,1329
2198,1330
2198,1333
2198,1337
2198,1339
2198,1344
2198,1349
2198,1351
2198,1357
2198,1368
2198,1370
2198,1377
2198,1382
2198,1399
2198,1402
2198,1406
2198,1413
2198,1414
2198,1415
2198,1417
2198,1418
2198,1421
2198,1423
2198,1429
2198,1430
2198,1447
2198,1453
2198,1467
2198,1469
2198,1472
2198,1476
2198,1481
2198,1485
2198,1486
2198,1491
2198,1492
2198,1494
2198,1513
2198,1514
2198,1517
2198,1521
2198,1524
2198,1540
2198,1545
2198,1546
2198,1548
2198,1551
2198,1561
2198,1563
2198,1569
2198,1575
2198,1582
2198,1584
2198,1586
2198,1590
2198,1592
2198,1614
2198,1620
2198,1621
2198,1628
2198,1634
2198,1639
2198,1645
2198,1647
2198,1652
2198,1658
2198,1659
2198,1661
2198,1663
2198,1665
2198,1668
2198,1671
2198,1673
2198,1682
2198,1684
2198,1690
2198,1695
2198,1697
2198,1698
2198,1700
2198,1705
2198,1708
2198,1711
2198,1712
2198,1723
2198,1727
2198,1738
2198,1744
2198,1746
2198,1747
2198,1752
2198,1753
2198,1763
2198,1775
2198,1776
2198,1782
2198,1784
2198,1796
2198,1797
2198,1798
2198,1802
2198,1805
2198,1809
2198,1817
2198,1826
2198,1831
2198,1834
2198,1840
2198,1847
2198,1850
2198,1853
2198,1854
2198,1862
2198,1866
2198,1871
2198,1875
2198,1880
2198,1883
2198,1899
2198,1905
2198,1908
2198,1912
2198,1915
2198,1927
2198,1929
2198,1942
2198,1945
2198,1948
2198,1958
2198,1959
2198,1962
2198,1975
2198,1978
2198,1979
2198,1993
2198,1996
2198,1997
2198,1999
2198,2001
2198,2005
2198,2010
2198,2013
2198,2017
2198,2030
2198,2032
2198,2033
2198,2039
2198,2042
2198,2043
2198,2066
2198,2087
2198,2089
2198,2095
2198,2102
2198,2104
2198,2106
2198,2115
2198,2123
2198,2124
2198,2125
2198,2129
2198,2142
2198,2166
2198,2170
2198,2172
2198,2173
2198,2183
2198,2195
2198,2197
2198,2201
2198,2202
2198,2205
2198,2206
2198,2215
2198,2220
2198,2228
2198,2229
2198,2239
2198,2241
2198,2243
2198,2262
2198,2267
2198,2287
2198,2294
2198,2299
2198,2307
2198,2310
2198,2313
2198,2317
2198,2332
2198,2334
2198,2336
2198,2339
2198,2340
2198,2346
2198,2368
2198,2370
2198,2375
2198,2376
2198,2377
2198,2380
2198,2381
2198,2384
2198,2406
2198,2407
2198,2408
2198,2410
2198,2415
2198,2418
2198,2423
2198,2427
2198,2430
2198,2432
2198,2434
2198,2454
2198,2461
2198,2471
2198,2476
2198,2479
2198,2484
2198,2485
2198,2487
2198,2494
2198,2502
2198,2513
2198,2518
2198,2521
2198,2522
2198,2531
2198,2537
2198,2540
2198,2541
2198,2549
2198,2553
2198,2563
2198,2564
2198,2565
2198,2571
2198,2572
2198,2573
2198,2575
2198,2586
2198,2587
2198,2595
2198,2598
2198,2600
2198,2614
2198,2615
2198,2620
2198,2626
2198,2627
2198,2628
2198,2637
2198,2640
2198,2645
2198,2649
2198,2650
2198,2657
2198,2659
2198,2661
2198,2663
2198,2671
2198,2675
2198,2677
2198,2689
2198,2716
2198,2725
2198,2730
2198,2736
2198,2738
2198,2743
2198,2745
2198,2755
2198,2765
2198,2770
2198,2772
2198,2773
2198,2782
2198,2783
2198,2795
2198,2801
2198,2804
2198,2808
2198,2812
2198,2819
2198,2847
2198,2855
2198,2856
2198,2859
2198,2866
2198,2881
2198,2882
2198,2883
2198,2888
2198,2904
2198,2906
2198,2908
2198,2913
2198,2916
2198,2921
2198,2929
2198,2931
2198,2938
2198,2945
2198,2950
2198,2958
2198,2961
2198,2967
2198,2970
2198,2972
2198,2977
2198,2979
2198,2981
2198,3001
2198,3008
2198,3015
2198,3020
2198,3027
2198,3039
2198,3049
2198,3050
2198,3051
2198,3061
2198,3066
2198,3068
2198,3070
2198,3072
2198,3074
2198,3077
2198,3079
2198,3081
2198,3093
2198,3105
2198,3118
2198,3125
2198,3138
2198,3149
2198,3152
2198,3160
2198,3177
2198,3178
2198,3183
2198,3184
2198,3185
2198,3190
2198,3196
2198,3202
2198,3203
2198,3206
2198,3213
2198,3216
2198,3221
2198,3225
2198,3226
2198,3234
2198,3237
2198,3245
2198,3249
2198,3251
2198,3252
2198,3253
2198,3257
2198,3261
2198,3262
2198,3264
2198,3269
2198,3270
2198,3274
2198,3277
2198,3279
2198,3282
2198,3284
2198,3287
2198,3289
2198,3298
2198,3304
2198,3306
2198,3311
2198,3322
2198,3328
2198,3330
2198,3331
2198,3334
2198,3337
2198,3339
2198,3341
2198,3347
2198,3348
2198,3353
2198,3359
2198,3362
2198,3363
2198,3364
2198,3370
2198,3373
2198,3377
2198,3384
2198,3388
2198,3403
2198,3422
2198,3428
2198,3433
2198,3436
2198,3438
2198,3439
2198,3444
2198,3445
2198,3446
2198,3459
2198,3462
2198,3469
2198,3476
2198,3488
2198,3492
2198,3493
2198,3502
2198,3503
2198,3506
2198,3510
2198,3514
2198,3520
2198,3532
2198,3538
2198,3542
2198,3545
2198,3546
2198,3547
2198,3551
2198,3578
2198,3581
2198,3587
2198,3593
2198,3594
2198,3616
2198,3620
2198,3623
2198,3646
2198,3648
2198,3659
2198,3670
2198,3671
2198,3672
2198,3683
2198,3692
2198,3693
2198,3695
2198,3697
2198,3703
2198,3704
2198,3710
2198,3713
2198,3720
2198,3721
2198,3723
2198,3748
2198,3750
2198,3756
2198,3758
2198,3761
2198,3762
2198,3768
2198,3773
2198,3782
2198,3784
2198,3786
2198,3804
2198,3808
2198,3831
2198,3832
2198,3834
2198,3844
2198,3855
2198,3856
2198,3858
2198,3859
2198,3861
2198,3867
2198,3876
2198,3882
2198,3887
2198,3889
2198,3893
2198,3895
2198,3897
2198,3898
2198,3909
2198,3910
2198,3912
2198,3913
2198,3925
2198,3927
2198,3929
2198,3931
2198,3946
2198,3947
2198,3958
2198,3962
2198,3964
2198,3970
2198,3983
2198,3985
2198,3987
2198,3990
2198,3994
2198,3996
2198,3999
2198,4003
2198,4006
2198,4012
2198,4013
2198,4021
2198,4023
2198,4028
2198,4029
2198,4037
2198,4039
2198,4041
2198,4042
2198,4050
2198,4055
2198,4062
2198,4067
2198,4071
2198,4074
2198,4086
2198,4090
2198,4091
2198,4095
2198,4097
2198,4102
2198,4109
2198,4111
2198,4113
2198,4128
2198,4147
2198,4154
2198,4155
2198,4156
2198,4157
2198,4160
2198,4161
2198,4162
2198,4164
2198,4167
2198,4176
2198,4182
2198,4184
2198,4188
2198,4190
2198,4203
2198,4206
2198,4210
2198,4211
2198,4212
2198,4213
2198,4217
2198,4223
2198,4230
2198,4241
2198,4243
2198,4248
2198,4249
2198,4253
2198,4261
2198,4263
2198,4278
2198,4290
2198,4295
2198,4296
2198,4301
2198,4306
2198,4307
2198,4324
2198,4326
2198,4344
2198,4352
2198,4355
2198,4358
2198,4365
2198,4366
2198,4371
2198,4373
2198,4376
2198,4378
2198,4380
2198,4381
2198,4384
2198,4385
2198,4388
2198,4402
2198,4406
2198,4408
2198,4415
2198,4422
2198,4442
2198,4450
2198,4453
2198,4463
2198,4464
2198,4465
2198,4466
2198,4469
2198,4474
2198,4479
2198,4483
2198,4484
2198,4500
2198,4510
2198,4511
2198,4514
2198,4522
2198,4525
2198,4528
2198,4531
2198,4535
2198,4538
2198,4541
2198,4545
2198,4553
2198,4556
2198,4570
2198,4573
2198,4578
2198,4579
2198,4580
2198,4588
2198,4590
2198,4591
2198,4595
2198,4608
2198,4630
2198,4637
2198,4638
2198,4641
2198,4642
2198,4658
2198,4662
2198,4669
2198,4670
2198,4672
2198,4679
2198,4680
2198,4682
2198,4685
2198,4688
2198,4691
2198,4696
2198,4700
2198,4706
2198,4712
2198,4715
2198,4734
2198,4737
2198,4743
2198,4750
2198,4755
2198,4768
2198,4771
2198,4778
2198,4787
2198,4791
2198,4805
2198,4806
2198,4811
2198,4812
2198,4816
2198,4827
2198,4828
2198,4831
2198,4835
2198,4839
2198,4841
2198,4845
2198,4846
2198,4848
2198,4857
2198,4864
2198,4870
2198,4871
2198,4877
2198,4904
2198,4908
2198,4919
2198,4928
2198,4934
2198,4940
2198,4941
2198,4944
2198,4946
2198,4982
2198,4983
2198,4987
2198,5006
2198,5007
2198,5013
2198,5015
2198,5022
2198,5031
2198,5037
2198,5039
2198,5042
2198,5048
2198,5049
2198,5050
2198,5056
2198,5070
2198,5077
2198,5082
2198,5097
2198,5108
2198,5111
2198,5125
2198,5132
2198,5139
2198,5143
2198,5148
2198,5155
2198,5193
2198,5194
2198,5195
2198,5199
2198,5201
2198,5203
2198,5205
2198,5208
2198,5212
2198,5213
2198,5214
2198,5220
2198,5223
2198,5224
2198,5231
2198,5234
2198,5241
2198,5251
2198,5255
2198,5258
2198,5259
2198,5264
2198,5273
2198,5278
2198,5281
2198,5286
2198,5287
2198,5290
2198,5296
2198,5302
2198,5307
2198,5328
2198,5330
2198,5335
2198,5340
2198,5344
2198,5348
2198,5359
2198,5362
2198,5365
2198,5369
2198,5371
2198,5372
2198,5375
2198,5376
2198,5381
2198,5384
2198,5385
2198,5392
2198,5397
2198,5398
2198,5404
2198,5412
2198,5415
2198,5445
2198,5452
2198,5455
2198,5459
2198,5463
2198,5468
2198,5469
2198,5470
2198,5484
2198,5485
2198,5488
2198,5490
2198,5495
2198,5504
2198,5505
2198,5508
2198,5518
2198,5525
2198,5531
2198,5532
2198,5534
2198,5538
2198,5542
2198,5543
2198,5544
2198,5549
2198,5551
2198,5552
2198,5556
2198,5557
2198,5559
2198,5577
2198,5584
2198,5593
2198,5606
2198,5612
2198,5620
2198,5626
2198,5629
2198,5630
2198,5637
2198,5640
2198,5641
2198,5646
2198,5649
2198,5651
2198,5667
2198,5669
2198,5676
2198,5679
2198,5689
2198,5707
2198,5708
2198,5709
2198,5714
2198,5722
2198,5730
2198,5732
2198,5734
2198,5735
2198,5740
2198,5744
2198,5756
2198,5764
2198,5769
2198,5772
2198,5780
2198,5782
2198,5797
2198,5799
2198,5804
2198,5807
2198,5816
2198,5833
2198,5840
2198,5844
2198,5853
2198,5855
2198,5859
2198,5865
2198,5873
2198,5878
2198,5880
2198,5881
2198,5888
2198,5889
2198,5897
2198,5903
2198,5904
2198,5924
2198,5932
2198,5936
2198,5937
2198,5941
2198,5948
2198,5949
2198,5952
2198,5955
2198,5961
2198,5962
2198,5966
2198,5975
2198,5976
2198,5979
2198,5982
2198,5987
2198,5993
2198,5998
2198,6001
2198,6004
2198,6020
2198,6021
2198,6022
2198,6024
2198,6028
2198,6034
2198,6036
2198,6038
2198,6040
2198,6047
2198,6066
2198,6067
2198,6069
2198,6073
2198,6075
2198,6077
2198,6078
2198,6082
2198,6098
2198,6100
2198,6121
2198,6131
2198,6137
2198,6140
2198,6149
2198,6152
2198,6183
2198,6188
2198,6197
2198,6208
2198,6216
2198,6236
2198,6272
2198,6284
2198,6287
2198,6289
2198,6291
2198,6296
2198,6297
2198,6308
2198,6309
2198,6313
2198,6315
2198,6321
2198,6322
2198,6327
2198,6330
2198,6335
2198,6342
2198,6345
2198,6353
2198,6354
2198,6361
2198,6381
2198,6388
2198,6389
2198,6397
2198,6400
2198,6403
2198,6407
2198,6409
2198,6413
2198,6414
2198,6424
2198,6434
2198,6437
2198,6449
2198,6450
2198,6451
2198,6452
2198,6464
2198,6468
2198,6475
2198,6484
2198,6489
2198,6490
2198,6492
2198,6494
2198,6497
2198,6503
2198,6505
2198,6526
2198,6527
2198,6528
2198,6537
2198,6540
2198,6545
2198,6551
2198,6553
2198,6562
2198,6566
2198,6576
2198,6579
2198,6582
2198,6588
2198,6592
2198,6596
2198,6597
2198,6604
2198,6613
2198,6614
2198,6620
2198,6631
2198,6634
2198,6638
2198,6640
2198,6646
2198,6649
2198,6658
2198,6664
2198,6669
2198,6672
2198,6673
2198,6678
2198,6688
2198,6690
2198,6692
2198,6702
2198,6704
2198,6705
2198,6706
2198,6707
2198,6714
2198,6723
2198,6731
2198,6732
2198,6736
2198,6749
2198,6759
2198,6774
2198,6775
2198,6787
2198,6800
2198,6805
2198,6811
2198,6815
2198,6825
2198,6830
2198,6831
2198,6832
2198,6847
2198,6848
2198,6849
2198,6850
2198,6852
2198,6880
2198,6887
2198,6889
2198,6890
2198,6892
2198,6895
2198,6904
2198,6907
2198,6909
2198,6930
2198,6933
2198,6945
2198,6952
2198,6953
2198,6958
2198,6960
2198,6961
2198,6968
2198,6971
2198,6978
2198,6983
2198,6989
2198,6990
2198,6992
2198,7003
2198,7008
2198,7010
2198,7017
2198,7021
2198,7023
2198,7032
2198,7036
2198,7042
2198,7044
2198,7046
2198,7054
2198,7059
2198,7070
2198,7071
2198,7079
2198,7085
2198,7090
2198,7091
2198,7096
2198,7097
2198,7103
2198,7105
2198,7114
2198,7127
2198,7135
2198,7139
2198,7143
2198,7147
2198,7151
2198,7159
2198,7164
2198,7166
2198,7168
2198,7170
2198,7171
2198,7173
2198,7174
2198,7181
2198,7197
2198,7203
2198,7209
2198,7210
2198,7215
2198,7219
2198,7231
2198,7247
2198,7252
2198,7262
2198,7266
2198,7269
2198,7276
2198,7277
2198,7278
2198,7280
2198,7288
2198,7289
2198,7290
2198,7294
2198,7296
2198,7302
2198,7305
2198,7310
2198,7311
2198,7312
2198,7320
2198,7321
2198,7330
2198,7331
2198,7336
2198,7337
2198,7339
2198,7340
2198,7344
2198,7346
2198,7349
2198,7352
2198,7353
2198,7365
2198,7369
2198,7376
2198,7382
2198,7395
2198,7398
2198,7406
2198,7410
2198,7413
2198,7424
2198,7428
2198,7440
2198,7448
2198,7464
2198,7466
2198,7467
2198,7468
2198,7471
2198,7477
2198,7481
2198,7501
2198,7510
2198,7511
2198,7520
2198,7524
2198,7526
2198,7527
2198,7534
2198,7535
2198,7536
2198,7537
2198,7539
2198,7540
2198,7552
2198,7560
2198,7568
2198,7572
2198,7573
2198,7577
2198,7578
2198,7580
2198,7582
2198,7592
2198,7593
2198,7597
2198,7604
2198,7607
2198,7610
2198,7612
2198,7617
2198,7619
2198,7628
2198,7635
2199,515
2199,2884
2199,4084
2199,4378
2199,6126
2199,6470
2201,162
2201,305
2201,306
2201,616
2201,1586
2201,1877
2201,2043
2201,2198
2201,2239
2201,3359
2201,3698
2201,4100
2201,4464
2201,4522
2201,5056
2201,5685
2201,6014
2201,6338
2201,6403
2201,6545
2201,6702
2201,6815
2201,7295
2201,7374
2201,7395
2201,7599
2202,305
2202,495
2202,766
2202,1013
2202,1094
2202,1337
2202,1418
2202,1608
2202,1956
2202,2143
2202,2198
2202,2239
2202,2425
2202,2993
2202,3223
2202,3246
2202,3370
2202,3578
2202,3665
2202,3866
2202,3887
2202,4223
2202,4230
2202,4952
2202,5144
2202,6098
2202,6118
2202,6211
2202,6565
2202,7054
2203,281
2203,327
2203,348
2203,354
2203,452
2203,547
2203,624
2203,792
2203,823
2203,1114
2203,1147
2203,1154
2203,1168
2203,1201
2203,1265
2203,1300
2203,1366
2203,1557
2203,1571
2203,1576
2203,1602
2203,1837
2203,1971
2203,2276
2203,2278
2203,2403
2203,2580
2203,2696
2203,2747
2203,2936
2203,2937
2203,3110
2203,3286
2203,3301
2203,3314
2203,3402
2203,3418
2203,3522
2203,3917
2203,3943
2203,4119
2203,4132
2203,4166
2203,4481
2203,4550
2203,4568
2203,4749
2203,4841
2203,4977
2203,4998
2203,5021
2203,5055
2203,5149
2203,5196
2203,5207
2203,5246
2203,5353
2203,5590
2203,5712
2203,6158
2203,6267
2203,6292
2203,6375
2203,6455
2203,6638
2203,6710
2203,6782
2203,6833
2203,6883
2203,6938
2203,7028
2203,7083
2203,7148
2203,7301
2203,7571
2203,7625
2204,54
2204,59
2204,932
2204,1021
2204,1237
2204,1303
2204,1449
2204,1675
2204,1728
2204,2528
2204,3412
2204,3431
2204,4197
2204,4399
2204,4418
2204,4534
2204,4861
2204,5279
2204,6138
2204,7460
2204,7500
2204,7544
2205,20
2205,143
2205,446
2205,502
2205,552
2205,629
2205,655
2205,696
2205,762
2205,808
2205,839
2205,953
2205,1062
2205,1102
2205,1189
2205,1198
2205,1296
2205,1347
2205,1418
2205,1442
2205,1472
2205,1485
2205,1492
2205,1511
2205,1572
2205,1610
2205,1647
2205,1650
2205,1927
2205,2032
2205,2198
2205,2239
2205,2243
2205,2287
2205,2375
2205,2376
2205,2470
2205,2490
2205,2650
2205,2663
2205,2673
2205,2772
2205,2871
2205,3171
2205,3213
2205,3269
2205,3270
2205,3427
2205,3469
2205,3542
2205,3559
2205,3697
2205,3748
2205,3784
2205,3990
2205,4062
2205,4217
2205,4301
2205,4356
2205,4358
2205,4376
2205,4386
2205,4422
2205,4642
2205,4696
2205,4715
2205,5091
2205,5098
2205,5132
2205,5155
2205,5171
2205,5203
2205,5234
2205,5559
2205,5651
2205,5652
2205,5667
2205,5764
2205,5873
2205,5932
2205,5936
2205,5993
2205,6219
2205,6310
2205,6354
2205,6409
2205,6451
2205,6464
2205,6466
2205,6506
2205,6588
2205,6740
2205,6880
2205,6911
2205,7102
2205,7134
2205,7219
2205,7239
2205,7288
2205,7406
2205,7546
2205,7560
2205,7599
2205,7623
2206,28
2206,183
2206,309
2206,446
2206,552
2206,593
2206,868
2206,945
2206,1097
2206,1100
2206,1152
2206,1178
2206,1236
2206,1280
2206,1429
2206,1513
2206,1744
2206,1796
2206,1899
2206,1993
2206,2198
2206,2239
2206,2432
2206,2541
2206,2553
2206,2615
2206,2782
2206,2904
2206,2913
2206,3020
2206,3049
2206,3051
2206,3105
2206,3160
2206,3226
2206,3373
2206,3438
2206,3623
2206,3856
2206,3951
2206,4071
2206,4164
2206,4217
2206,4248
2206,4347
2206,4388
2206,4669
2206,4805
2206,5006
2206,5013
2206,5048
2206,5070
2206,5148
2206,5234
2206,5330
2206,5493
2206,5551
2206,5584
2206,5669
2206,5833
2206,5878
2206,5881
2206,5903
2206,5979
2206,6183
2206,6215
2206,6361
2206,6409
2206,6414
2206,6673
2206,6702
2206,6800
2206,6807
2206,6847
2206,7003
2206,7090
2206,7203
2206,7311
2206,7440
2206,7464
2206,7471
2207,789
2207,1453
2207,1472
2207,3183
2207,4080
2207,4384
2207,4641
2207,4983
2207,5296
2207,5782
2207,6303
2208,76
2208,934
2208,1058
2208,1063
2208,1414
2208,1575
2208,2155
2208,2513
2208,2772
2208,3260
2208,3384
2208,3469
2208,4376
2208,4670
2208,4805
2208,4862
2208,4869
2208,4913
2208,5219
2208,5251
2208,5403
2208,5556
2208,6071
2208,6230
2208,6272
2208,6339
2208,7084
2208,7448
2209,1298
2209,6192
2210,462
2210,544
2210,707
2210,769
2210,1239
2210,1359
2210,2583
2210,3329
2210,3557
2210,3911
2210,4118
2210,4482
2210,4507
2210,4725
2210,5014
2210,5604
2210,5971
2210,6005
2210,6328
2210,6575
2210,6684
2210,6719
2210,7376
2210,7441
2210,7579
2211,40
2211,143
2211,456
2211,629
2211,881
2211,964
2211,1064
2211,1185
2211,1479
2211,2113
2211,2118
2211,2145
2211,2415
2211,2586
2211,2626
2211,2678
2211,3011
2211,3339
2211,3382
2211,3503
2211,3990
2211,4006
2211,4031
2211,4294
2211,4301
2211,4373
2211,4569
2211,4735
2211,4940
2211,4987
2211,5022
2211,5216
2211,5396
2211,5936
2211,5993
2211,6369
2211,6588
2211,7032
2211,7330
2212,1278
2212,2106
2212,2239
2212,3277
2212,3532
2212,4230
2212,4373
2212,6437
2212,7067
2212,7395
2213,223
2213,329
2213,601
2213,648
2213,752
2213,1252
2213,1261
2213,1275
2213,1335
2213,1394
2213,1436
2213,1731
2213,1987
2213,2081
2213,2149
2213,2179
2213,2277
2213,2392
2213,2414
2213,2488
2213,2527
2213,2574
2213,2997
2213,3240
2213,3351
2213,3566
2213,3625
2213,4255
2213,4282
2213,4767
2213,4823
2213,4904
2213,5315
2213,5550
2213,5571
2213,5661
2213,6123
2213,6142
2213,6548
2213,6558
2213,6721
2213,6770
2213,7087
2213,7195
2213,7267
2213,7414
2213,7550
2214,417
2214,807
2214,1348
2214,1932
2214,1950
2214,1984
2214,1998
2214,2218
2214,2392
2214,3351
2214,3518
2214,4518
2214,5422
2214,5571
2214,5680
2214,6328
2214,6536
2214,7045
2214,7498
2215,40
2215,49
2215,71
2215,184
2215,201
2215,212
2215,225
2215,260
2215,283
2215,341
2215,346
2215,372
2215,382
2215,410
2215,421
2215,527
2215,538
2215,584
2215,655
2215,683
2215,693
2215,721
2215,726
2215,785
2215,789
2215,808
2215,921
2215,942
2215,955
2215,973
2215,986
2215,1011
2215,1066
2215,1090
2215,1102
2215,1196
2215,1224
2215,1284
2215,1287
2215,1291
2215,1293
2215,1427
2215,1453
2215,1478
2215,1479
2215,1521
2215,1549
2215,1624
2215,1661
2215,1733
2215,1810
2215,1854
2215,1859
2215,1874
2215,1922
2215,1928
2215,1965
2215,1978
2215,1996
2215,2033
2215,2059
2215,2186
2215,2194
2215,2198
2215,2232
2215,2279
2215,2299
2215,2320
2215,2325
2215,2377
2215,2402
2215,2404
2215,2441
2215,2479
2215,2486
2215,2529
2215,2536
2215,2544
2215,2579
2215,2617
2215,2620
2215,2632
2215,2657
2215,2673
2215,2703
2215,2719
2215,2729
2215,2765
2215,2809
2215,2855
2215,2888
2215,2903
2215,2911
2215,2921
2215,2938
2215,2945
2215,2956
2215,2974
2215,2999
2215,3025
2215,3039
2215,3062
2215,3083
2215,3093
2215,3114
2215,3125
2215,3178
2215,3183
2215,3190
2215,3209
2215,3270
2215,3312
2215,3403
2215,3406
2215,3469
2215,3496
2215,3506
2215,3514
2215,3520
2215,3538
2215,3539
2215,3559
2215,3574
2215,3616
2215,3702
2215,3734
2215,3751
2215,3758
2215,3762
2215,3781
2215,3985
2215,4067
2215,4105
2215,4153
2215,4177
2215,4206
2215,4233
2215,4249
2215,4262
2215,4303
2215,4304
2215,4313
2215,4317
2215,4384
2215,4427
2215,4441
2215,4490
2215,4510
2215,4584
2215,4658
2215,4680
2215,4785
2215,4801
2215,4811
2215,4865
2215,4893
2215,4919
2215,4940
2215,4987
2215,5111
2215,5120
2215,5132
2215,5204
2215,5218
2215,5231
2215,5286
2215,5296
2215,5350
2215,5446
2215,5513
2215,5556
2215,5641
2215,5650
2215,5722
2215,5730
2215,5732
2215,5798
2215,5832
2215,5851
2215,5858
2215,5917
2215,5967
2215,6001
2215,6021
2215,6026
2215,6030
2215,6036
2215,6047
2215,6059
2215,6063
2215,6208
2215,6216
2215,6242
2215,6296
2215,6348
2215,6395
2215,6412
2215,6427
2215,6507
2215,6610
2215,6640
2215,6660
2215,6677
2215,6699
2215,6713
2215,6715
2215,6760
2215,6769
2215,6909
2215,6920
2215,6933
2215,6954
2215,6966
2215,6981
2215,6984
2215,7006
2215,7090
2215,7101
2215,7131
2215,7174
2215,7197
2215,7265
2215,7278
2215,7296
2215,7320
2215,7322
2215,7330
2215,7401
2215,7410
2215,7422
2215,7465
2215,7468
2215,7512
2215,7569
2215,7580
2215,7608
2216,713
2216,2581
2216,3896
2216,5428
2216,5556
2216,6009
2217,249
2217,1445
2217,1740
2217,2168
2217,2413
2217,2874
2217,3135
2217,3147
2217,4202
2217,4322
2217,4925
2217,5104
2217,6144
2217,6524
2217,7108
2217,7509
2218,160
2218,417
2218,573
2218,807
2218,1252
2218,1348
2218,1500
2218,1950
2218,1984
2218,2135
2218,2214
2218,2277
2218,2392
2218,2580
2218,3085
2218,3327
2218,3351
2218,3496
2218,4282
2218,4362
2218,4460
2218,4518
2218,5101
2218,5422
2218,5571
2218,5947
2218,6123
2218,6178
2218,6558
2218,6647
2218,6845
2218,7004
2218,7045
2218,7107
2218,7358
2218,7371
2218,7455
2218,7498
2219,3426
2219,6768
2220,28
2220,526
2220,536
2220,947
2220,1280
2220,1429
2220,1585
2220,1930
2220,2070
2220,2198
2220,2239
2220,2286
2220,2447
2220,2740
2220,3578
2220,3916
2220,4731
2220,4854
2220,5500
2220,5791
2220,5963
2220,6702
2220,7561
2221,310
2221,370
2221,1252
2221,1662
2221,2867
2221,3351
2221,3490
2221,3770
2221,3826
2221,3895
2221,4282
2221,4362
2221,4410
2221,5418
2221,5571
2221,5901
2221,5994
2221,6070
2221,6367
2221,7107
2222,1036
2222,2612
2222,5417
2222,5743
2222,6293
2222,6298
2222,6328
2222,6358
2222,6719
2222,6851
2222,6868
2222,7153
2223,551
2223,829
2223,1188
2223,2355
2223,2570
2223,2834
2223,2863
2223,2879
2223,3855
2223,5771
2223,5912
2223,6058
2223,6386
2223,6724
2224,5596
2224,6433
2224,6509
2225,51
2225,73
2225,1139
2225,1904
2225,4062
2225,4879
2225,4986
2225,5321
2225,6119
2225,6777
2226,273
2226,1079
2226,4208
2226,4673
2226,6645
2226,6653
2228,1178
2228,1239
2228,1444
2228,2000
2228,2068
2228,2198
2228,2239
2228,3532
2228,3557
2228,3710
2228,4381
2228,4725
2228,5033
2228,5404
2228,5604
2228,5839
2228,6967
2228,7395
2229,42
2229,552
2229,593
2229,1058
2229,1210
2229,1293
2229,1415
2229,1453
2229,1663
2229,1744
2229,1959
2229,2198
2229,2239
2229,2339
2229,2370
2229,2377
2229,2553
2229,2736
2229,2981
2229,3051
2229,3152
2229,3713
2229,3748
2229,3856
2229,4071
2229,4157
2229,4164
2229,4376
2229,4384
2229,4578
2229,4805
2229,4806
2229,5070
2229,5251
2229,5316
2229,5404
2229,5415
2229,5649
2229,5881
2229,5937
2229,6354
2229,6414
2229,6673
2229,6707
2229,6847
2229,7046
2229,7369
2229,7464
2229,7572
2229,7582
2230,135
2230,642
2230,1015
2230,1822
2230,2035
2230,2759
2230,4275
2230,4720
2230,4732
2230,5548
2230,5789
2230,6819
2230,7497
2230,7562
2231,139
2231,326
2231,526
2231,559
2231,643
2231,1465
2231,2488
2231,2525
2231,2579
2231,3246
2231,4653
2231,5062
2231,5719
2231,6668
2231,6922
2231,7240
2231,7354
2231,7454
2231,7637
2232,2215
2232,4893
2232,6412
2232,6909
2232,7422
2233,313
2233,723
2233,766
2233,1875
2233,2239
2233,2247
2233,2295
2233,2372
2233,2502
2233,2532
2233,2927
2233,2933
2233,2985
2233,3387
2233,3545
2233,3578
2233,4073
2233,4338
2233,4551
2233,4670
2233,4805
2233,5123
2233,6012
2233,6759
2233,7151
2233,7467
2234,2589
2234,3510
2234,3978
2234,4653
2234,4747
2234,4805
2234,6512
2234,7130
2234,7250
2235,186
2235,412
2235,537
2235,1243
2235,1531
2235,1672
2235,1759
2235,1785
2235,1900
2235,1969
2235,2250
2235,2596
2235,2609
2235,2861
2235,2895
2235,2899
2235,2953
2235,3326
2235,4905
2235,4960
2235,5028
2235,5619
2235,5879
2235,6099
2235,6250
2235,7118
2235,7411
2236,148
2236,630
2236,676
2236,1087
2236,1109
2236,1166
2236,1452
2236,1463
2236,1503
2236,1534
2236,1946
2236,2077
2236,2338
2236,2436
2236,2477
2236,2607
2236,2695
2236,2749
2236,2966
2236,3154
2236,3205
2236,3495
2236,3705
2236,3777
2236,4108
2236,4495
2236,4628
2236,5137
2236,5885
2236,6433
2236,6473
2236,7639
2236,7641
2237,1259
2237,1786
2238,147
2238,481
2238,561
2238,679
2238,855
2238,1223
2238,1420
2238,1622
2238,1683
2238,2468
2238,3180
2238,3733
2238,3904
2238,4244
2238,4485
2238,4487
2238,4663
2238,6103
2238,6106
2238,6488
2238,6609
2238,7598
2239,0
2239,3
2239,15
2239,27
2239,28
2239,41
2239,42
2239,48
2239,61
2239,69
2239,72
2239,77
2239,86
2239,89
2239,91
2239,92
2239,109
2239,114
2239,118
2239,127
2239,134
2239,137
2239,143
2239,149
2239,152
2239,169
2239,188
2239,192
2239,201
2239,213
2239,220
2239,226
2239,233
2239,235
2239,240
2239,258
2239,259
2239,260
2239,264
2239,269
2239,276
2239,283
2239,287
2239,305
2239,309
2239,312
2239,313
2239,319
2239,322
2239,359
2239,360
2239,366
2239,372
2239,375
2239,377
2239,389
2239,393
2239,411
2239,413
2239,432
2239,446
2239,449
2239,450
2239,456
2239,460
2239,469
2239,473
2239,475
2239,476
2239,482
2239,486
2239,493
2239,500
2239,501
2239,518
2239,522
2239,552
2239,562
2239,566
2239,568
2239,582
2239,590
2239,593
2239,601
2239,604
2239,607
2239,611
2239,616
2239,626
2239,632
2239,633
2239,639
2239,659
2239,677
2239,696
2239,711
2239,714
2239,723
2239,726
2239,731
2239,732
2239,762
2239,774
2239,776
2239,780
2239,800
2239,803
2239,811
2239,813
2239,818
2239,836
2239,839
2239,858
2239,863
2239,881
2239,883
2239,920
2239,924
2239,930
2239,942
2239,947
2239,951
2239,967
2239,1000
2239,1017
2239,1018
2239,1022
2239,1046
2239,1058
2239,1076
2239,1081
2239,1094
2239,1098
2239,1102
2239,1103
2239,1104
2239,1105
2239,1106
2239,1108
2239,1112
2239,1113
2239,1152
2239,1153
2239,1165
2239,1167
2239,1170
2239,1172
2239,1178
2239,1184
2239,1191
2239,1195
2239,1210
2239,1211
2239,1214
2239,1224
2239,1239
2239,1258
2239,1268
2239,1280
2239,1284
2239,1327
2239,1329
2239,1337
2239,1339
2239,1344
2239,1347
2239,1351
2239,1353
2239,1357
2239,1370
2239,1376
2239,1377
2239,1383
2239,1399
2239,1413
2239,1414
2239,1415
2239,1417
2239,1423
2239,1429
2239,1439
2239,1444
2239,1453
2239,1457
2239,1467
2239,1472
2239,1481
2239,1485
2239,1492
2239,1494
2239,1501
2239,1510
2239,1513
2239,1514
2239,1517
2239,1524
2239,1540
2239,1544
2239,1545
2239,1551
2239,1561
2239,1563
2239,1569
2239,1570
2239,1575
2239,1581
2239,1582
2239,1586
2239,1603
2239,1610
2239,1634
2239,1645
2239,1647
2239,1658
2239,1661
2239,1663
2239,1671
2239,1673
2239,1678
2239,1684
2239,1686
2239,1689
2239,1690
2239,1700
2239,1708
2239,1711
2239,1738
2239,1744
2239,1747
2239,1776
2239,1782
2239,1797
2239,1798
2239,1802
2239,1831
2239,1840
2239,1847
2239,1850
2239,1854
2239,1862
2239,1872
2239,1875
2239,1877
2239,1880
2239,1899
2239,1912
2239,1915
2239,1929
2239,1935
2239,1941
2239,1945
2239,1948
2239,1959
2239,1966
2239,1970
2239,1975
2239,1979
2239,1993
2239,1997
2239,1999
2239,2010
2239,2013
2239,2024
2239,2030
2239,2032
2239,2033
2239,2039
2239,2040
2239,2042
2239,2043
2239,2066
2239,2068
2239,2087
2239,2104
2239,2106
2239,2108
2239,2123
2239,2125
2239,2129
2239,2142
2239,2152
2239,2163
2239,2164
2239,2166
2239,2173
2239,2183
2239,2195
2239,2197
2239,2198
2239,2201
2239,2202
2239,2205
2239,2206
2239,2212
2239,2220
2239,2228
2239,2229
2239,2233
2239,2244
2239,2279
2239,2287
2239,2294
2239,2307
2239,2317
2239,2322
2239,2330
2239,2332
2239,2339
2239,2340
2239,2342
2239,2345
2239,2348
2239,2368
2239,2370
2239,2380
2239,2384
2239,2400
2239,2401
2239,2406
2239,2407
2239,2410
2239,2418
2239,2427
2239,2432
2239,2441
2239,2471
2239,2479
2239,2484
2239,2485
2239,2487
2239,2502
2239,2509
2239,2521
2239,2522
2239,2541
2239,2563
2239,2564
2239,2565
2239,2569
2239,2571
2239,2572
2239,2573
2239,2586
2239,2587
2239,2595
2239,2600
2239,2614
2239,2620
2239,2621
2239,2627
2239,2640
2239,2645
2239,2649
2239,2661
2239,2663
2239,2684
2239,2689
2239,2736
2239,2738
2239,2743
2239,2755
2239,2761
2239,2772
2239,2795
2239,2801
2239,2804
2239,2808
2239,2812
2239,2820
2239,2823
2239,2829
2239,2831
2239,2835
2239,2855
2239,2857
2239,2871
2239,2882
2239,2913
2239,2950
2239,2961
2239,2974
2239,2977
2239,2979
2239,2981
2239,2991
2239,3008
2239,3019
2239,3037
2239,3040
2239,3049
2239,3050
2239,3063
2239,3070
2239,3072
2239,3074
2239,3079
2239,3080
2239,3138
2239,3152
2239,3160
2239,3171
2239,3177
2239,3178
2239,3179
2239,3185
2239,3196
2239,3216
2239,3225
2239,3226
2239,3234
2239,3237
2239,3242
2239,3251
2239,3264
2239,3269
2239,3271
2239,3274
2239,3277
2239,3282
2239,3284
2239,3289
2239,3295
2239,3298
2239,3302
2239,3319
2239,3323
2239,3331
2239,3332
2239,3334
2239,3337
2239,3359
2239,3362
2239,3363
2239,3364
2239,3373
2239,3377
2239,3380
2239,3384
2239,3388
2239,3403
2239,3419
2239,3427
2239,3428
2239,3436
2239,3438
2239,3439
2239,3445
2239,3459
2239,3469
2239,3492
2239,3502
2239,3532
2239,3542
2239,3547
2239,3550
2239,3576
2239,3578
2239,3581
2239,3593
2239,3594
2239,3616
2239,3617
2239,3623
2239,3627
2239,3646
2239,3659
2239,3664
2239,3667
2239,3670
2239,3671
2239,3683
2239,3687
2239,3692
2239,3693
2239,3695
2239,3697
2239,3698
2239,3704
2239,3710
2239,3713
2239,3720
2239,3723
2239,3744
2239,3748
2239,3756
2239,3760
2239,3768
2239,3773
2239,3808
2239,3831
2239,3832
2239,3834
2239,3844
2239,3856
2239,3859
2239,3867
2239,3882
2239,3889
2239,3910
2239,3912
2239,3927
2239,3931
2239,3947
2239,3969
2239,3973
2239,3983
2239,3985
2239,3987
2239,3996
2239,4016
2239,4026
2239,4028
2239,4033
2239,4039
2239,4041
2239,4042
2239,4049
2239,4054
2239,4071
2239,4086
2239,4091
2239,4095
2239,4100
2239,4102
2239,4109
2239,4111
2239,4128
2239,4147
2239,4154
2239,4155
2239,4157
2239,4159
2239,4161
2239,4162
2239,4164
2239,4167
2239,4174
2239,4182
2239,4184
2239,4190
2239,4194
2239,4196
2239,4203
2239,4217
2239,4219
2239,4223
2239,4230
2239,4241
2239,4243
2239,4253
2239,4267
2239,4289
2239,4295
2239,4306
2239,4307
2239,4315
2239,4337
2239,4344
2239,4352
2239,4355
2239,4358
2239,4366
2239,4371
2239,4373
2239,4376
2239,4381
2239,4386
2239,4393
2239,4402
2239,4406
2239,4408
2239,4415
2239,4417
2239,4421
2239,4422
2239,4450
2239,4453
2239,4458
2239,4464
2239,4466
2239,4469
2239,4473
2239,4476
2239,4479
2239,4483
2239,4510
2239,4511
2239,4514
2239,4522
2239,4531
2239,4535
2239,4546
2239,4553
2239,4556
2239,4559
2239,4565
2239,4570
2239,4573
2239,4578
2239,4579
2239,4580
2239,4589
2239,4594
2239,4595
2239,4608
2239,4626
2239,4662
2239,4668
2239,4670
2239,4672
2239,4679
2239,4680
2239,4682
2239,4685
2239,4688
2239,4697
2239,4706
2239,4715
2239,4734
2239,4735
2239,4737
2239,4743
2239,4746
2239,4755
2239,4768
2239,4771
2239,4778
2239,4791
2239,4792
2239,4803
2239,4805
2239,4806
2239,4835
2239,4857
2239,4864
2239,4870
2239,4871
2239,4877
2239,4908
2239,4934
2239,4940
2239,4946
2239,4948
2239,4952
2239,4983
2239,5007
2239,5008
2239,5022
2239,5029
2239,5033
2239,5037
2239,5039
2239,5040
2239,5042
2239,5048
2239,5056
2239,5058
2239,5070
2239,5083
2239,5095
2239,5108
2239,5125
2239,5132
2239,5136
2239,5139
2239,5145
2239,5148
2239,5155
2239,5166
2239,5167
2239,5186
2239,5194
2239,5195
2239,5197
2239,5198
2239,5199
2239,5203
2239,5206
2239,5209
2239,5212
2239,5213
2239,5214
2239,5234
2239,5247
2239,5251
2239,5254
2239,5258
2239,5264
2239,5273
2239,5278
2239,5292
2239,5309
2239,5313
2239,5315
2239,5330
2239,5335
2239,5344
2239,5365
2239,5372
2239,5373
2239,5376
2239,5381
2239,5385
2239,5392
2239,5398
2239,5401
2239,5404
2239,5406
2239,5412
2239,5415
2239,5445
2239,5452
2239,5459
2239,5469
2239,5471
2239,5474
2239,5484
2239,5495
2239,5496
2239,5504
2239,5505
2239,5507
2239,5510
2239,5518
2239,5531
2239,5534
2239,5543
2239,5545
2239,5554
2239,5559
2239,5562
2239,5567
2239,5572
2239,5577
2239,5584
2239,5585
2239,5606
2239,5612
2239,5629
2239,5632
2239,5646
2239,5649
2239,5651
2239,5654
2239,5661
2239,5667
2239,5676
2239,5689
2239,5694
2239,5695
2239,5707
2239,5708
2239,5732
2239,5734
2239,5740
2239,5749
2239,5764
2239,5769
2239,5772
2239,5797
2239,5799
2239,5807
2239,5816
2239,5820
2239,5840
2239,5844
2239,5853
2239,5855
2239,5858
2239,5865
2239,5873
2239,5881
2239,5888
2239,5903
2239,5904
2239,5909
2239,5924
2239,5937
2239,5941
2239,5945
2239,5948
2239,5949
2239,5979
2239,5987
2239,5993
2239,5998
2239,6001
2239,6015
2239,6020
2239,6021
2239,6024
2239,6027
2239,6028
2239,6039
2239,6040
2239,6047
2239,6063
2239,6064
2239,6066
2239,6069
2239,6073
2239,6075
2239,6077
2239,6078
2239,6082
2239,6131
2239,6140
2239,6152
2239,6183
2239,6188
2239,6202
2239,6208
2239,6216
2239,6228
2239,6242
2239,6246
2239,6251
2239,6259
2239,6264
2239,6297
2239,6309
2239,6313
2239,6315
2239,6330
2239,6331
2239,6342
2239,6345
2239,6354
2239,6369
2239,6381
2239,6382
2239,6397
2239,6403
2239,6406
2239,6409
2239,6414
2239,6422
2239,6434
2239,6437
2239,6446
2239,6448
2239,6449
2239,6451
2239,6457
2239,6468
2239,6475
2239,6484
2239,6487
2239,6489
2239,6490
2239,6497
2239,6500
2239,6518
2239,6526
2239,6527
2239,6540
2239,6545
2239,6551
2239,6560
2239,6578
2239,6579
2239,6582
2239,6597
2239,6604
2239,6614
2239,6615
2239,6618
2239,6620
2239,6627
2239,6631
2239,6634
2239,6646
2239,6649
2239,6658
2239,6664
2239,6669
2239,6678
2239,6692
2239,6702
2239,6704
2239,6705
2239,6707
2239,6723
2239,6759
2239,6775
2239,6778
2239,6787
2239,6801
2239,6803
2239,6807
2239,6815
2239,6831
2239,6839
2239,6843
2239,6847
2239,6848
2239,6850
2239,6852
2239,6854
2239,6880
2239,6887
2239,6890
2239,6892
2239,6895
2239,6904
2239,6907
2239,6930
2239,6942
2239,6951
2239,6961
2239,6968
2239,6971
2239,7006
2239,7008
2239,7020
2239,7021
2239,7023
2239,7032
2239,7042
2239,7044
2239,7054
2239,7059
2239,7071
2239,7079
2239,7097
2239,7105
2239,7114
2239,7125
2239,7127
2239,7139
2239,7151
2239,7164
2239,7167
2239,7225
2239,7247
2239,7266
2239,7277
2239,7278
2239,7288
2239,7289
2239,7290
2239,7294
2239,7295
2239,7296
2239,7299
2239,7302
2239,7305
2239,7311
2239,7320
2239,7330
2239,7331
2239,7337
2239,7344
2239,7349
2239,7353
2239,7357
2239,7363
2239,7364
2239,7369
2239,7373
2239,7374
2239,7376
2239,7382
2239,7395
2239,7406
2239,7410
2239,7428
2239,7430
2239,7440
2239,7448
2239,7466
2239,7467
2239,7474
2239,7481
2239,7487
2239,7501
2239,7510
2239,7520
2239,7523
2239,7524
2239,7526
2239,7535
2239,7540
2239,7548
2239,7551
2239,7560
2239,7572
2239,7573
2239,7580
2239,7592
2239,7607
2239,7610
2239,7617
2239,7619
2239,7628
2239,7644
2239,7649
2240,22
2240,273
2240,284
2240,554
2240,557
2240,682
2240,794
2240,965
2240,995
2240,1079
2240,1656
2240,1845
2240,2757
2240,3391
2240,3741
2240,3892
2240,3903
2240,3924
2240,4008
2240,4143
2240,4280
2240,4426
2240,4673
2240,4975
2240,5686
2240,5754
2240,5774
2240,6111
2240,6125
2240,6199
2240,6645
2240,6653
2240,6874
2240,7504
2240,7541
2240,7565
2241,476
2241,1935
2241,2198
2241,3277
2241,3319
2241,3557
2241,7395
2242,1207
2242,1341
2242,1352
2242,1387
2242,1398
2242,1605
2242,1793
2242,1968
2242,3126
2242,3200
2242,3228
2242,3505
2242,3694
2242,4036
2242,4079
2242,4481
2242,5450
2242,5477
2242,6080
2242,6543
2242,6903
2242,7002
2242,7082
2242,7199
2242,7425
2242,7567
2243,760
2243,1058
2243,1518
2243,2143
2243,2198
2243,2205
2243,3049
2243,3469
2243,3748
2243,4198
2243,4376
2243,4725
2243,5234
2243,6064
2243,6171
2243,6219
2243,7147
2244,403
2244,536
2244,756
2244,764
2244,1182
2244,1280
2244,1429
2244,1470
2244,1744
2244,1796
2244,1990
2244,2239
2244,2286
2244,2740
2244,2960
2244,3433
2244,3577
2244,3578
2244,3585
2244,3704
2244,3817
2244,3916
2244,4390
2244,4805
2244,4854
2244,5114
2244,5364
2244,5437
2244,5500
2244,5615
2244,5664
2244,6338
2244,6600
2244,6629
2244,6673
2244,6807
2244,7467
2245,681
2245,1015
2245,1049
2245,1565
2245,2100
2245,2976
2245,3094
2245,3175
2245,3735
2245,3968
2245,4235
2245,4242
2245,4736
2245,4856
2245,4903
2245,4997
2245,5020
2245,6050
2245,6205
2245,6514
2245,6577
2245,6768
2245,7178
2245,7562
2245,7575
2245,7620
2246,1116
2246,4898
2246,5660
2247,723
2247,835
2247,2233
2247,2502
2247,2532
2247,3277
2247,3578
2247,4073
2247,4273
2247,4805
2247,5734
2248,73
2248,919
2248,2901
2248,3698
2248,4302
2248,5346
2248,5467
2248,5923
2248,6098
2248,6828
2249,932
2249,1468
2249,1728
2249,2838
2249,3082
2249,4748
2249,5025
2249,5135
2249,5333
2249,6217
2250,7
2250,28
2250,36
2250,136
2250,167
2250,174
2250,236
2250,305
2250,340
2250,405
2250,412
2250,456
2250,478
2250,512
2250,537
2250,556
2250,645
2250,698
2250,749
2250,848
2250,877
2250,879
2250,888
2250,909
2250,926
2250,935
2250,1037
2250,1054
2250,1243
2250,1280
2250,1282
2250,1346
2250,1364
2250,1389
2250,1412
2250,1428
2250,1429
2250,1471
2250,1531
2250,1648
2250,1709
2250,1732
2250,1734
2250,1736
2250,1751
2250,1759
2250,1827
2250,1863
2250,1867
2250,1881
2250,1895
2250,1969
2250,1977
2250,2019
2250,2090
2250,2099
2250,2134
2250,2180
2250,2192
2250,2235
2250,2260
2250,2324
2250,2419
2250,2446
2250,2596
2250,2609
2250,2728
2250,2754
2250,2801
2250,2804
2250,2822
2250,2849
2250,2854
2250,2861
2250,2895
2250,2953
2250,2957
2250,3006
2250,3024
2250,3048
2250,3091
2250,3099
2250,3164
2250,3204
2250,3283
2250,3315
2250,3316
2250,3324
2250,3326
2250,3371
2250,3401
2250,3419
2250,3489
2250,3529
2250,3588
2250,3749
2250,3805
2250,3820
2250,3825
2250,3843
2250,3931
2250,4035
2250,4038
2250,4048
2250,4236
2250,4245
2250,4264
2250,4265
2250,4274
2250,4300
2250,4342
2250,4348
2250,4375
2250,4412
2250,4496
2250,4504
2250,4566
2250,4598
2250,4603
2250,4648
2250,4666
2250,4667
2250,4881
2250,4897
2250,4949
2250,4956
2250,4958
2250,4960
2250,5045
2250,5066
2250,5110
2250,5147
2250,5164
2250,5236
2250,5257
2250,5465
2250,5497
2250,5512
2250,5628
2250,5691
2250,5706
2250,5708
2250,5753
2250,5755
2250,5848
2250,5849
2250,5882
2250,5906
2250,5978
2250,6007
2250,6010
2250,6091
2250,6099
2250,6124
2250,6127
2250,6143
2250,6151
2250,6213
2250,6250
2250,6255
2250,6257
2250,6357
2250,6383
2250,6391
2250,6416
2250,6451
2250,6465
2250,6479
2250,6520
2250,6532
2250,6552
2250,6572
2250,6607
2250,6648
2250,6807
2250,6840
2250,6852
2250,6865
2250,6881
2250,6891
2250,7013
2250,7014
2250,7035
2250,7073
2250,7086
2250,7122
2250,7124
2250,7258
2250,7380
2250,7400
2250,7402
2250,7407
2250,7457
2250,7614
2251,166
2251,420
2251,615
2251,773
2251,1438
2251,2850
2251,3030
2251,3041
2251,3143
2251,3366
2251,3375
2251,3494
2251,3774
2251,3873
2251,3885
2251,4379
2251,4615
2251,5030
2251,5107
2251,5361
2251,5547
2251,5884
2251,6194
2251,6870
2251,7530
2252,268
2252,282
2252,361
2252,440
2252,826
2252,2025
2252,2367
2252,2619
2252,2971
2252,3007
2252,3208
2252,4520
2252,4664
2252,4793
2252,4939
2252,5805
2252,6065
2252,6304
2252,6608
2252,6694
2252,7132
2252,7329
2253,34
2253,452
2253,610
2253,678
2253,784
2253,1472
2253,2104
2253,2270
2253,2440
2253,2704
2253,2738
2253,3527
2253,4160
2253,4206
2253,4329
2253,4573
2253,4592
2253,4595
2253,4691
2253,4805
2253,5559
2253,5881
2253,6994
2253,7116
2254,462
2254,1338
2254,1403
2254,1934
2254,2162
2254,2390
2254,2462
2254,3265
2254,3327
2254,3329
2254,3336
2254,3349
2254,3709
2254,3824
2254,3865
2254,4136
2254,4482
2254,4507
2254,4621
2254,4824
2254,4944
2254,5253
2254,5318
2254,5422
2254,5535
2254,5763
2254,5986
2254,6274
2254,6491
2254,6606
2254,6845
2254,6908
2254,7112
2254,7158
2254,7334
2254,7579
2254,7591
2255,399
2255,441
2255,890
2255,2046
2255,2321
2255,3057
2255,3536
2255,3811
2255,3843
2255,4126
2255,4224
2255,4265
2255,5161
2255,5600
2255,5915
2255,6380
2255,6525
2255,6687
2256,433
2256,1609
2256,2860
2256,3021
2256,3640
2256,3649
2256,4883
2256,4938
2256,5250
2256,5436
2256,5848
2256,6765
2257,295
2257,1064
2257,1212
2257,1315
2257,1722
2257,2454
2257,4982
2257,5132
2257,5216
2257,5396
2257,5993
2257,6301
2257,6898
2257,6901
2257,7007
2257,7121
2258,308
2258,495
2258,766
2258,771
2258,892
2258,1414
2258,1619
2258,1817
2258,2354
2258,2372
2258,2418
2258,2427
2258,2625
2258,2664
2258,3052
2258,3098
2258,3404
2258,3480
2258,3578
2258,3671
2258,3695
2258,3821
2258,3839
2258,3866
2258,4042
2258,4054
2258,4376
2258,4805
2258,5455
2258,5511
2258,5873
2258,5981
2258,5987
2258,6098
2258,6128
2258,6211
2258,7022
2258,7125
2258,7370
2258,7481
2258,7584
2258,7624
2259,147
2259,481
2259,837
2259,3180
2259,3733
2259,4244
2259,4411
2259,4663
2259,4711
2259,5974
2259,6311
2259,6488
2259,6496
2259,7016
2259,7024
2259,7383
2259,7531
2259,7598
2260,57
2260,174
2260,275
2260,316
2260,328
2260,442
2260,517
2260,537
2260,556
2260,570
2260,698
2260,749
2260,755
2260,767
2260,786
2260,787
2260,801
2260,806
2260,828
2260,877
2260,882
2260,909
2260,1016
2260,1037
2260,1054
2260,1221
2260,1282
2260,1360
2260,1364
2260,1391
2260,1412
2260,1428
2260,1434
2260,1504
2260,1531
2260,1583
2260,1685
2260,1696
2260,1734
2260,1759
2260,1766
2260,1849
2260,1864
2260,1969
2260,1977
2260,1983
2260,2019
2260,2090
2260,2098
2260,2114
2260,2132
2260,2134
2260,2147
2260,2189
2260,2250
2260,2324
2260,2357
2260,2387
2260,2446
2260,2474
2260,2596
2260,2635
2260,2643
2260,2717
2260,2754
2260,2768
2260,2822
2260,3006
2260,3065
2260,3090
2260,3099
2260,3116
2260,3291
2260,3305
2260,3316
2260,3324
2260,3346
2260,3356
2260,3371
2260,3392
2260,3523
2260,3529
2260,3543
2260,3558
2260,3565
2260,3597
2260,3663
2260,3714
2260,3722
2260,3805
2260,3820
2260,3825
2260,3840
2260,3874
2260,4038
2260,4048
2260,4070
2260,4142
2260,4236
2260,4245
2260,4264
2260,4281
2260,4375
2260,4504
2260,4548
2260,4554
2260,4583
2260,4603
2260,4614
2260,4619
2260,4666
2260,4667
2260,4704
2260,4739
2260,4751
2260,4759
2260,4772
2260,4881
2260,4960
2260,4972
2260,5164
2260,5182
2260,5245
2260,5409
2260,5448
2260,5451
2260,5512
2260,5529
2260,5540
2260,5602
2260,5692
2260,5706
2260,5825
2260,5848
2260,5849
2260,5856
2260,5882
2260,5906
2260,5978
2260,6010
2260,6143
2260,6164
2260,6212
2260,6257
2260,6357
2260,6383
2260,6391
2260,6416
2260,6465
2260,6502
2260,6520
2260,6532
2260,6534
2260,6666
2260,6679
2260,6765
2260,6771
2260,6772
2260,6793
2260,7013
2260,7060
2260,7061
2260,7124
2260,7144
2260,7241
2260,7255
2260,7272
2260,7348
2260,7366
2260,7402
2260,7407
2260,7470
2260,7555
2260,7620
2261,100
2261,4378
2261,5175
2261,5248
2261,5778
2261,6766
2262,28
2262,183
2262,593
2262,622
2262,722
2262,1018
2262,1058
2262,1280
2262,1723
2262,1798
2262,2170
2262,2198
2262,2553
2262,3020
2262,3446
2262,3578
2262,3648
2262,3704
2262,3713
2262,3799
2262,4538
2262,4641
2262,4805
2262,5132
2262,5241
2262,5255
2262,5404
2262,5881
2262,6673
2262,6678
2262,6702
2262,6847
2262,7003
2262,7103
2262,7464
2262,7477
2262,7535
2262,7607
2263,9
2263,128
2263,252
2263,564
2263,908
2263,1358
2263,1435
2263,1888
2263,2044
2263,2094
2263,2096
2263,2378
2263,2707
2263,2944
2263,3365
2263,3418
2263,3478
2263,3484
2263,3555
2263,4024
2263,4277
2263,4430
2263,4882
2263,5118
2263,5192
2263,5486
2263,5636
2263,6162
2263,6555
2263,7235
2264,1587
2264,3741
2264,3924
2264,4351
2264,4357
2264,5094
2264,5747
2264,6623
2264,6653
2265,100
2265,761
2265,1143
2265,1437
2265,1448
2265,1597
2265,1731
2265,1979
2265,2274
2265,2374
2265,2430
2265,2574
2265,2893
2265,3701
2265,4255
2265,4378
2265,4454
2265,4577
2265,4687
2265,4817
2265,5944
2265,6123
2265,6258
2265,6651
2265,6748
2265,6766
2265,6879
2265,7087
2267,1058
2267,1357
2267,1790
2267,1796
2267,2198
2267,2660
2267,2772
2267,3049
2267,3578
2267,4164
2267,4376
2267,4592
2267,4714
2267,4805
2267,5037
2267,5251
2267,5404
2267,5881
2267,6140
2267,6354
2267,7320
2267,7448
2268,641
2269,2080
2269,4266
2269,5874
2270,610
2270,2104
2270,2253
2270,2440
2270,4805
2270,5404
2270,5559
2270,5881
2271,593
2271,632
2271,906
2271,3353
2271,4641
2271,6702
2272,347
2272,1051
2272,3661
2272,7026
2273,40
2273,352
2273,526
2273,1291
2273,2111
2273,2536
2273,2856
2273,2945
2273,3559
2273,4067
2273,5132
2273,5170
2273,5739
2273,6408
2273,6569
2273,6909
2274,250
2274,1394
2274,1618
2274,1853
2274,1987
2274,2131
2274,2150
2274,2265
2274,2430
2274,2897
2274,3005
2274,3625
2274,3635
2274,4454
2274,4577
2274,5175
2274,5248
2274,5778
2274,7267
2274,7479
2275,60
2275,304
2275,317
2275,494
2275,689
2275,1011
2275,1106
2275,1349
2275,1590
2275,2659
2275,2716
2275,3658
2275,3762
2275,4210
2275,4642
2275,4753
2275,4872
2275,5886
2275,6034
2275,6537
2275,6749
2276,354
2276,452
2276,547
2276,594
2276,624
2276,792
2276,1147
2276,1168
2276,1201
2276,1265
2276,1837
2276,1968
2276,1971
2276,2203
2276,2278
2276,2403
2276,2578
2276,2580
2276,2696
2276,2841
2276,2846
2276,3254
2276,3286
2276,3301
2276,3390
2276,3402
2276,3522
2276,3895
2276,4036
2276,4119
2276,4384
2276,4481
2276,4547
2276,5021
2276,5196
2276,5590
2276,5712
2276,6158
2276,6659
2276,6697
2276,6833
2276,6863
2276,6883
2276,7301
2276,7533
2276,7567
2276,7625
2277,417
2277,1026
2277,1030
2277,1252
2277,1335
2277,1729
2277,1904
2277,1984
2277,2213
2277,2218
2277,2392
2277,2546
2277,3351
2277,4234
2277,4282
2277,5101
2277,5177
2277,5571
2277,5947
2277,6123
2277,6178
2277,6266
2277,6821
2277,7107
2277,7109
2277,7455
2278,68
2278,104
2278,281
2278,304
2278,348
2278,354
2278,368
2278,406
2278,416
2278,451
2278,452
2278,457
2278,495
2278,547
2278,594
2278,624
2278,635
2278,792
2278,799
2278,823
2278,929
2278,1025
2278,1033
2278,1059
2278,1114
2278,1144
2278,1147
2278,1154
2278,1168
2278,1199
2278,1201
2278,1203
2278,1208
2278,1229
2278,1231
2278,1265
2278,1283
2278,1366
2278,1384
2278,1387
2278,1407
2278,1462
2278,1542
2278,1557
2278,1571
2278,1576
2278,1605
2278,1713
2278,1754
2278,1779
2278,1837
2278,1968
2278,1971
2278,2002
2278,2020
2278,2029
2278,2185
2278,2203
2278,2276
2278,2403
2278,2578
2278,2580
2278,2642
2278,2692
2278,2696
2278,2716
2278,2735
2278,2802
2278,2841
2278,2846
2278,2858
2278,2919
2278,2934
2278,2937
2278,3055
2278,3110
2278,3254
2278,3286
2278,3301
2278,3338
2278,3402
2278,3505
2278,3519
2278,3522
2278,3535
2278,3556
2278,3611
2278,3671
2278,3694
2278,3769
2278,3790
2278,3943
2278,4011
2278,4036
2278,4059
2278,4119
2278,4132
2278,4139
2278,4166
2278,4234
2278,4319
2278,4331
2278,4389
2278,4396
2278,4444
2278,4481
2278,4547
2278,4550
2278,4568
2278,4627
2278,4825
2278,4844
2278,4927
2278,4977
2278,4998
2278,5021
2278,5055
2278,5073
2278,5087
2278,5096
2278,5112
2278,5149
2278,5196
2278,5233
2278,5246
2278,5353
2278,5590
2278,5645
2278,5712
2278,5766
2278,5956
2278,6011
2278,6136
2278,6158
2278,6292
2278,6375
2278,6498
2278,6659
2278,6697
2278,6710
2278,6781
2278,6833
2278,6863
2278,6883
2278,6932
2278,6938
2278,6943
2278,6949
2278,6963
2278,7002
2278,7004
2278,7028
2278,7083
2278,7148
2278,7152
2278,7189
2278,7301
2278,7350
2278,7358
2278,7466
2278,7533
2278,7546
2278,7567
2278,7571
2278,7625
2279,225
2279,499
2279,526
2279,628
2279,956
2279,986
2279,1058
2279,1084
2279,1291
2279,1761
2279,2215
2279,2239
2279,2655
2279,2903
2279,3457
2279,3510
2279,3725
2279,3748
2279,4023
2279,4067
2279,4069
2279,4115
2279,4376
2279,4503
2279,4805
2279,4990
2279,5063
2279,5115
2279,5170
2279,5739
2279,6512
2279,6569
2279,6909
2279,7000
2279,7077
2279,7325
2279,7608
2280,3828
2280,4518
2280,5269
2280,5337
2280,5666
2280,5725
2281,174
2281,236
2281,316
2281,328
2281,442
2281,463
2281,516
2281,517
2281,541
2281,556
2281,786
2281,801
2281,928
2281,937
2281,1016
2281,1037
2281,1038
2281,1122
2281,1221
2281,1272
2281,1391
2281,1504
2281,1505
2281,1630
2281,1685
2281,1717
2281,1759
2281,1863
2281,1864
2281,1947
2281,2037
2281,2098
2281,2114
2281,2132
2281,2327
2281,2357
2281,2387
2281,2389
2281,2474
2281,2609
2281,2635
2281,2643
2281,2768
2281,2925
2281,3006
2281,3090
2281,3099
2281,3167
2281,3272
2281,3291
2281,3305
2281,3324
2281,3392
2281,3401
2281,3528
2281,3553
2281,3558
2281,3575
2281,3663
2281,3820
2281,3840
2281,3874
2281,4034
2281,4281
2281,4441
2281,4548
2281,4554
2281,4566
2281,4583
2281,4614
2281,4619
2281,4666
2281,4728
2281,4741
2281,4751
2281,4758
2281,4759
2281,4772
2281,5306
2281,5448
2281,5451
2281,5555
2281,5588
2281,5825
2281,5828
2281,5978
2281,6212
2281,6257
2281,6383
2281,6391
2281,6519
2281,6520
2281,6534
2281,6648
2281,6666
2281,6679
2281,6772
2281,6913
2281,6997
2281,7043
2281,7061
2281,7075
2281,7118
2281,7124
2281,7144
2281,7255
2281,7366
2281,7407
2281,7470
2281,7566
2281,7630
2282,12
2282,511
2282,681
2282,1043
2282,1049
2282,1440
2282,2100
2282,2976
2282,3094
2282,3156
2282,3175
2282,3191
2282,3292
2282,3735
2282,4104
2282,4242
2282,4275
2282,4429
2282,4677
2282,4961
2282,4997
2282,5434
2282,5533
2282,5684
2282,5720
2282,6025
2282,6050
2282,6205
2282,6324
2282,6514
2282,6768
2282,7178
2282,7532
2282,7575
2282,7620
2283,53
2283,3894
2283,4906
2283,4922
2283,4994
2283,5085
2283,5605
2283,6571
2284,2341
2284,3741
2284,4612
2284,4726
2284,7504
2285,1074
2285,1920
2285,2168
2285,6975
2286,28
2286,36
2286,403
2286,920
2286,1280
2286,1429
2286,1470
2286,1834
2286,1929
2286,2015
2286,2220
2286,2244
2286,2447
2286,2581
2286,2738
2286,2804
2286,2904
2286,3271
2286,3419
2286,3856
2286,3931
2286,4001
2286,4033
2286,4044
2286,4100
2286,4835
2286,5209
2286,5343
2286,5437
2286,5496
2286,5549
2286,5708
2286,6015
2286,6382
2286,6696
2286,6807
2286,6852
2286,6900
2286,7042
2286,7328
2286,7364
2287,91
2287,276
2287,446
2287,610
2287,835
2287,847
2287,947
2287,1058
2287,1108
2287,1191
2287,1686
2287,1730
2287,1915
2287,2115
2287,2198
2287,2205
2287,2239
2287,2342
2287,2368
2287,2440
2287,2502
2287,2513
2287,2558
2287,2743
2287,2798
2287,2950
2287,3049
2287,3080
2287,3115
2287,3152
2287,3578
2287,3817
2287,4026
2287,4159
2287,4160
2287,4182
2287,4194
2287,4371
2287,4376
2287,4458
2287,4592
2287,4670
2287,4746
2287,4771
2287,4805
2287,4870
2287,5056
2287,5068
2287,5112
2287,5155
2287,5167
2287,5213
2287,5234
2287,5651
2287,5667
2287,5764
2287,5844
2287,6064
2287,6078
2287,6406
2287,6807
2287,6994
2287,7116
2287,7262
2287,7467
2287,7560
2288,301
2288,514
2288,764
2288,829
2288,1052
2288,1653
2288,2016
2288,2570
2288,2875
2288,3097
2288,3145
2288,3397
2288,3725
2288,4066
2288,4094
2288,4486
2288,4762
2288,4913
2288,5226
2288,5796
2288,5912
2288,6481
2288,6744
2288,6914
2288,7587
2289,437
2289,1207
2289,1405
2289,1793
2289,2297
2289,2466
2289,2942
2289,3033
2289,3200
2289,3519
2289,3694
2289,4299
2289,4339
2289,5905
2289,7002
2289,7138
2289,7185
2289,7199
2290,23
2290,103
2290,299
2290,388
2290,551
2290,762
2290,772
2290,903
2290,1218
2290,1545
2290,1610
2290,1798
2290,2013
2290,2040
2290,2106
2290,2339
2290,2370
2290,3025
2290,3171
2290,3183
2290,3184
2290,3408
2290,3602
2290,4080
2290,4083
2290,4091
2290,4157
2290,4384
2290,4420
2290,4465
2290,4803
2290,4952
2290,5222
2290,5799
2290,6297
2290,6462
2290,6551
2290,6618
2290,6624
2290,7085
2290,7295
2290,7395
2290,7465
2290,7599
2290,7607
2291,1804
2291,3293
2291,3424
2291,4943
2291,6130
2291,7291
2292,166
2292,504
2292,615
2292,699
2292,788
2292,1438
2292,1537
2292,2850
2292,3030
2292,3258
2292,3494
2292,3774
2292,3885
2292,4145
2292,4615
2292,5283
2292,5419
2292,5586
2292,5738
2292,5884
2292,6480
2293,139
2293,154
2293,302
2293,545
2293,753
2293,765
2293,791
2293,878
2293,1009
2293,1057
2293,1075
2293,1480
2293,2083
2293,2344
2293,2397
2293,2709
2293,3095
2293,3186
2293,3197
2293,3454
2293,3483
2293,3633
2293,3746
2293,3792
2293,3814
2293,4019
2293,4150
2293,4435
2293,4449
2293,4574
2293,4656
2293,4810
2293,4906
2293,4907
2293,4969
2293,4988
2293,5185
2293,5238
2293,5239
2293,5314
2293,5347
2293,5358
2293,5391
2293,5400
2293,5501
2293,5539
2293,5617
2293,5671
2293,5723
2293,5838
2293,6084
2293,6241
2293,6294
2293,6418
2293,6420
2293,6493
2293,6556
2293,6577
2293,6583
2293,6900
2293,7155
2293,7224
2293,7482
2293,7613
2294,26
2294,134
2294,456
2294,592
2294,593
2294,658
2294,739
2294,1418
2294,1453
2294,1591
2294,1798
2294,1899
2294,2117
2294,2143
2294,2198
2294,2239
2294,2685
2294,2859
2294,2871
2294,2887
2294,3171
2294,3221
2294,3247
2294,3269
2294,3294
2294,3438
2294,3657
2294,3923
2294,4080
2294,4082
2294,4217
2294,4345
2294,4376
2294,4791
2294,4870
2294,4895
2294,4912
2294,4954
2294,5132
2294,5234
2294,5404
2294,5568
2294,6054
2294,6175
2294,6343
2294,6409
2294,6702
2294,6759
2294,6847
2294,7119
2294,7276
2294,7283
2294,7289
2294,7330
2294,7464
2295,313
2295,413
2295,528
2295,673
2295,675
2295,723
2295,1302
2295,1413
2295,2065
2295,2161
2295,2177
2295,2233
2295,2760
2295,2807
2295,3342
2295,3509
2295,4344
2295,4685
2295,5484
2295,5634
2295,5664
2295,5729
2295,5895
2295,6060
2295,6305
2295,6546
2295,6839
2295,6929
2295,7397
2297,12
2297,531
2297,798
2297,1606
2297,2289
2297,3292
2297,3497
2297,3694
2297,4235
2297,4429
2297,4794
2297,6324
2297,6514
2297,6809
2297,7315
2297,7575
2297,7620
2298,161
2298,490
2298,521
2298,834
2298,2011
2298,3013
2298,4259
2298,4637
2298,4735
2298,5321
2298,5368
2298,6417
2298,6563
2298,7359
2299,62
2299,75
2299,217
2299,490
2299,551
2299,584
2299,680
2299,705
2299,1139
2299,1189
2299,1212
2299,1335
2299,1612
2299,1647
2299,1801
2299,1894
2299,2021
2299,2143
2299,2198
2299,2215
2299,2486
2299,2610
2299,2901
2299,3190
2299,3320
2299,3330
2299,3503
2299,3506
2299,3515
2299,3532
2299,3559
2299,3607
2299,3613
2299,3772
2299,3868
2299,3895
2299,4046
2299,4097
2299,4384
2299,4469
2299,4490
2299,4584
2299,4904
2299,4952
2299,5111
2299,5218
2299,5396
2299,5464
2299,5650
2299,5661
2299,6030
2299,6063
2299,6086
2299,6395
2299,6412
2299,6518
2299,6588
2299,6660
2299,6898
2299,7067
2299,7128
2299,7269
2299,7556
2299,7603
2300,2077
2300,2436
2301,330
2301,407
2301,636
2301,1180
2301,1216
2301,1530
2301,1755
2301,1921
2301,2464
2301,3129
2301,4717
2301,4749
2301,4841
2301,6643
2301,7161
2301,7192
2302,593
2302,1113
2302,1453
2302,1798
2302,2106
2302,2159
2302,3502
2302,4384
2302,4952
2302,5756
2302,6551
2302,6707
2302,7535
2303,544
2303,621
2303,703
2303,1239
2303,2000
2303,2068
2303,3329
2303,3573
2303,3914
2303,4118
2303,4122
2303,4387
2303,4482
2303,4555
2303,5604
2303,5839
2303,6298
2303,6868
2303,6967
2303,7579
2304,725
2304,1005
2304,1158
2304,1205
2304,1345
2304,1689
2304,1774
2304,1905
2304,1961
2304,2758
2304,2844
2304,3139
2304,3369
2304,3600
2304,3802
2304,4187
2304,5173
2304,5268
2304,5483
2304,5866
2304,6078
2304,6093
2304,6341
2304,6586
2304,6783
2305,4277
2305,4882
2305,5933
2306,40
2306,456
2306,2346
2306,2586
2306,2738
2306,3022
2307,89
2307,258
2307,319
2307,369
2307,593
2307,633
2307,1206
2307,1513
2307,1663
2307,1744
2307,1796
2307,1798
2307,1993
2307,2198
2307,2239
2307,2380
2307,3051
2307,3185
2307,3277
2307,3946
2307,4023
2307,4352
2307,4380
2307,4522
2307,4578
2307,4641
2307,5042
2307,5132
2307,5316
2307,5324
2307,5799
2307,5979
2307,6414
2307,6692
2307,6702
2307,7150
2307,7280
2307,7440
2307,7464
2307,7568
2307,7607
2308,242
2308,3227
2308,3872
2308,4209
2308,4646
2308,4906
2308,4994
2308,5119
2308,7081
2308,7586
2309,592
2309,739
2309,1082
2309,1194
2309,1591
2309,2095
2309,2556
2309,2685
2309,2778
2309,2887
2309,3243
2309,3247
2309,3294
2309,3923
2309,4345
2309,4650
2309,4848
2309,4912
2309,5133
2309,5293
2309,5597
2309,5958
2309,6175
2309,6343
2309,6371
2309,7283
2309,7398
2309,7601
2310,116
2310,304
2310,446
2310,456
2310,552
2310,766
2310,1058
2310,1210
2310,1333
2310,1453
2310,2198
2310,3051
2310,3578
2310,3671
2310,4479
2310,4680
2310,5132
2310,5203
2310,5455
2310,6313
2310,6409
2310,6702
2310,7572
2311,758
2311,965
2311,995
2311,1488
2311,2757
2311,3064
2311,3150
2311,3516
2311,3563
2311,3880
2311,4280
2311,4673
2311,5686
2311,5754
2311,6163
2311,6653
2312,174
2312,649
2312,2006
2312,2098
2312,2681
2312,2925
2312,3065
2312,3356
2312,4300
2312,4441
2312,4676
2312,4758
2312,5090
2312,5329
2312,6502
2312,6679
2312,6997
2312,7648
2313,23
2313,77
2313,124
2313,258
2313,260
2313,479
2313,593
2313,1214
2313,1226
2313,1293
2313,1421
2313,1467
2313,1684
2313,1747
2313,1798
2313,1840
2313,1945
2313,2013
2313,2039
2313,2106
2313,2115
2313,2198
2313,2340
2313,2406
2313,2571
2313,2575
2313,2812
2313,2981
2313,3184
2313,3363
2313,3456
2313,3671
2313,3713
2313,3762
2313,4157
2313,4167
2313,4184
2313,4333
2313,4376
2313,4384
2313,4465
2313,4658
2313,4806
2313,4952
2313,5015
2313,5160
2313,5201
2313,5707
2313,5740
2313,5756
2313,5799
2313,5966
2313,6024
2313,6156
2313,6449
2313,6468
2313,6551
2313,6597
2313,6673
2313,6702
2313,6707
2313,7071
2313,7085
2313,7104
2313,7231
2313,7296
2313,7464
2313,7487
2313,7568
2314,331
2314,707
2314,852
2314,1655
2314,1745
2314,3131
2314,3650
2314,3952
2314,4320
2314,4376
2314,4549
2314,4725
2314,6193
2314,6954
2314,7084
2314,7376
2314,7600
2315,67
2315,150
2315,373
2315,650
2315,872
2315,1087
2315,1107
2315,1534
2315,1906
2315,2136
2315,2422
2315,2803
2315,2830
2315,2875
2315,3186
2315,3467
2315,3622
2315,3630
2315,3993
2315,3995
2315,4328
2315,4698
2315,4880
2315,5026
2315,5284
2315,5440
2315,5466
2315,5713
2315,5723
2315,5918
2315,6436
2315,6504
2315,6599
2315,6689
2315,6773
2315,6821
2315,6991
2315,7019
2315,7286
2316,150
2316,200
2316,241
2316,753
2316,878
2316,1009
2316,1010
2316,1338
2316,1964
2316,2136
2316,2416
2316,2585
2316,2606
2316,3107
2316,3186
2316,3354
2316,3622
2316,3746
2316,3989
2316,3993
2316,4051
2316,4137
2316,4346
2316,4810
2316,5358
2316,5671
2316,5690
2316,5802
2316,5838
2316,6089
2316,6556
2316,6916
2316,6991
2316,7281
2317,28
2317,264
2317,495
2317,593
2317,835
2317,1183
2317,1769
2317,1795
2317,1956
2317,2005
2317,2066
2317,2198
2317,2239
2317,2345
2317,2356
2317,2706
2317,3103
2317,3249
2317,3273
2317,3331
2317,3433
2317,3578
2317,3886
2317,4185
2317,4670
2317,4805
2317,5213
2317,5620
2317,6325
2317,7467
2317,7518
2318,122
2318,249
2318,730
2318,824
2318,902
2318,932
2318,1021
2318,1115
2318,1262
2318,1303
2318,1422
2318,1664
2318,1737
2318,1835
2318,1841
2318,1868
2318,1920
2318,2079
2318,2140
2318,2366
2318,2388
2318,2391
2318,2399
2318,2439
2318,2528
2318,2605
2318,2949
2318,3231
2318,3361
2318,3803
2318,3879
2318,4005
2318,4237
2318,4399
2318,4512
2318,4611
2318,4861
2318,4924
2318,5027
2318,5131
2318,5163
2318,5410
2318,5429
2318,5439
2318,5611
2318,5815
2318,6111
2318,6113
2318,6138
2318,6268
2318,6347
2318,6480
2318,6935
2318,7009
2318,7141
2318,7264
2318,7405
2318,7460
2318,7491
2318,7509
2318,7544
2319,43
2319,887
2319,1109
2319,1503
2319,1756
2319,2607
2319,2963
2319,2966
2319,2984
2319,3121
2319,3495
2319,3792
2319,3934
2319,4272
2319,4742
2319,5065
2319,5624
2319,5690
2319,5916
2319,6433
2319,6656
2319,7030
2319,7367
2320,85
2320,260
2320,789
2320,810
2320,881
2320,904
2320,973
2320,1040
2320,1058
2320,1113
2320,1137
2320,1284
2320,1293
2320,1453
2320,1456
2320,1478
2320,1621
2320,2215
2320,2370
2320,2377
2320,2571
2320,2620
2320,2911
2320,3025
2320,3171
2320,3183
2320,3311
2320,3370
2320,3607
2320,3895
2320,3926
2320,3948
2320,4080
2320,4174
2320,4253
2320,4257
2320,4286
2320,4384
2320,4392
2320,4803
2320,4806
2320,4865
2320,4952
2320,5194
2320,5222
2320,5296
2320,5975
2320,6001
2320,6551
2320,6618
2320,6760
2320,6811
2320,6933
2320,6984
2320,7044
2320,7101
2320,7280
2320,7331
2320,7465
2320,7525
2320,7535
2321,7
2321,247
2321,399
2321,441
2321,781
2321,853
2321,890
2321,935
2321,991
2321,1053
2321,1204
2321,1306
2321,1460
2321,1852
2321,2180
2321,2255
2321,2957
2321,3048
2321,3420
2321,3481
2321,3489
2321,3536
2321,3730
2321,3806
2321,3811
2321,3843
2321,4133
2321,4224
2321,4265
2321,4623
2321,4644
2321,5161
2321,5427
2321,5600
2321,5915
2321,5977
2321,5995
2321,6213
2321,6380
2321,6525
2321,6607
2321,6650
2321,6687
2321,6894
2322,579
2322,2239
2322,5545
2323,289
2323,4209
2323,7575
2324,412
2324,442
2324,517
2324,537
2324,541
2324,698
2324,787
2324,806
2324,882
2324,1221
2324,1243
2324,1272
2324,1346
2324,1364
2324,1531
2324,1709
2324,1734
2324,1759
2324,1766
2324,1867
2324,1969
2324,1977
2324,2098
2324,2099
2324,2132
2324,2134
2324,2250
2324,2260
2324,2474
2324,2609
2324,2622
2324,2635
2324,2754
2324,2822
2324,2854
2324,2861
2324,2895
2324,2925
2324,3006
2324,3091
2324,3164
2324,3291
2324,3305
2324,3401
2324,3529
2324,3558
2324,3805
2324,3825
2324,3840
2324,4038
2324,4256
2324,4264
2324,4281
2324,4312
2324,4375
2324,4467
2324,4496
2324,4603
2324,4666
2324,4728
2324,4751
2324,4759
2324,4960
2324,5028
2324,5164
2324,5691
2324,5706
2324,5882
2324,6143
2324,6257
2324,6383
2324,6391
2324,6416
2324,6465
2324,6479
2324,6520
2324,6532
2324,6552
2324,6842
2324,6997
2324,7013
2324,7014
2324,7060
2324,7086
2324,7124
2324,7144
2324,7272
2324,7366
2324,7407
2324,7555
2324,7630
2325,212
2325,382
2325,526
2325,584
2325,655
2325,683
2325,1196
2325,1287
2325,1291
2325,1521
2325,1624
2325,1716
2325,2059
2325,2172
2325,2215
2325,2392
2325,2525
2325,2579
2325,2632
2325,2703
2325,2903
2325,3083
2325,3246
2325,3506
2325,3539
2325,3559
2325,3758
2325,4050
2325,4067
2325,4153
2325,4502
2325,4917
2325,5174
2325,5641
2325,5722
2325,5798
2325,5917
2325,6026
2325,6296
2325,6412
2325,6427
2325,6699
2325,6909
2325,6920
2325,7006
2325,7107
2325,7131
2325,7240
2325,7322
2326,324
2326,453
2326,698
2326,909
2326,1364
2326,1583
2326,1609
2326,2090
2326,2103
2326,2189
2326,2698
2326,3021
2326,3543
2326,3597
2326,3640
2326,3649
2326,3714
2326,3722
2326,4048
2326,4070
2326,4245
2326,4342
2326,4704
2326,4759
2326,4938
2326,4972
2326,5045
2326,5069
2326,5250
2326,5272
2326,5540
2326,5602
2326,5662
2326,5753
2326,5848
2326,5856
2326,6250
2326,6357
2326,6765
2326,6965
2326,7073
2327,442
2327,516
2327,517
2327,541
2327,786
2327,801
2327,928
2327,1016
2327,1434
2327,1504
2327,1751
2327,2019
2327,2281
2327,2357
2327,2387
2327,2389
2327,2643
2327,2925
2327,3090
2327,3272
2327,3291
2327,3392
2327,3401
2327,3840
2327,3874
2327,4034
2327,4236
2327,4281
2327,4619
2327,4666
2327,4704
2327,4741
2327,4751
2327,4758
2327,5529
2327,5692
2327,5706
2327,5978
2327,6383
2327,6391
2327,6520
2327,6666
2327,6913
2327,6997
2327,7060
2327,7124
2327,7241
2327,7255
2327,7272
2327,7366
2327,7470
2327,7566
2327,7630
2328,112
2328,187
2328,256
2328,314
2328,1065
2328,1247
2328,1502
2328,1804
2328,2148
2328,3424
2328,3754
2328,4146
2328,4937
2328,5860
2328,5867
2328,6090
2328,6130
2328,6806
2329,219
2329,745
2329,932
2329,1061
2329,4399
2329,4611
2329,4647
2330,2239
2330,2952
2330,3277
2330,3475
2330,3506
2330,4462
2330,4952
2330,5254
2330,7395
2331,103
2331,762
2331,2995
2331,3698
2331,4952
2331,5404
2331,5707
2331,6039
2331,7599
2332,92
2332,229
2332,305
2332,466
2332,551
2332,881
2332,1064
2332,1133
2332,1184
2332,1453
2332,1679
2332,1707
2332,1831
2332,1896
2332,2198
2332,2239
2332,2375
2332,2751
2332,2839
2332,2911
2332,3022
2332,3359
2332,3698
2332,3895
2332,4080
2332,4097
2332,4223
2332,4384
2332,4422
2332,4490
2332,4724
2332,4733
2332,4952
2332,5132
2332,5222
2332,5397
2332,5420
2332,5614
2332,5650
2332,5772
2332,5926
2332,6001
2332,6411
2332,6451
2332,6660
2332,6733
2332,6737
2332,6740
2332,6828
2332,7196
2332,7320
2332,7330
2332,7468
2333,256
2333,617
2333,656
2333,667
2333,709
2333,884
2333,932
2333,1065
2333,1455
2333,1702
2333,1791
2333,1903
2333,2064
2333,3231
2333,3494
2333,4237
2333,4800
2333,4849
2333,4861
2333,4925
2333,5053
2333,5793
2333,5877
2333,6042
2333,6090
2333,6130
2333,6221
2333,6404
2333,6598
2333,6712
2333,6806
2333,6884
2333,7404
2333,7460
2334,305
2334,552
2334,593
2334,1025
2334,1058
2334,1210
2334,2198
2334,2553
2334,2663
2334,3049
2334,3697
2334,4164
2334,4376
2334,4384
2334,4481
2334,4670
2334,4805
2334,5132
2334,5251
2334,5881
2334,5979
2334,6354
2334,6409
2334,6424
2334,6618
2334,6673
2334,6702
2334,7070
2334,7077
2334,7296
2335,139
2335,175
2335,1280
2335,6807
2336,633
2336,659
2336,774
2336,849
2336,924
2336,1210
2336,1476
2336,1517
2336,1744
2336,1797
2336,1899
2336,2198
2336,2380
2336,2406
2336,2981
2336,3081
2336,3138
2336,3160
2336,3623
2336,3683
2336,3704
2336,3720
2336,3876
2336,4156
2336,4161
2336,4164
2336,4217
2336,4241
2336,4376
2336,4388
2336,5048
2336,5070
2336,5148
2336,5372
2336,5518
2336,5543
2336,5734
2336,5769
2336,5797
2336,5853
2336,5878
2336,5881
2336,5903
2336,5979
2336,6024
2336,6066
2336,6152
2336,6887
2336,6907
2336,6968
2336,7003
2336,7021
2336,7097
2336,7289
2337,10
2337,349
2337,605
2337,1038
2337,1041
2337,1264
2337,1616
2337,1736
2337,1881
2337,1980
2337,2435
2337,2623
2337,2777
2337,3415
2337,3583
2337,3678
2337,3711
2337,3717
2337,3749
2337,3992
2337,4509
2337,4723
2337,4829
2337,4992
2337,5110
2337,5341
2337,5509
2337,5868
2337,5929
2337,5939
2337,6357
2337,6557
2337,6628
2337,6665
2337,7308
2337,7348
2337,7437
2337,7458
2337,7513
2338,148
2338,676
2338,1109
2338,1248
2338,2236
2338,2477
2338,2749
2338,2966
2338,3233
2338,3865
2338,6433
2339,85
2339,91
2339,94
2339,272
2339,552
2339,869
2339,1058
2339,1064
2339,1108
2339,1370
2339,1415
2339,1453
2339,1472
2339,1624
2339,1842
2339,1927
2339,1928
2339,2021
2339,2120
2339,2163
2339,2198
2339,2229
2339,2239
2339,2290
2339,2370
2339,2377
2339,2434
2339,2587
2339,2770
2339,2881
2339,2958
2339,3050
2339,3178
2339,3183
2339,3206
2339,3225
2339,3311
2339,3370
2339,3377
2339,3538
2339,3608
2339,3692
2339,3758
2339,3895
2339,3948
2339,4080
2339,4164
2339,4177
2339,4376
2339,4384
2339,4553
2339,4595
2339,4608
2339,4785
2339,4919
2339,5058
2339,5132
2339,5259
2339,5296
2339,5344
2339,5350
2339,5404
2339,5559
2339,5593
2339,5623
2339,5641
2339,5661
2339,5816
2339,5844
2339,5858
2339,5881
2339,5926
2339,5952
2339,5975
2339,5976
2339,6540
2339,6551
2339,6618
2339,6740
2339,6811
2339,7147
2339,7252
2339,7519
2339,7572
2340,69
2340,89
2340,260
2340,369
2340,431
2340,593
2340,1058
2340,1513
2340,1561
2340,1663
2340,1684
2340,1744
2340,1805
2340,1875
2340,1899
2340,1959
2340,1993
2340,2198
2340,2239
2340,2313
2340,2370
2340,3051
2340,3235
2340,3363
2340,3377
2340,3547
2340,3693
2340,4074
2340,4376
2340,4538
2340,4578
2340,4641
2340,4658
2340,4805
2340,4806
2340,4870
2340,4954
2340,5132
2340,5139
2340,5404
2340,5415
2340,5707
2340,5756
2340,5799
2340,5979
2340,5982
2340,6024
2340,6414
2340,6551
2340,6597
2340,6673
2340,6702
2340,6707
2340,6887
2340,7003
2340,7097
2340,7215
2340,7231
2340,7353
2340,7607
2341,965
2341,999
2341,2284
2341,3236
2341,3924
2341,5380
2341,5876
2341,6006
2341,6653
2342,258
2342,518
2342,1561
2342,2239
2342,2287
2342,2952
2342,3152
2342,4033
2342,4746
2342,5056
2342,5199
2342,5309
2342,6406
2342,6807
2343,581
2343,932
2343,1326
2343,1367
2343,2130
2343,2528
2343,2638
2343,3431
2343,3850
2343,4197
2343,4237
2343,4399
2343,4974
2343,5883
2343,5927
2343,6138
2343,7388
2344,195
2344,472
2344,716
2344,1534
2344,1710
2344,2293
2344,2353
2344,2535
2344,3244
2344,3651
2344,3680
2344,4810
2344,4906
2344,5185
2344,5454
2344,6270
2344,6340
2344,6735
2344,7176
2344,7190
2345,835
2345,1514
2345,1645
2345,1915
2345,2066
2345,2239
2345,2317
2345,2559
2345,3103
2345,3249
2345,3331
2345,3433
2345,3578
2345,4116
2345,4376
2345,4693
2345,4805
2345,5544
2345,7467
2346,305
2346,456
2346,2198
2346,2306
2346,2801
2346,3224
2346,3698
2346,5001
2346,5032
2346,5614
2346,6105
2346,6282
2346,7196
2347,45
2347,362
2347,384
2347,665
2347,1319
2347,1385
2347,1480
2347,1629
2347,1812
2347,1951
2347,2473
2347,2762
2347,2840
2347,3046
2347,3219
2347,3222
2347,3642
2347,3675
2347,3972
2347,4656
2347,4926
2347,5596
2347,5617
2347,5624
2347,5812
2347,5894
2347,6084
2347,6147
2347,6316
2347,6509
2347,6698
2347,6757
2347,7030
2347,7031
2347,7606
2348,1444
2348,2142
2348,2239
2348,3277
2348,3532
2348,3698
2348,4384
2348,4697
2348,4952
2348,6297
2348,6437
2348,6664
2348,7330
2348,7395
2349,911
2349,1549
2349,1615
2349,1733
2349,1926
2349,1978
2349,2368
2349,2525
2349,2847
2349,3232
2349,3822
2349,4358
2349,5363
2349,5373
2349,5813
2349,6131
2349,6547
2349,6872
2349,7054
2350,2168
2350,2182
2350,3601
2350,4208
2350,4896
2350,4950
2350,4980
2350,5934
2350,6423
2350,6550
2350,6718
2351,368
2351,451
2351,1387
2351,1398
2351,1765
2351,1968
2351,1971
2351,1986
2351,2459
2351,2501
2351,2578
2351,2580
2351,2699
2351,3200
2351,3390
2351,3519
2351,3535
2351,3639
2351,3694
2351,3790
2351,3863
2351,4134
2351,4364
2351,4597
2351,4929
2351,4955
2351,5021
2351,5073
2351,5956
2351,6529
2351,6697
2351,6781
2351,6862
2351,6863
2351,6883
2351,6934
2351,6977
2351,7199
2351,7358
2351,7567
2352,481
2352,561
2352,855
2352,1622
2352,3904
2352,4244
2352,4663
2352,6106
2352,6488
2352,6924
2352,7383
2353,716
2353,1009
2353,1710
2353,2165
2353,2344
2353,2385
2353,2606
2353,3095
2353,3244
2353,4906
2353,5331
2353,6084
2353,6316
2353,6926
2353,7482
2354,495
2354,766
2354,990
2354,2172
2354,2258
2354,2368
2354,2563
2354,3492
2354,3578
2354,3695
2354,3887
2354,4109
2354,4227
2354,4450
2354,4863
2354,4902
2354,5505
2354,5589
2354,5761
2354,5941
2354,6098
2354,6280
2354,6309
2354,6437
2354,7125
2354,7467
2354,7603
2355,430
2355,864
2355,1001
2355,1188
2355,1388
2355,2155
2355,2223
2355,2570
2355,2834
2355,2879
2355,3595
2355,3855
2355,4094
2355,4532
2355,5168
2355,5771
2355,5912
2355,6058
2355,6386
2355,6724
2355,7084
2355,7624
2356,308
2356,501
2356,835
2356,1418
2356,1514
2356,1673
2356,1915
2356,2026
2356,2066
2356,2143
2356,2317
2356,3249
2356,3331
2356,3433
2356,3492
2356,4116
2356,5335
2356,5544
2356,6131
2356,6960
2356,7312
2356,7518
2357,136
2357,516
2357,517
2357,541
2357,556
2357,786
2357,972
2357,1221
2357,1504
2357,1759
2357,1766
2357,1863
2357,1864
2357,2037
2357,2260
2357,2281
2357,2327
2357,2557
2357,2609
2357,2635
2357,2643
2357,3167
2357,3528
2357,3575
2357,3820
2357,3840
2357,4034
2357,4281
2357,4300
2357,4619
2357,4666
2357,4758
2357,4819
2357,5306
2357,5451
2357,5529
2357,5692
2357,5978
2357,6104
2357,6679
2357,7060
2357,7075
2357,7255
2358,308
2358,495
2358,766
2358,881
2358,1337
2358,1418
2358,1650
2358,1673
2358,2372
2358,2505
2358,2527
2358,3578
2358,4185
2358,4376
2358,4805
2358,4851
2358,4863
2358,5171
2358,5234
2358,5378
2358,6211
2358,6832
2358,6911
2359,4116
2359,6703
2359,7312
2360,1255
2360,1270
2360,2068
2360,4922
2360,6477
2361,147
2361,481
2361,561
2361,690
2361,746
2361,1223
2361,1292
2361,1646
2361,1683
2361,2489
2361,4244
2361,4663
2361,5974
2361,6311
2361,6488
2361,6625
2361,7383
2361,7598
2362,17
2362,120
2362,423
2362,656
2362,982
2362,1234
2362,1326
2362,1367
2362,1806
2362,1903
2362,1909
2362,2638
2362,2869
2362,3636
2362,3850
2362,4214
2362,4655
2362,4974
2362,5480
2362,5673
2362,5883
2362,5927
2362,6090
2362,6094
2362,6247
2362,6681
2362,7275
2362,7570
2363,352
2363,584
2363,803
2363,1133
2363,3404
2363,3779
2363,3821
2363,3931
2363,3978
2363,4009
2363,4116
2363,4479
2363,4653
2363,4747
2363,4805
2363,5435
2363,5544
2363,6110
2363,6412
2363,6569
2363,6864
2363,7000
2363,7047
2363,7113
2363,7130
2363,7250
2363,7590
2364,10
2364,335
2364,1785
2364,1900
2364,2667
2364,2899
2364,2953
2364,4105
2364,4403
2364,4905
2364,5110
2364,5117
2364,5619
2364,7411
2364,7458
2364,7506
2365,369
2365,593
2365,1798
2365,1970
2365,2106
2365,3627
2365,5799
2365,6319
2365,6702
2366,54
2366,126
2366,144
2366,230
2366,932
2366,1021
2366,1099
2366,1115
2366,1256
2366,2318
2366,2391
2366,2528
2366,3163
2366,3412
2366,3423
2366,3431
2366,3879
2366,4237
2366,4399
2366,4512
2366,4861
2366,5140
2366,5163
2366,5271
2366,6095
2366,6286
2366,7275
2366,7356
2366,7460
2366,7483
2367,873
2367,2252
2367,2619
2367,3208
2367,5322
2367,5988
2367,6694
2367,7132
2367,7329
2368,432
2368,495
2368,532
2368,766
2368,835
2368,847
2368,1046
2368,1058
2368,1069
2368,1185
2368,1494
2368,1817
2368,1926
2368,1956
2368,1966
2368,2032
2368,2198
2368,2239
2368,2287
2368,2349
2368,2354
2368,3246
2368,3273
2368,3433
2368,3567
2368,3578
2368,3612
2368,3625
2368,3866
2368,4054
2368,4376
2368,4670
2368,4805
2368,5132
2368,5144
2368,5213
2368,5234
2368,5455
2368,5652
2368,5664
2368,6098
2368,6172
2368,6189
2368,6246
2368,6309
2368,6470
2368,6570
2368,6841
2368,7467
2368,7518
2369,78
2369,206
2369,427
2369,1332
2369,1781
2369,2022
2369,2139
2369,2842
2369,3288
2369,3350
2369,3416
2369,4298
2369,4515
2369,4721
2369,4911
2369,4965
2369,4981
2369,5005
2369,5113
2369,5242
2369,5300
2369,5319
2369,5416
2369,5607
2369,5681
2369,5954
2369,6018
2369,6132
2369,6220
2369,6239
2369,6273
2369,6559
2369,6734
2369,6865
2369,6918
2369,7249
2369,7431
2369,7484
2369,7554
2369,7642
2369,7645
2370,3
2370,42
2370,69
2370,76
2370,85
2370,109
2370,192
2370,220
2370,260
2370,304
2370,341
2370,346
2370,415
2370,421
2370,455
2370,475
2370,479
2370,502
2370,527
2370,552
2370,629
2370,677
2370,726
2370,727
2370,731
2370,762
2370,776
2370,795
2370,813
2370,836
2370,841
2370,942
2370,951
2370,973
2370,1058
2370,1067
2370,1102
2370,1113
2370,1152
2370,1170
2370,1178
2370,1210
2370,1211
2370,1249
2370,1254
2370,1266
2370,1268
2370,1330
2370,1333
2370,1357
2370,1370
2370,1414
2370,1415
2370,1430
2370,1453
2370,1485
2370,1495
2370,1575
2370,1621
2370,1634
2370,1697
2370,1723
2370,1747
2370,1840
2370,1854
2370,1860
2370,1862
2370,1880
2370,1915
2370,1918
2370,1959
2370,1965
2370,1996
2370,2021
2370,2033
2370,2039
2370,2106
2370,2115
2370,2120
2370,2129
2370,2170
2370,2172
2370,2198
2370,2229
2370,2239
2370,2290
2370,2320
2370,2339
2370,2340
2370,2377
2370,2406
2370,2441
2370,2471
2370,2479
2370,2487
2370,2537
2370,2573
2370,2587
2370,2600
2370,2617
2370,2736
2370,2770
2370,2772
2370,2801
2370,2808
2370,2881
2370,2888
2370,2911
2370,2961
2370,2981
2370,3049
2370,3050
2370,3074
2370,3172
2370,3177
2370,3178
2370,3206
2370,3225
2370,3226
2370,3234
2370,3279
2370,3298
2370,3311
2370,3334
2370,3347
2370,3362
2370,3370
2370,3384
2370,3459
2370,3469
2370,3476
2370,3502
2370,3538
2370,3616
2370,3659
2370,3693
2370,3748
2370,3756
2370,3758
2370,3861
2370,3948
2370,3958
2370,3970
2370,3996
2370,3999
2370,4080
2370,4086
2370,4090
2370,4091
2370,4095
2370,4096
2370,4147
2370,4155
2370,4164
2370,4177
2370,4184
2370,4188
2370,4228
2370,4233
2370,4253
2370,4286
2370,4303
2370,4313
2370,4326
2370,4355
2370,4376
2370,4384
2370,4466
2370,4525
2370,4535
2370,4553
2370,4556
2370,4570
2370,4595
2370,4608
2370,4616
2370,4680
2370,4768
2370,4785
2370,4805
2370,4806
2370,4827
2370,4830
2370,4865
2370,4983
2370,5058
2370,5070
2370,5091
2370,5108
2370,5132
2370,5194
2370,5212
2370,5222
2370,5251
2370,5258
2370,5259
2370,5278
2370,5286
2370,5296
2370,5344
2370,5350
2370,5398
2370,5404
2370,5459
2370,5463
2370,5468
2370,5490
2370,5507
2370,5531
2370,5559
2370,5593
2370,5612
2370,5641
2370,5649
2370,5667
2370,5704
2370,5714
2370,5730
2370,5732
2370,5740
2370,5756
2370,5808
2370,5816
2370,5840
2370,5859
2370,5865
2370,5881
2370,5888
2370,5926
2370,5937
2370,5952
2370,5961
2370,5975
2370,5976
2370,6039
2370,6047
2370,6140
2370,6208
2370,6242
2370,6284
2370,6303
2370,6313
2370,6354
2370,6400
2370,6537
2370,6540
2370,6553
2370,6707
2370,6723
2370,6760
2370,6811
2370,6848
2370,6933
2370,6952
2370,6961
2370,6968
2370,6984
2370,7003
2370,7046
2370,7071
2370,7091
2370,7101
2370,7147
2370,7159
2370,7166
2370,7174
2370,7197
2370,7219
2370,7252
2370,7277
2370,7320
2370,7340
2370,7369
2370,7448
2370,7468
2370,7481
2370,7487
2370,7520
2370,7535
2370,7572
2370,7582
2370,7597
2370,7599
2370,7612
2370,7628
2371,551
2371,1070
2371,1076
2371,1287
2371,2993
2371,3199
2371,3506
2371,3559
2371,3959
2371,4427
2371,4490
2371,5000
2371,5665
2371,5842
2371,6624
2371,6920
2371,7175
2371,7345
2372,91
2372,194
2372,304
2372,461
2372,495
2372,501
2372,766
2372,835
2372,847
2372,1130
2372,1339
2372,1407
2372,1418
2372,1426
2372,1494
2372,1673
2372,1817
2372,1875
2372,1962
2372,1966
2372,1979
2372,2055
2372,2233
2372,2258
2372,2358
2372,2427
2372,3203
2372,3218
2372,3295
2372,3381
2372,3578
2372,3701
2372,3887
2372,3890
2372,3922
2372,4042
2372,4073
2372,4692
2372,4722
2372,4851
2372,4863
2372,5080
2372,5098
2372,5150
2372,5189
2372,5378
2372,5388
2372,5505
2372,5676
2372,5948
2372,5949
2372,5981
2372,6098
2372,6211
2372,6308
2372,6880
2372,7022
2372,7054
2372,7226
2372,7467
2373,53
2373,197
2373,199
2373,384
2373,454
2373,560
2373,891
2373,1386
2373,1441
2373,1515
2373,3219
2373,3894
2373,3979
2373,5210
2373,5605
2373,5677
2373,5894
2373,7435
2374,100
2374,146
2374,395
2374,648
2374,752
2374,761
2374,1143
2374,1322
2374,1618
2374,1987
2374,2131
2374,2265
2374,2430
2374,2897
2374,2910
2374,3005
2374,3202
2374,3554
2374,3778
2374,3783
2374,4084
2374,4378
2374,4454
2374,4551
2374,4577
2374,4687
2374,4817
2374,5226
2374,5379
2374,6045
2374,6048
2374,6114
2374,6126
2374,6258
2374,6592
2374,6651
2374,6729
2374,6748
2374,6766
2374,7304
2375,73
2375,304
2375,502
2375,551
2375,760
2375,766
2375,777
2375,1418
2375,1431
2375,1518
2375,1572
2375,1650
2375,1673
2375,1682
2375,2143
2375,2198
2375,2205
2375,2332
2375,2425
2375,2490
2375,2664
2375,2677
2375,2793
2375,3469
2375,3503
2375,3548
2375,3748
2375,3866
2375,3890
2375,4198
2375,4376
2375,4384
2375,4386
2375,4696
2375,4791
2375,4889
2375,4894
2375,5080
2375,5091
2375,5132
2375,5171
2375,5378
2375,5993
2375,6064
2375,6171
2375,6219
2375,6243
2375,6448
2375,6466
2375,7365
2375,7415
2375,7623
2376,352
2376,360
2376,526
2376,632
2376,669
2376,808
2376,809
2376,1291
2376,2059
2376,2093
2376,2198
2376,2205
2376,2558
2376,2581
2376,2798
2376,2904
2376,3049
2376,3270
2376,3353
2376,3510
2376,3559
2376,3725
2376,3784
2376,4067
2376,4116
2376,4198
2376,4376
2376,4754
2376,4805
2376,4989
2376,5037
2376,5064
2376,5132
2376,5264
2376,5335
2376,5384
2376,5556
2376,6038
2376,6064
2376,6388
2376,6668
2376,7021
2376,7130
2376,7250
2376,7312
2377,69
2377,85
2377,103
2377,192
2377,201
2377,260
2377,320
2377,369
2377,421
2377,431
2377,446
2377,527
2377,538
2377,593
2377,789
2377,795
2377,810
2377,813
2377,841
2377,904
2377,939
2377,942
2377,973
2377,1011
2377,1058
2377,1268
2377,1293
2377,1368
2377,1378
2377,1417
2377,1453
2377,1456
2377,1478
2377,1524
2377,1549
2377,1621
2377,1624
2377,1705
2377,1775
2377,1860
2377,1907
2377,1996
2377,2021
2377,2033
2377,2039
2377,2194
2377,2198
2377,2215
2377,2229
2377,2320
2377,2339
2377,2370
2377,2441
2377,2479
2377,2537
2377,2600
2377,2617
2377,2657
2377,2736
2377,2765
2377,2770
2377,2852
2377,2881
2377,2911
2377,2921
2377,2956
2377,2974
2377,3025
2377,3177
2377,3183
2377,3185
2377,3190
2377,3196
2377,3225
2377,3264
2377,3311
2377,3312
2377,3362
2377,3370
2377,3476
2377,3493
2377,3692
2377,3693
2377,3867
2377,3895
2377,3898
2377,3926
2377,3948
2377,3950
2377,3996
2377,4029
2377,4080
2377,4090
2377,4164
2377,4177
2377,4228
2377,4233
2377,4253
2377,4286
2377,4290
2377,4303
2377,4313
2377,4376
2377,4384
2377,4466
2377,4556
2377,4642
2377,4680
2377,4785
2377,4865
2377,4919
2377,4952
2377,5222
2377,5258
2377,5259
2377,5278
2377,5296
2377,5350
2377,5404
2377,5463
2377,5490
2377,5513
2377,5557
2377,5593
2377,5612
2377,5623
2377,5707
2377,5730
2377,5740
2377,5816
2377,5859
2377,5952
2377,5961
2377,5975
2377,6021
2377,6075
2377,6202
2377,6208
2377,6242
2377,6284
2377,6303
2377,6400
2377,6409
2377,6507
2377,6540
2377,6551
2377,6562
2377,6618
2377,6640
2377,6760
2377,6811
2377,6848
2377,6933
2377,6961
2377,6981
2377,6984
2377,7101
2377,7147
2377,7197
2377,7252
2377,7280
2377,7385
2377,7448
2377,7465
2377,7525
2377,7535
2377,7612
2378,9
2378,128
2378,252
2378,564
2378,796
2378,908
2378,1358
2378,1435
2378,1550
2378,2027
2378,2044
2378,2094
2378,2096
2378,2263
2378,2707
2378,2944
2378,3365
2378,3478
2378,3706
2378,4277
2378,4430
2378,4769
2378,4882
2378,5118
2378,5192
2378,5486
2378,5636
2378,5933
2378,6555
2378,6955
2378,7094
2378,7235
2379,242
2379,302
2379,465
2379,668
2379,765
2379,791
2379,820
2379,1035
2379,1190
2379,1248
2379,1535
2379,1629
2379,1816
2379,1869
2379,2702
2379,2748
2379,2749
2379,2840
2379,2963
2379,3107
2379,3571
2379,3586
2379,3676
2379,3975
2379,4020
2379,4150
2379,4361
2379,4449
2379,4582
2379,4963
2379,5298
2379,5377
2379,5391
2379,5400
2379,5414
2379,5560
2379,5563
2379,5580
2379,5617
2379,5624
2379,5812
2379,6089
2379,6109
2379,6316
2379,6418
2379,6583
2379,7145
2379,7292
2379,7485
2379,7622
2380,89
2380,258
2380,309
2380,319
2380,366
2380,377
2380,484
2380,522
2380,593
2380,632
2380,633
2380,766
2380,811
2380,814
2380,868
2380,924
2380,1102
2380,1165
2380,1206
2380,1513
2380,1663
2380,1744
2380,1746
2380,1763
2380,1796
2380,1798
2380,1838
2380,1993
2380,2060
2380,2102
2380,2198
2380,2239
2380,2307
2380,2336
2380,2432
2380,2502
2380,2541
2380,2553
2380,2614
2380,2637
2380,2689
2380,2832
2380,2848
2380,2868
2380,2906
2380,3008
2380,3051
2380,3063
2380,3105
2380,3138
2380,3152
2380,3185
2380,3277
2380,3359
2380,3363
2380,3364
2380,3380
2380,3578
2380,3856
2380,3946
2380,3987
2380,4024
2380,4074
2380,4102
2380,4156
2380,4230
2380,4243
2380,4347
2380,4352
2380,4376
2380,4380
2380,4388
2380,4522
2380,4531
2380,4578
2380,4630
2380,4641
2380,4669
2380,4682
2380,4895
2380,5006
2380,5013
2380,5042
2380,5199
2380,5234
2380,5255
2380,5273
2380,5311
2380,5324
2380,5359
2380,5365
2380,5372
2380,5584
2380,5679
2380,5734
2380,5756
2380,5799
2380,5853
2380,5903
2380,5979
2380,6100
2380,6131
2380,6315
2380,6361
2380,6414
2380,6484
2380,6551
2380,6597
2380,6669
2380,6673
2380,6692
2380,6702
2380,6707
2380,6830
2380,7003
2380,7097
2380,7139
2380,7150
2380,7204
2380,7215
2380,7247
2380,7280
2380,7311
2380,7353
2380,7364
2380,7395
2380,7440
2380,7477
2380,7577
2380,7607
2380,7610
2380,7619
2381,593
2381,1206
2381,1663
2381,1671
2381,1796
2381,1798
2381,2198
2381,2615
2381,2782
2381,3152
2381,3578
2381,4156
2381,4347
2381,4870
2381,5042
2381,5562
2381,6077
2381,6702
2381,7204
2381,7568
2382,273
2382,554
2382,557
2382,763
2382,995
2382,1079
2382,1587
2382,1656
2382,3376
2382,3741
2382,3892
2382,3924
2382,3997
2382,4008
2382,4143
2382,4280
2382,4567
2382,4673
2382,5686
2382,5754
2382,6125
2382,6623
2382,6653
2382,6657
2382,6874
2382,7236
2382,7504
2382,7565
2383,481
2383,561
2383,1223
2383,1646
2383,2843
2383,2853
2383,4252
2383,5230
2383,6222
2383,6488
2383,6609
2383,6924
2383,7383
2384,73
2384,213
2384,229
2384,269
2384,1689
2384,1700
2384,1707
2384,1782
2384,1896
2384,2106
2384,2198
2384,2239
2384,3072
2384,3359
2384,3578
2384,3664
2384,3710
2384,4037
2384,4376
2384,4422
2384,4433
2384,4522
2384,5412
2384,5561
2384,5707
2384,5839
2384,6105
2384,6411
2384,6437
2384,6485
2384,6828
2384,6878
2384,7344
2384,7357
2384,7395
2384,7441
2385,413
2385,472
2385,558
2385,684
2385,764
2385,954
2385,1595
2385,1829
2385,2353
2385,2686
2385,2928
2385,3342
2385,4344
2385,4489
2385,4501
2385,4685
2385,4842
2385,5158
2385,5265
2385,5484
2385,5682
2385,6305
2385,6438
2385,6839
2386,2978
2386,3141
2386,5680
2386,6516
2387,316
2387,463
2387,516
2387,661
2387,1038
2387,1391
2387,1504
2387,1630
2387,1732
2387,1759
2387,1766
2387,1849
2387,1969
2387,2260
2387,2281
2387,2327
2387,2622
2387,2768
2387,3090
2387,3528
2387,3553
2387,4034
2387,4281
2387,4300
2387,4566
2387,4583
2387,4614
2387,4666
2387,4739
2387,6046
2387,6519
2387,6534
2387,6679
2387,7118
2387,7255
2388,824
2388,932
2388,1115
2388,1237
2388,1262
2388,1303
2388,1772
2388,1841
2388,1868
2388,2318
2388,2399
2388,2528
2388,2605
2388,2949
2388,3361
2388,3412
2388,3879
2388,4237
2388,4399
2388,5163
2388,5279
2388,5439
2388,5611
2388,6113
2388,6138
2388,6199
2388,6233
2388,6347
2388,6530
2388,6550
2388,7108
2388,7141
2388,7264
2388,7460
2388,7491
2389,649
2389,1630
2389,1751
2389,2019
2389,2037
2389,2281
2389,2327
2389,2557
2389,2806
2389,3090
2389,3217
2389,3392
2389,3575
2389,3815
2389,4300
2389,4539
2389,4666
2389,4728
2389,5588
2389,6104
2389,6465
2389,6603
2389,6648
2389,6679
2389,6913
2389,7043
2389,7075
2389,7255
2389,7566
2389,7630
2389,7648
2390,160
2390,402
2390,621
2390,1217
2390,1359
2390,1441
2390,1870
2390,2121
2390,2254
2390,2613
2390,2741
2390,3265
2390,3645
2390,3705
2390,3842
2390,3847
2390,4136
2390,4482
2390,4507
2390,4555
2390,4725
2390,5014
2390,5172
2390,5284
2390,5374
2390,5604
2390,6274
2390,6836
2390,6946
2390,7579
2390,7591
2391,144
2391,932
2391,1115
2391,1124
2391,1449
2391,1724
2391,1841
2391,2318
2391,2366
2391,2439
2391,2528
2391,3231
2391,3879
2391,4237
2391,4861
2391,5140
2391,5163
2391,5429
2391,5439
2391,5815
2391,6113
2391,6138
2391,6199
2391,6347
2391,6480
2391,7264
2391,7317
2391,7347
2391,7460
2392,223
2392,326
2392,417
2392,1026
2392,1030
2392,1252
2392,1275
2392,1335
2392,1596
2392,1669
2392,1729
2392,1862
2392,1904
2392,1906
2392,1984
2392,2213
2392,2214
2392,2218
2392,2277
2392,2325
2392,2450
2392,2546
2392,2579
2392,2696
2392,2763
2392,3286
2392,3351
2392,3781
2392,3948
2392,4096
2392,4233
2392,4234
2392,4282
2392,4893
2392,4983
2392,5101
2392,5177
2392,5571
2392,5576
2392,5630
2392,5947
2392,6061
2392,6123
2392,6178
2392,6266
2392,6308
2392,6558
2392,6647
2392,6659
2392,6848
2392,6966
2392,6981
2392,7066
2392,7107
2392,7109
2392,7175
2392,7195
2392,7360
2392,7371
2392,7389
2392,7401
2392,7455
2393,593
2393,1058
2393,1152
2393,1284
2393,1415
2393,2938
2393,3051
2393,4376
2393,4806
2393,5404
2393,5415
2393,5881
2393,6702
2393,6707
2393,7464
2393,7572
2394,815
2394,2399
2394,4237
2394,6286
2394,6550
2395,147
2395,425
2395,481
2395,561
2395,578
2395,685
2395,688
2395,690
2395,746
2395,782
2395,943
2395,1223
2395,1509
2395,1562
2395,1646
2395,2012
2395,2073
2395,2398
2395,2444
2395,2499
2395,2843
2395,2983
2395,3399
2395,3452
2395,3479
2395,3504
2395,4151
2395,4191
2395,4244
2395,4353
2395,4423
2395,4478
2395,4491
2395,4564
2395,4663
2395,4703
2395,4708
2395,4711
2395,4884
2395,4921
2395,5072
2395,5230
2395,5357
2395,5489
2395,5718
2395,5896
2395,5928
2395,5972
2395,5974
2395,6106
2395,6168
2395,6222
2395,6227
2395,6311
2395,6488
2395,6609
2395,6625
2395,6924
2395,7015
2395,7218
2395,7324
2395,7383
2395,7598
2396,169
2396,260
2396,267
2396,294
2396,369
2396,431
2396,482
2396,593
2396,1350
2396,1513
2396,1545
2396,1628
2396,1798
2396,1907
2396,2432
2396,2540
2396,2812
2396,3051
2396,3138
2396,3185
2396,3188
2396,3377
2396,3582
2396,3897
2396,4023
2396,4074
2396,4157
2396,4350
2396,4669
2396,4782
2396,5103
2396,5139
2396,5160
2396,5399
2396,5404
2396,5707
2396,5734
2396,5740
2396,5816
2396,5979
2396,6082
2396,6135
2396,6335
2396,6414
2396,6669
2396,6702
2396,6706
2396,6787
2396,7170
2396,7280
2396,7353
2397,163
2397,289
2397,1181
2397,1541
2397,2293
2397,2990
2397,4215
2397,4906
2397,5548
2397,5922
2398,147
2398,425
2398,561
2398,746
2398,943
2398,1223
2398,2395
2398,3504
2398,4252
2398,4491
2398,4564
2398,4663
2398,4703
2398,4711
2398,4884
2398,5230
2398,5896
2398,5928
2398,6222
2398,6311
2398,6609
2398,6625
2398,6924
2398,7324
2398,7383
2398,7598
2399,204
2399,932
2399,1003
2399,1021
2399,1237
2399,1303
2399,1326
2399,1422
2399,1449
2399,1737
2399,2318
2399,2388
2399,2394
2399,2439
2399,2528
2399,2538
2399,2943
2399,2949
2399,3087
2399,3201
2399,3361
2399,3412
2399,3736
2399,3879
2399,3939
2399,4237
2399,4399
2399,4497
2399,4647
2399,4861
2399,4924
2399,5124
2399,5163
2399,5279
2399,5480
2399,6113
2399,6374
2399,6899
2399,6935
2399,7264
2399,7275
2399,7285
2399,7405
2399,7460
2399,7483
2399,7491
2399,7500
2400,28
2400,456
2400,764
2400,766
2400,847
2400,1280
2400,1407
2400,1429
2400,1966
2400,2239
2400,2588
2400,2857
2400,3295
2400,3578
2400,4693
2400,4835
2400,4863
2400,5664
2400,7467
2401,2239
2401,3152
2401,5404
2402,5
2402,212
2402,225
2402,283
2402,352
2402,526
2402,584
2402,986
2402,1196
2402,1733
2402,1810
2402,2026
2402,2059
2402,2215
2402,2536
2402,2703
2402,3250
2402,3457
2402,3503
2402,3506
2402,3510
2402,3539
2402,3748
2402,4067
2402,4115
2402,4376
2402,5115
2402,6067
2402,6296
2402,6412
2402,6512
2402,6569
2402,6909
2402,7077
2402,7130
2402,7322
2402,7512
2402,7608
2403,348
2403,354
2403,416
2403,451
2403,452
2403,547
2403,594
2403,624
2403,635
2403,792
2403,799
2403,823
2403,929
2403,1114
2403,1147
2403,1154
2403,1201
2403,1203
2403,1208
2403,1231
2403,1265
2403,1307
2403,1366
2403,1462
2403,1542
2403,1557
2403,1571
2403,1576
2403,1715
2403,1837
2403,1968
2403,1971
2403,2002
2403,2203
2403,2276
2403,2278
2403,2578
2403,2580
2403,2642
2403,2696
2403,2716
2403,2841
2403,2846
2403,2858
2403,3254
2403,3286
2403,3338
2403,3402
2403,3505
2403,3522
2403,3769
2403,3943
2403,4011
2403,4036
2403,4119
2403,4132
2403,4139
2403,4166
2403,4481
2403,4547
2403,4844
2403,4977
2403,4998
2403,5021
2403,5055
2403,5073
2403,5096
2403,5149
2403,5196
2403,5233
2403,5246
2403,5353
2403,5590
2403,5712
2403,5766
2403,5956
2403,6011
2403,6158
2403,6292
2403,6375
2403,6498
2403,6659
2403,6697
2403,6833
2403,6863
2403,6883
2403,6938
2403,6943
2403,7028
2403,7152
2403,7301
2403,7533
2403,7567
2403,7625
2404,5
2404,499
2404,526
2404,587
2404,728
2404,936
2404,956
2404,975
2404,1196
2404,1291
2404,1493
2404,1739
2404,2215
2404,2567
2404,2655
2404,3134
2404,3296
2404,3510
2404,3518
2404,3665
2404,3748
2404,4067
2404,4707
2404,4990
2404,5170
2404,5175
2404,5248
2404,5739
2404,5775
2404,5778
2404,5943
2404,6029
2404,6408
2404,6547
2404,6569
2404,6856
2404,6909
2404,7077
2405,2544
2405,3607
2405,4674
2405,5000
2405,7067
2405,7556
2406,23
2406,61
2406,77
2406,85
2406,152
2406,192
2406,254
2406,260
2406,304
2406,320
2406,358
2406,369
2406,431
2406,446
2406,593
2406,629
2406,657
2406,770
2406,803
2406,810
2406,811
2406,814
2406,836
2406,951
2406,958
2406,1058
2406,1169
2406,1226
2406,1399
2406,1414
2406,1453
2406,1467
2406,1469
2406,1517
2406,1582
2406,1634
2406,1665
2406,1712
2406,1744
2406,1746
2406,1747
2406,1753
2406,1798
2406,1838
2406,1862
2406,1899
2406,1959
2406,1978
2406,1993
2406,1999
2406,2106
2406,2115
2406,2172
2406,2198
2406,2239
2406,2313
2406,2336
2406,2370
2406,2571
2406,2617
2406,2782
2406,2882
2406,2913
2406,2938
2406,3008
2406,3049
2406,3051
2406,3079
2406,3160
2406,3172
2406,3185
2406,3234
2406,3363
2406,3384
2406,3403
2406,3538
2406,3692
2406,3710
2406,3713
2406,3715
2406,3721
2406,3748
2406,4164
2406,4210
2406,4243
2406,4253
2406,4337
2406,4376
2406,4392
2406,4402
2406,4422
2406,4453
2406,4483
2406,4578
2406,4594
2406,4680
2406,4688
2406,4805
2406,4806
2406,4934
2406,5037
2406,5070
2406,5082
2406,5132
2406,5194
2406,5404
2406,5531
2406,5543
2406,5556
2406,5612
2406,5640
2406,5649
2406,5707
2406,5734
2406,5797
2406,5833
2406,5878
2406,5881
2406,6208
2406,6284
2406,6335
2406,6409
2406,6414
2406,6449
2406,6475
2406,6551
2406,6578
2406,6669
2406,6702
2406,6704
2406,6707
2406,6774
2406,6847
2406,6887
2406,7003
2406,7010
2406,7071
2406,7079
2406,7266
2406,7353
2406,7464
2406,7539
2406,7573
2406,7582
2407,258
2407,593
2407,1899
2407,2198
2407,2239
2407,3185
2407,3277
2407,4216
2407,5006
2407,6702
2408,24
2408,261
2408,593
2408,1100
2408,1194
2408,2198
2408,3684
2408,3704
2408,5013
2408,6702
2409,409
2409,550
2409,1055
2409,1354
2409,1537
2409,1823
2409,2109
2409,2788
2409,3231
2409,3601
2409,3788
2409,3885
2409,4144
2409,4896
2409,4923
2409,4950
2409,6401
2409,6428
2409,6718
2409,7011
2409,7230
2410,69
2410,85
2410,138
2410,240
2410,260
2410,346
2410,593
2410,629
2410,1058
2410,1113
2410,1210
2410,1254
2410,1357
2410,1414
2410,1415
2410,1430
2410,1453
2410,1485
2410,1575
2410,1668
2410,1908
2410,1959
2410,1997
2410,2060
2410,2129
2410,2198
2410,2239
2410,2738
2410,2782
2410,2848
2410,3172
2410,3234
2410,3456
2410,3493
2410,3538
2410,3659
2410,3713
2410,3748
2410,3804
2410,3895
2410,3996
2410,4071
2410,4156
2410,4162
2410,4164
2410,4184
2410,4248
2410,4313
2410,4376
2410,4384
2410,4392
2410,4466
2410,4805
2410,4806
2410,5048
2410,5058
2410,5070
2410,5108
2410,5194
2410,5201
2410,5251
2410,5258
2410,5286
2410,5296
2410,5404
2410,5415
2410,5556
2410,5641
2410,5649
2410,5669
2410,5707
2410,5740
2410,5840
2410,5881
2410,5961
2410,5976
2410,6183
2410,6242
2410,6354
2410,6400
2410,6701
2410,6723
2410,6877
2410,6961
2410,7003
2410,7046
2410,7116
2410,7150
2410,7296
2410,7320
2410,7352
2410,7369
2410,7464
2410,7481
2410,7525
2410,7553
2410,7568
2410,7572
2410,7582
2411,2872
2411,3524
2411,3705
2411,4518
2411,5057
2411,6656
2411,7078
2412,66
2412,108
2412,244
2412,394
2412,1248
2412,1403
2412,1952
2412,2014
2412,2078
2412,2428
2412,2512
2412,2608
2412,3159
2412,3168
2412,3222
2412,3227
2412,3303
2412,3425
2412,3647
2412,3729
2412,3819
2412,3823
2412,3869
2412,3949
2412,4424
2412,4705
2412,4738
2412,4867
2412,4961
2412,5074
2412,5221
2412,5260
2412,5578
2412,5656
2412,5817
2412,6044
2412,6813
2412,7260
2412,7334
2412,7538
2412,7594
2412,7621
2413,64
2413,145
2413,249
2413,297
2413,307
2413,355
2413,603
2413,932
2413,996
2413,1149
2413,1151
2413,1304
2413,1445
2413,1692
2413,1740
2413,1807
2413,1808
2413,2168
2413,2217
2413,2534
2413,2874
2413,2947
2413,3135
2413,3147
2413,3214
2413,3231
2413,3266
2413,3477
2413,3486
2413,3494
2413,3511
2413,3614
2413,4005
2413,4093
2413,4202
2413,4288
2413,4322
2413,4744
2413,4796
2413,4925
2413,4980
2413,5046
2413,5104
2413,5128
2413,5803
2413,5877
2413,5951
2413,6144
2413,6524
2413,6988
2413,7108
2413,7220
2413,7273
2413,7408
2413,7449
2413,7460
2413,7472
2413,7509
2414,329
2414,593
2414,1058
2414,1261
2414,1472
2414,1650
2414,2213
2414,2574
2414,2631
2414,3351
2414,4384
2414,4462
2414,5550
2414,5571
2414,6721
2414,7087
2414,7134
2415,40
2415,106
2415,107
2415,211
2415,248
2415,262
2415,456
2415,471
2415,474
2415,483
2415,526
2415,680
2415,756
2415,834
2415,1245
2415,1347
2415,1603
2415,1627
2415,1725
2415,2024
2415,2062
2415,2070
2415,2084
2415,2198
2415,2211
2415,2438
2415,2586
2415,3013
2415,3194
2415,3224
2415,3515
2415,3585
2415,4031
2415,4098
2415,4373
2415,4569
2415,4731
2415,4991
2415,5001
2415,5188
2415,5364
2415,5433
2415,5474
2415,5997
2415,6079
2415,6119
2415,6159
2415,6210
2415,6338
2415,6417
2415,6547
2415,6761
2415,7032
2415,7035
2415,7072
2415,7293
2415,7298
2415,7420
2416,139
2416,195
2416,223
2416,381
2416,941
2416,1181
2416,1252
2416,1359
2416,1534
2416,1625
2416,2077
2416,2316
2416,2481
2416,2524
2416,2986
2416,3145
2416,3239
2416,3267
2416,3495
2416,3525
2416,3578
2416,3630
2416,3676
2416,4633
2416,4804
2416,4906
2416,4922
2416,4994
2416,5009
2416,5440
2416,5456
2416,5506
2416,6329
2416,6433
2416,6504
2416,6647
2416,6813
2416,7281
2416,7412
2417,6433
2417,6656
2418,91
2418,766
2418,975
2418,1058
2418,1739
2418,1831
2418,2198
2418,2239
2418,2258
2418,2427
2418,2543
2418,2743
2418,2977
2418,3223
2418,3246
2418,3277
2418,3359
2418,3578
2418,3625
2418,3866
2418,3887
2418,4042
2418,4154
2418,4185
2418,4230
2418,4406
2418,4422
2418,4672
2418,4707
2418,4805
2418,5144
2418,5179
2418,5505
2418,5676
2418,5749
2418,6029
2418,6118
2418,6128
2418,6437
2418,6522
2418,6547
2418,6565
2418,6759
2418,6841
2418,7029
2418,7054
2418,7240
2418,7467
2419,591
2419,850
2419,879
2419,888
2419,972
2419,1280
2419,1434
2419,1648
2419,1736
2419,1759
2419,1767
2419,1863
2419,1969
2419,2037
2419,2250
2419,2728
2419,2975
2419,3036
2419,3874
2419,4099
2419,4666
2419,4667
2419,4723
2419,4758
2419,4956
2419,4960
2419,5028
2419,5154
2419,5509
2419,5668
2419,5849
2419,5906
2419,6010
2419,6164
2419,6357
2419,6502
2419,6552
2419,6852
2419,7238
2419,7284
2419,7305
2419,7566
2420,797
2420,3238
2420,3526
2420,3771
2421,1006
2422,195
2422,200
2422,373
2422,549
2422,988
2422,993
2422,1338
2422,1416
2422,1556
2422,1625
2422,2014
2422,2052
2422,2121
2422,2136
2422,2315
2422,2505
2422,2646
2422,2662
2422,2803
2422,2833
2422,3086
2422,3145
2422,3244
2422,3327
2422,3467
2422,3630
2422,3729
2422,3869
2422,4232
2422,4239
2422,4405
2422,4410
2422,4501
2422,4665
2422,4867
2422,4906
2422,5185
2422,5338
2422,5440
2422,5454
2422,5644
2422,5671
2422,6245
2422,6436
2422,6473
2422,6493
2422,6501
2422,6504
2422,6606
2422,6621
2422,6817
2422,6910
2422,7019
2422,7427
2422,7442
2423,526
2423,1291
2423,1521
2423,1780
2423,1899
2423,2198
2423,2529
2423,2536
2423,2945
2423,2965
2423,3506
2423,3786
2423,3985
2423,4067
2423,4206
2423,4384
2423,5132
2423,6408
2423,6702
2423,6909
2423,7322
2423,7336
2424,82
2424,840
2424,2467
2424,2582
2424,3308
2424,3413
2424,3432
2424,3752
2424,4678
2424,4860
2424,6013
2424,6056
2424,6238
2424,6254
2424,6478
2424,6541
2424,6708
2425,62
2425,461
2425,495
2425,501
2425,766
2425,804
2425,1120
2425,1339
2425,1418
2425,1426
2425,1494
2425,1572
2425,1619
2425,1673
2425,1817
2425,1966
2425,1979
2425,2055
2425,2143
2425,2202
2425,2375
2425,3578
2425,3654
2425,3701
2425,3739
2425,3922
2425,3925
2425,4120
2425,4185
2425,4324
2425,4338
2425,4358
2425,4851
2425,5080
2425,5150
2425,5378
2425,5505
2425,5758
2425,5948
2425,5949
2425,6005
2425,6017
2425,6098
2425,6211
2425,6235
2425,6308
2425,6536
2425,6770
2425,6976
2425,7022
2425,7226
2425,7456
2425,7467
2425,7480
2426,871
2426,3236
2426,3997
2426,4181
2426,4280
2426,5380
2426,5444
2426,6623
2426,6653
2426,7271
2427,91
2427,304
2427,308
2427,432
2427,587
2427,593
2427,728
2427,766
2427,956
2427,975
2427,1058
2427,1337
2427,1414
2427,1453
2427,1798
2427,2089
2427,2112
2427,2198
2427,2239
2427,2258
2427,2372
2427,2418
2427,2898
2427,3098
2427,3223
2427,3277
2427,3403
2427,3466
2427,3480
2427,3578
2427,3665
2427,3866
2427,3887
2427,4040
2427,4042
2427,4054
2427,4080
2427,4223
2427,4358
2427,4376
2427,4503
2427,4670
2427,4672
2427,4707
2427,4805
2427,5132
2427,5179
2427,5455
2427,5778
2427,5943
2427,5962
2427,5987
2427,6098
2427,6448
2427,6522
2427,7029
2427,7067
2427,7142
2427,7296
2427,7307
2427,7349
2427,7467
2428,195
2428,394
2428,941
2428,1175
2428,1416
2428,2014
2428,2412
2428,2608
2428,3168
2428,3227
2428,3533
2428,5119
2428,6813
2429,140
2429,979
2429,1135
2429,1200
2429,1384
2429,1398
2429,1451
2429,1547
2429,1606
2429,2167
2429,2178
2429,3192
2429,3200
2429,3609
2429,3639
2429,3696
2429,3971
2429,4018
2429,4134
2429,4374
2429,4597
2429,4652
2429,4815
2429,4929
2429,4996
2429,5516
2429,5900
2429,6167
2429,6248
2429,6326
2429,6742
2429,6809
2429,6820
2429,6862
2429,7082
2429,7185
2429,7199
2429,7358
2429,7439
2430,88
2430,100
2430,250
2430,395
2430,638
2430,747
2430,752
2430,761
2430,998
2430,1252
2430,1618
2430,1931
2430,2116
2430,2150
2430,2198
2430,2265
2430,2274
2430,2374
2430,2543
2430,2897
2430,2910
2430,3004
2430,3005
2430,3240
2430,3351
2430,3731
2430,4282
2430,4378
2430,4454
2430,4577
2430,4605
2430,4687
2430,4859
2430,5078
2430,5175
2430,5550
2430,5571
2430,5778
2430,5862
2430,6015
2430,6129
2430,6165
2430,6258
2430,6651
2430,6729
2430,6766
2430,7414
2430,7479
2430,7588
2431,648
2431,654
2431,752
2431,1058
2431,1063
2431,1414
2431,1667
2431,1695
2431,1853
2431,1862
2431,1954
2431,2049
2431,3114
2431,3202
2431,3240
2431,3566
2431,4148
2431,4268
2431,4376
2431,4378
2431,4573
2431,4805
2431,5009
2431,5036
2431,5313
2431,5550
2431,6592
2431,7416
2432,23
2432,42
2432,89
2432,169
2432,183
2432,322
2432,366
2432,446
2432,552
2432,593
2432,622
2432,710
2432,722
2432,732
2432,924
2432,1018
2432,1058
2432,1350
2432,1421
2432,1513
2432,1517
2432,1663
2432,1671
2432,1684
2432,1723
2432,1738
2432,1744
2432,1796
2432,1798
2432,1899
2432,1993
2432,2198
2432,2206
2432,2239
2432,2380
2432,2396
2432,2553
2432,2637
2432,2832
2432,3008
2432,3020
2432,3049
2432,3051
2432,3160
2432,3184
2432,3279
2432,3623
2432,3648
2432,3799
2432,3856
2432,3897
2432,4023
2432,4074
2432,4350
2432,4376
2432,4388
2432,4573
2432,4578
2432,4594
2432,4688
2432,4805
2432,4934
2432,5070
2432,5155
2432,5160
2432,5241
2432,5316
2432,5399
2432,5404
2432,5415
2432,5441
2432,5903
2432,5966
2432,5982
2432,6024
2432,6077
2432,6156
2432,6414
2432,6669
2432,6673
2432,6702
2432,6787
2432,6847
2432,6887
2432,7010
2432,7021
2432,7036
2432,7266
2432,7289
2432,7337
2432,7428
2432,7464
2432,7477
2432,7511
2433,664
2433,1219
2433,1773
2433,2924
2433,3222
2433,3425
2433,3642
2433,6698
2433,7034
2433,7260
2433,7606
2433,7620
2434,1064
2434,1066
2434,1296
2434,1415
2434,1644
2434,2143
2434,2198
2434,2339
2434,2903
2434,3330
2434,3959
2434,4054
2434,4384
2434,4680
2434,5012
2434,5641
2434,6624
2434,7269
2435,10
2435,605
2435,1041
2435,1264
2435,1334
2435,1616
2435,1736
2435,1881
2435,1980
2435,2337
2435,2623
2435,2777
2435,3102
2435,3415
2435,3583
2435,3678
2435,3717
2435,3749
2435,3992
2435,4509
2435,4723
2435,4740
2435,4829
2435,4992
2435,5110
2435,5509
2435,5852
2435,5868
2435,5929
2435,6357
2435,6557
2435,6628
2435,6665
2435,6876
2435,7308
2435,7348
2435,7437
2435,7458
2435,7513
2436,45
2436,148
2436,402
2436,676
2436,887
2436,1109
2436,1626
2436,2236
2436,2300
2436,2477
2436,2607
2436,2749
2436,2963
2436,2966
2436,2984
2436,3121
2436,3229
2436,3705
2436,3934
2436,4239
2436,4272
2436,4705
2436,5065
2436,5482
2436,5616
2436,5690
2436,6072
2436,6433
2436,6501
2436,6656
2436,7030
2436,7367
2436,7507
2437,4000
2438,106
2438,211
2438,217
2438,248
2438,456
2438,680
2438,1034
2438,1245
2438,2070
2438,2084
2438,2415
2438,3013
2438,3194
2438,4031
2438,4098
2438,4918
2438,4991
2438,5474
2438,5674
2438,5864
2438,5997
2438,6210
2438,6947
2438,7032
2438,7293
2438,7420
2439,54
2439,932
2439,1256
2439,1920
2439,2079
2439,2318
2439,2391
2439,2399
2439,2528
2439,3231
2439,3366
2439,3431
2439,3879
2439,4237
2439,4399
2439,4497
2439,4861
2439,4925
2439,5163
2439,5421
2439,6113
2439,6130
2439,6286
2439,6453
2439,6635
2439,6791
2439,6935
2439,7285
2439,7460
2439,7500
2439,7544
2440,672
2440,1058
2440,1129
2440,1481
2440,1730
2440,2104
2440,2253
2440,2270
2440,2287
2440,2513
2440,2558
2440,2587
2440,2704
2440,2935
2440,3115
2440,3545
2440,4160
2440,4329
2440,4376
2440,4573
2440,4592
2440,4595
2440,4746
2440,4805
2440,5112
2440,5251
2440,5556
2440,5559
2440,5629
2440,6354
2440,6592
2440,7003
2440,7116
2440,7213
2440,7233
2440,7448
2441,85
2441,260
2441,341
2441,415
2441,552
2441,584
2441,942
2441,1058
2441,1224
2441,1453
2441,1492
2441,1521
2441,1798
2441,1862
2441,2215
2441,2239
2441,2370
2441,2377
2441,2903
2441,2921
2441,3177
2441,3183
2441,3538
2441,3748
2441,4067
2441,4177
2441,4184
2441,4313
2441,4376
2441,4384
2441,4805
2441,4806
2441,4952
2441,5222
2441,5404
2441,5507
2441,5641
2441,5704
2441,5740
2441,5816
2441,6059
2441,6551
2441,6794
2441,6952
2441,6961
2441,7320
2441,7572
2441,7582
2441,7607
2442,238
2442,396
2442,915
2442,1025
2442,1033
2442,1208
2442,1571
2442,2020
2442,2735
2442,3029
2442,3402
2442,3503
2442,3517
2442,4059
2442,4119
2442,4396
2442,4481
2442,5149
2442,5196
2442,6158
2442,6498
2442,7350
2443,22
2443,519
2443,557
2443,758
2443,871
2443,965
2443,995
2443,1488
2443,1604
2443,2133
2443,2757
2443,2813
2443,3064
2443,3150
2443,3460
2443,3516
2443,3563
2443,3619
2443,3880
2443,3924
2443,3941
2443,4125
2443,4143
2443,4280
2443,4673
2443,4802
2443,5266
2443,5300
2443,5686
2443,5876
2443,5968
2443,6125
2443,6163
2443,6653
2443,7432
2444,147
2444,481
2444,561
2444,618
2444,688
2444,746
2444,943
2444,992
2444,1223
2444,1622
2444,2395
2444,2468
2444,2499
2444,2853
2444,3180
2444,3211
2444,3393
2444,4191
2444,4244
2444,4411
2444,4564
2444,4663
2444,4884
2444,4921
2444,5072
2444,5230
2444,5357
2444,5718
2444,5737
2444,5974
2444,6106
2444,6311
2444,6488
2444,6609
2444,6625
2444,6924
2444,7016
2444,7383
2444,7463
2444,7490
2444,7598
2445,1130
2445,1647
2445,6256
2446,275
2446,328
2446,516
2446,749
2446,828
2446,1372
2446,1391
2446,1759
2446,1969
2446,2037
2446,2090
2446,2189
2446,2250
2446,2260
2446,2622
2446,3270
2446,3663
2446,4056
2446,4412
2446,4666
2446,4759
2446,4960
2446,4972
2446,5164
2446,5448
2446,5602
2446,5814
2446,5848
2446,6046
2446,6357
2446,6842
2446,7014
2446,7348
2447,28
2447,36
2447,456
2447,920
2447,1280
2447,1429
2447,1777
2447,1929
2447,1962
2447,2015
2447,2220
2447,2286
2447,2581
2447,2740
2447,2801
2447,2804
2447,2904
2447,3277
2447,3339
2447,3419
2447,3856
2447,3931
2447,4001
2447,4033
2447,4297
2447,4373
2447,4522
2447,4835
2447,5209
2447,5504
2447,5549
2447,5708
2447,6382
2447,6696
2447,6852
2447,6900
2447,7364
2449,147
2449,481
2449,561
2449,578
2449,618
2449,901
2449,1223
2449,1509
2449,1529
2449,1646
2449,1683
2449,2012
2449,2073
2449,2491
2449,2499
2449,2786
2449,2843
2449,3211
2449,3255
2449,3452
2449,3733
2449,3984
2449,4244
2449,4353
2449,4494
2449,4564
2449,4585
2449,4663
2449,4711
2449,4884
2449,5016
2449,5072
2449,5357
2449,5972
2449,5974
2449,6083
2449,6311
2449,6488
2449,6609
2449,6625
2449,7383
2449,7489
2449,7598
2450,73
2450,551
2450,555
2450,1030
2450,1069
2450,1289
2450,1296
2450,1511
2450,1820
2450,1910
2450,2392
2450,2821
2450,2901
2450,3330
2450,3503
2450,3607
2450,3944
2450,4062
2450,4386
2450,4606
2450,4879
2450,4986
2450,5801
2450,6252
2450,6740
2450,6920
2450,7007
2450,7134
2451,493
2451,579
2451,1000
2451,6605
2452,1534
2452,5702
2453,45
2453,108
2453,1386
2453,1416
2453,1952
2453,1955
2453,2477
2453,2512
2453,3168
2453,3281
2453,3437
2453,3461
2453,3662
2453,3819
2453,4452
2453,4587
2453,4852
2453,5074
2453,5221
2453,5521
2453,5817
2453,5872
2453,6117
2453,6120
2453,6223
2453,6554
2453,7160
2453,7538
2454,295
2454,629
2454,778
2454,2118
2454,2198
2454,2257
2454,2610
2454,3990
2454,4876
2454,4987
2454,5032
2454,5253
2454,5396
2454,5824
2454,6276
2454,6898
2454,6901
2455,1483
2455,1894
2455,2544
2455,2948
2455,4384
2455,6030
2455,6276
2455,6611
2455,7384
2455,7556
2456,447
2456,581
2456,819
2456,1326
2456,1354
2456,2181
2456,2877
2456,2951
2456,3084
2456,3087
2456,3431
2456,3569
2456,3873
2456,3939
2456,4647
2456,4974
2456,5297
2456,5480
2456,5537
2456,6550
2456,7162
2456,7388
2458,1440
2458,3429
2458,4625
2459,368
2459,1208
2459,1968
2459,2351
2459,2501
2459,2580
2459,3200
2459,3609
2459,3639
2459,3694
2459,3790
2459,3863
2459,4134
2459,4364
2459,4597
2459,4815
2459,4929
2459,4955
2459,5900
2459,6781
2459,6934
2459,6977
2459,7199
2459,7567
2460,137
2460,551
2460,3410
2460,3681
2460,4228
2460,4469
2460,5292
2460,5575
2461,283
2461,576
2461,776
2461,809
2461,967
2461,1058
2461,1317
2461,1414
2461,1575
2461,1809
2461,1862
2461,2170
2461,2198
2461,2587
2461,2772
2461,3049
2461,3078
2461,3114
2461,3384
2461,3587
2461,4067
2461,4376
2461,4541
2461,4805
2461,5251
2461,5556
2461,5641
2461,6272
2461,6408
2461,6430
2461,6486
2461,6636
2461,6732
2461,6952
2461,7147
2461,7481
2461,7638
2462,846
2462,994
2462,1291
2462,1359
2462,2041
2462,2254
2462,2978
2462,3176
2462,4078
2462,5063
2462,5253
2462,5417
2462,5535
2462,5664
2462,6209
2462,6293
2462,6458
2462,6909
2463,2863
2463,3097
2463,4654
2464,271
2464,327
2464,407
2464,1008
2464,1235
2464,1274
2464,1530
2464,1755
2464,1789
2464,1878
2464,2082
2464,2301
2464,2721
2464,2865
2464,3285
2464,3728
2464,3977
2464,4030
2464,4377
2464,5770
2464,5792
2464,6267
2464,6471
2464,6857
2464,6885
2464,7161
2464,7242
2464,7303
2465,514
2465,613
2465,907
2465,1130
2465,1290
2465,1950
2465,2110
2465,2135
2465,2880
2465,3265
2465,3327
2465,3344
2465,3358
2465,3409
2465,5527
2465,6845
2465,7418
2465,7498
2466,396
2466,406
2466,565
2466,798
2466,799
2466,1025
2466,1033
2466,1208
2466,1341
2466,1342
2466,1405
2466,1606
2466,2020
2466,2105
2466,2289
2466,4059
2466,4299
2466,4339
2466,4396
2466,4765
2466,5023
2466,5149
2466,5905
2466,6543
2466,6846
2466,6932
2466,7138
2466,7185
2466,7350
2466,7605
2467,82
2467,414
2467,1632
2467,1765
2467,1839
2467,2424
2467,3644
2467,3752
2467,3764
2467,4192
2467,5642
2467,5687
2467,5800
2467,6056
2467,6057
2467,6238
2467,6254
2467,6478
2467,6616
2467,6695
2467,6708
2467,6812
2467,7189
2468,147
2468,444
2468,481
2468,561
2468,837
2468,992
2468,1223
2468,1622
2468,1646
2468,1683
2468,2238
2468,2444
2468,2499
2468,3180
2468,3393
2468,3449
2468,3733
2468,4123
2468,4191
2468,4244
2468,4411
2468,4485
2468,4487
2468,4564
2468,4663
2468,4681
2468,5270
2468,5357
2468,5737
2468,5974
2468,6106
2468,6311
2468,6488
2468,6508
2468,6788
2468,6829
2468,6972
2468,7383
2468,7489
2468,7598
2469,493
2469,1678
2469,3434
2469,3862
2470,552
2470,1185
2470,1472
2470,2205
2470,5091
2470,5234
2470,5873
2470,6464
2471,42
2471,69
2471,446
2471,1058
2471,1152
2471,1178
2471,1415
2471,1513
2471,1744
2471,1959
2471,2198
2471,2239
2471,2370
2471,2564
2471,2600
2471,2913
2471,3074
2471,3348
2471,3359
2471,3748
2471,4071
2471,4164
2471,4376
2471,4573
2471,4688
2471,4805
2471,5070
2471,5132
2471,5251
2471,5258
2471,5404
2471,5415
2471,5707
2471,5816
2471,5881
2471,6073
2471,6409
2471,6551
2471,6702
2471,7003
2471,7046
2471,7277
2471,7448
2471,7467
2471,7572
2472,401
2472,2139
2472,3119
2472,3940
2472,4175
2472,4224
2472,4675
2472,4981
2472,5102
2472,5565
2472,5831
2472,6559
2472,6853
2472,7027
2472,7645
2473,53
2473,197
2473,454
2473,1515
2473,1629
2473,2347
2473,2680
2473,2840
2473,3046
2473,3219
2473,3495
2473,3957
2473,4061
2473,4137
2473,4646
2473,5596
2473,6509
2473,7031
2473,7063
2473,7145
2474,328
2474,516
2474,749
2474,1037
2474,1360
2474,1391
2474,1759
2474,1849
2474,1864
2474,1969
2474,1983
2474,2090
2474,2114
2474,2132
2474,2189
2474,2260
2474,2281
2474,2324
2474,2622
2474,2754
2474,3006
2474,3305
2474,3528
2474,3553
2474,3597
2474,4056
2474,4312
2474,4467
2474,4554
2474,4739
2474,4758
2474,4949
2474,4960
2474,5028
2474,5245
2474,5306
2474,5448
2474,5602
2474,5653
2474,6391
2474,6465
2474,6520
2474,6679
2474,6842
2474,7073
2474,7144
2474,7255
2475,491
2475,645
2475,1213
2475,1411
2475,1564
2475,1613
2475,1648
2475,2054
2475,2504
2475,3562
2475,4363
2475,5236
2475,5599
2475,6127
2475,6680
2475,6764
2475,6871
2475,7457
2476,369
2476,1421
2476,1621
2476,2198
2476,4384
2476,5881
2476,5937
2476,6551
2476,7071
2477,148
2477,630
2477,676
2477,859
2477,1087
2477,1109
2477,1386
2477,1463
2477,2077
2477,2236
2477,2338
2477,2436
2477,2453
2477,2695
2477,2749
2477,2966
2477,3038
2477,3154
2477,3495
2477,3777
2477,4108
2477,4239
2477,4495
2477,4628
2477,5137
2477,5172
2477,5885
2477,6433
2477,6957
2477,7507
2477,7639
2478,1283
2479,85
2479,260
2479,320
2479,540
2479,552
2479,1058
2479,1268
2479,1293
2479,1415
2479,1453
2479,1798
2479,1862
2479,1959
2479,2198
2479,2215
2479,2239
2479,2370
2479,2377
2479,3171
2479,3183
2479,3370
2479,3895
2479,4080
2479,4096
2479,4164
2479,4376
2479,4384
2479,4864
2479,4952
2479,5132
2479,5296
2479,5351
2479,5404
2479,5623
2479,5626
2479,5641
2479,5707
2479,5740
2479,5816
2479,6551
2479,6811
2479,7147
2479,7464
2479,7572
2479,7607
2480,5444
2481,429
2481,523
2481,525
2481,548
2481,2416
2481,2997
2481,3709
2481,4462
2481,4823
2481,5183
2481,5379
2481,5763
2481,6721
2481,7087
2481,7414
2482,1419
2482,5699
2482,5983
2482,7620
2483,5852
2484,312
2484,800
2484,947
2484,948
2484,1377
2484,1423
2484,1561
2484,1711
2484,1782
2484,2198
2484,2239
2484,2502
2484,2823
2484,3152
2484,3277
2484,3532
2484,4042
2484,4111
2484,4307
2484,4337
2484,4381
2484,4522
2484,4771
2484,5007
2484,5214
2484,5398
2484,5404
2484,5412
2484,5585
2484,5629
2484,5764
2484,5797
2484,5844
2484,6064
2484,6815
2484,7395
2484,7638
2485,183
2485,322
2485,446
2485,593
2485,622
2485,900
2485,1058
2485,1100
2485,1210
2485,1280
2485,1447
2485,1744
2485,1798
2485,2198
2485,2239
2485,2553
2485,3049
2485,3692
2485,3799
2485,3856
2485,4376
2485,4463
2485,4805
2485,5042
2485,5048
2485,5415
2485,5441
2485,5937
2485,5982
2485,6361
2485,6673
2485,6702
2485,6807
2485,7021
2485,7337
2486,584
2486,2215
2486,2299
2486,2993
2486,3330
2486,3503
2486,3895
2486,4490
2486,6086
2486,7330
2487,352
2487,696
2487,1058
2487,2198
2487,2239
2487,2370
2487,2683
2487,4376
2487,4805
2487,6464
2487,6466
2487,6880
2487,7147
2488,326
2488,526
2488,559
2488,643
2488,1335
2488,1465
2488,2213
2488,2231
2488,2579
2488,3246
2488,3559
2488,4255
2488,4282
2488,5062
2488,5101
2488,6572
2488,6713
2488,6922
2488,7107
2488,7240
2488,7354
2488,7454
2488,7637
2489,147
2489,481
2489,690
2489,1096
2489,1292
2489,1477
2489,1622
2489,1683
2489,2361
2489,3180
2489,3211
2489,4117
2489,4244
2489,4498
2489,4663
2489,5573
2489,5737
2489,6311
2489,6488
2489,6625
2489,7361
2490,502
2490,532
2490,551
2490,766
2490,1069
2490,1325
2490,1339
2490,1418
2490,1566
2490,1572
2490,1794
2490,1802
2490,2028
2490,2143
2490,2205
2490,2375
2490,2625
2490,2907
2490,2993
2490,3052
2490,3223
2490,3330
2490,3331
2490,3469
2490,3567
2490,3578
2490,3723
2490,3959
2490,4185
2490,4422
2490,4722
2490,4890
2490,5132
2490,5676
2490,5749
2490,5781
2490,6098
2490,6166
2490,6243
2490,7222
2490,7478
2491,147
2491,398
2491,481
2491,561
2491,578
2491,618
2491,688
2491,746
2491,837
2491,901
2491,943
2491,1223
2491,1466
2491,1509
2491,1529
2491,1646
2491,1683
2491,2012
2491,2073
2491,2449
2491,2499
2491,2786
2491,2873
2491,3180
2491,3211
2491,3255
2491,3393
2491,3411
2491,3452
2491,3733
2491,3984
2491,4117
2491,4244
2491,4353
2491,4411
2491,4478
2491,4485
2491,4494
2491,4564
2491,4585
2491,4663
2491,4873
2491,4884
2491,5072
2491,5270
2491,5345
2491,5357
2491,5489
2491,5928
2491,5972
2491,5974
2491,6083
2491,6103
2491,6106
2491,6311
2491,6609
2491,6625
2491,6924
2491,7263
2491,7324
2491,7383
2491,7444
2491,7469
2491,7489
2491,7598
2492,503
2492,662
2492,691
2492,887
2492,912
2492,1219
2492,1242
2492,1816
2492,1933
2492,2126
2492,2594
2492,2840
2492,2994
2492,3046
2492,3107
2492,3409
2492,3425
2492,3586
2492,3642
2492,3972
2492,4209
2492,4646
2492,4689
2492,4852
2492,4969
2492,5119
2492,5239
2492,5260
2492,5603
2492,5656
2492,6106
2492,6698
2492,7025
2492,7031
2492,7034
2492,7063
2492,7081
2492,7145
2492,7260
2492,7261
2492,7367
2492,7508
2492,7606
2493,4116
2493,6668
2493,7175
2493,7325
2494,495
2494,835
2494,1280
2494,1979
2494,2005
2494,2191
2494,2198
2494,3049
2494,3152
2494,3331
2494,3381
2494,3433
2494,3578
2494,3817
2494,4218
2494,4376
2494,4805
2494,5664
2494,7467
2495,703
2495,1971
2495,2846
2495,3914
2495,4481
2495,7066
2496,31
2496,84
2496,1039
2496,1049
2496,1068
2496,1419
2496,1536
2496,2968
2496,3107
2496,3175
2496,3248
2496,3953
2496,4051
2496,4587
2496,4875
2496,4907
2496,4961
2496,5238
2496,5326
2496,5684
2496,5854
2496,6050
2496,6087
2496,6169
2496,6429
2496,6515
2496,6768
2496,7316
2496,7575
2496,7620
2497,668
2497,2135
2497,3409
2497,4058
2497,5457
2497,6436
2497,6686
2497,6711
2497,6795
2497,6888
2498,3495
2498,6433
2499,398
2499,444
2499,481
2499,561
2499,618
2499,653
2499,671
2499,685
2499,688
2499,782
2499,837
2499,901
2499,943
2499,1086
2499,1096
2499,1223
2499,1292
2499,1466
2499,1509
2499,1529
2499,1562
2499,1637
2499,1683
2499,1944
2499,2067
2499,2073
2499,2137
2499,2395
2499,2444
2499,2449
2499,2468
2499,2491
2499,2786
2499,2873
2499,2926
2499,2983
2499,3211
2499,3255
2499,3393
2499,3399
2499,3411
2499,3441
2499,3449
2499,3452
2499,3479
2499,3584
2499,4117
2499,4123
2499,4151
2499,4244
2499,4252
2499,4310
2499,4411
2499,4423
2499,4475
2499,4478
2499,4485
2499,4487
2499,4494
2499,4498
2499,4524
2499,4585
2499,4607
2499,4663
2499,4681
2499,4703
2499,4708
2499,4761
2499,4873
2499,5038
2499,5072
2499,5345
2499,5357
2499,5405
2499,5489
2499,5573
2499,5609
2499,5737
2499,5751
2499,5784
2499,5896
2499,5908
2499,5972
2499,5974
2499,6083
2499,6092
2499,6103
2499,6168
2499,6227
2499,6488
2499,6508
2499,6709
2499,6829
2499,6972
2499,7015
2499,7024
2499,7110
2499,7218
2499,7263
2499,7383
2499,7444
2499,7502
2499,7531
2500,4305
2500,4325
2500,4449
2501,368
2501,1398
2501,1968
2501,2167
2501,2351
2501,2459
2501,2580
2501,2699
2501,3200
2501,3609
2501,3639
2501,3679
2501,3694
2501,3790
2501,3863
2501,4364
2501,4597
2501,4955
2501,5900
2501,6781
2501,6863
2501,6934
2501,6961
2501,6977
2501,7199
2501,7358
2501,7567
2502,593
2502,723
2502,835
2502,947
2502,1376
2502,1442
2502,1744
2502,1962
2502,2032
2502,2198
2502,2233
2502,2239
2502,2247
2502,2287
2502,2380
2502,2484
2502,2981
2502,3049
2502,3152
2502,4670
2502,4685
2502,4768
2502,4805
2502,4831
2502,5056
2502,5372
2502,5477
2502,5543
2502,5664
2502,6345
2502,6702
2502,7097
2502,7395
2502,7518
2503,647
2503,842
2503,1742
2503,1781
2503,1799
2503,1865
2503,2842
2503,3119
2503,3416
2503,3652
2503,3940
2503,4052
2503,4099
2503,4175
2503,4298
2503,4425
2503,4675
2503,4721
2503,4901
2503,4911
2503,4981
2503,5005
2503,5113
2503,5242
2503,5319
2503,5416
2503,5426
2503,5431
2503,5565
2503,5681
2503,5831
2503,5871
2503,6218
2503,6220
2503,6239
2503,6559
2503,6858
2503,6865
2503,7027
2503,7431
2503,7484
2503,7515
2504,7
2504,247
2504,464
2504,491
2504,781
2504,1306
2504,1471
2504,1636
2504,1895
2504,2054
2504,2180
2504,2475
2504,3048
2504,3204
2504,3263
2504,3315
2504,3489
2504,3738
2504,3843
2504,4035
2504,4126
2504,4334
2504,4600
2504,4639
2504,4644
2504,4648
2504,4795
2504,4897
2504,5147
2504,5236
2504,5427
2504,5977
2504,5995
2504,6255
2504,6390
2504,6607
2504,6641
2504,6763
2504,6891
2504,7306
2505,43
2505,148
2505,150
2505,160
2505,310
2505,402
2505,486
2505,650
2505,707
2505,1075
2505,1109
2505,1452
2505,1497
2505,1534
2505,1566
2505,1674
2505,1718
2505,1856
2505,1924
2505,2162
2505,2358
2505,2422
2505,2585
2505,2695
2505,2867
2505,3009
2505,3038
2505,3131
2505,3154
2505,3170
2505,3208
2505,3233
2505,3327
2505,3395
2505,3400
2505,3524
2505,3645
2505,3995
2505,4691
2505,5200
2505,5400
2505,5705
2505,5899
2505,5988
2505,6005
2505,6241
2505,6314
2505,6433
2505,6493
2505,6606
2505,6741
2505,6867
2505,6911
2505,6941
2505,6998
2505,7329
2505,7376
2505,7377
2505,7412
2506,102
2506,908
2506,1490
2506,3660
2507,1828
2507,3564
2507,4237
2507,4544
2508,216
2508,275
2508,324
2508,749
2508,850
2508,1157
2508,1412
2508,1609
2508,1648
2508,1743
2508,1811
2508,1977
2508,2090
2508,2516
2508,2975
2508,3021
2508,3371
2508,3830
2508,4412
2508,4881
2508,4883
2508,4960
2508,5069
2508,5250
2508,5272
2508,5465
2508,5848
2508,5879
2508,6250
2508,6357
2508,6363
2508,6372
2508,6532
2508,6670
2508,6965
2508,7073
2508,7122
2509,495
2509,2239
2509,3295
2509,3433
2509,3552
2509,3578
2509,3723
2509,4194
2509,4805
2509,5234
2509,6700
2509,7154
2510,258
2510,449
2510,568
2510,659
2510,1105
2510,1327
2510,2979
2510,3070
2510,3710
2510,3844
2510,4682
2510,4706
2510,5199
2510,5372
2510,5406
2510,5412
2510,5510
2510,5764
2510,6228
2510,6582
2510,6890
2511,2127
2511,2834
2511,3855
2512,66
2512,171
2512,195
2512,496
2512,941
2512,988
2512,993
2512,1035
2512,1340
2512,1443
2512,1556
2512,2412
2512,2453
2512,2695
2512,3086
2512,3227
2512,3437
2512,3823
2512,4628
2512,4633
2512,5035
2512,5074
2512,5221
2512,5260
2512,5817
2512,6245
2512,6433
2512,6621
2512,6642
2512,6813
2512,6970
2512,7427
2512,7433
2513,1058
2513,1317
2513,1667
2513,2104
2513,2198
2513,2208
2513,2287
2513,2440
2513,2558
2513,3049
2513,3115
2513,3331
2513,3433
2513,4573
2513,4592
2513,4805
2513,4863
2513,5068
2513,5213
2513,6409
2513,6807
2513,7116
2513,7213
2513,7467
2514,1915
2514,2682
2514,2771
2514,4805
2514,5620
2514,7467
2515,190
2515,1230
2515,2545
2515,2705
2515,2810
2515,3485
2515,3599
2515,3740
2515,4121
2515,4172
2515,4488
2515,4750
2515,5076
2515,5564
2515,5763
2515,5814
2515,5890
2515,6214
2515,6283
2515,6905
2515,6908
2515,7057
2515,7078
2515,7419
2515,7529
2516,216
2516,324
2516,1412
2516,1428
2516,1609
2516,1811
2516,1977
2516,2508
2516,3021
2516,3220
2516,3316
2516,4245
2516,4972
2516,5045
2516,5069
2516,5250
2516,5465
2516,5753
2516,6250
2516,6363
2516,6532
2516,6670
2516,6965
2516,7086
2516,7238
2517,520
2517,695
2517,1162
2517,1328
2517,2554
2517,2590
2517,4993
2517,5581
2517,6262
2517,7055
2518,766
2518,1103
2518,1546
2518,2198
2518,3578
2518,4545
2518,5455
2518,5639
2518,7632
2519,6
2519,110
2519,311
2519,443
2519,652
2519,1270
2519,1689
2519,2700
2519,2996
2519,3200
2519,3507
2519,4134
2519,4295
2519,4311
2519,5154
2519,5229
2519,6751
2519,6807
2519,7199
2520,103
2520,762
2520,1444
2520,1961
2520,3602
2520,3698
2520,4080
2520,4952
2520,6039
2520,6297
2520,6489
2520,6618
2520,7599
2521,85
2521,89
2521,103
2521,369
2521,479
2521,593
2521,869
2521,1293
2521,1453
2521,1524
2521,1592
2521,1663
2521,1784
2521,1796
2521,1798
2521,1999
2521,2106
2521,2129
2521,2198
2521,2239
2521,2571
2521,3184
2521,3408
2521,3895
2521,4080
2521,4376
2521,4384
2521,4422
2521,4465
2521,4578
2521,4768
2521,4787
2521,4952
2521,5372
2521,5707
2521,5799
2521,5816
2521,5881
2521,5955
2521,5976
2521,6098
2521,6265
2521,6409
2521,6492
2521,6551
2521,6702
2521,6707
2521,6906
2521,6981
2521,7003
2521,7044
2521,7067
2521,7269
2521,7395
2521,7568
2521,7572
2521,7582
2522,85
2522,91
2522,305
2522,587
2522,748
2522,766
2522,771
2522,867
2522,936
2522,975
2522,1013
2522,1058
2522,1069
2522,1225
2522,1414
2522,1831
2522,2198
2522,2239
2522,2571
2522,2954
2522,3098
2522,3223
2522,3513
2522,3518
2522,3607
2522,3665
2522,3671
2522,3672
2522,3695
2522,3866
2522,3890
2522,3895
2522,3920
2522,4037
2522,4042
2522,4054
2522,4185
2522,4223
2522,4358
2522,4376
2522,4466
2522,4605
2522,5174
2522,5248
2522,5280
2522,5455
2522,5505
2522,5775
2522,5941
2522,5987
2522,6098
2522,6536
2522,6553
2522,6815
2522,7054
2522,7067
2522,7269
2522,7296
2522,7330
2522,7452
2522,7624
2523,5596
2523,6433
2523,6509
2524,160
2524,223
2524,310
2524,650
2524,1026
2524,1078
2524,1425
2524,1500
2524,1950
2524,2135
2524,2416
2524,2872
2524,3038
2524,3522
2524,3524
2524,3705
2524,3865
2524,4040
2524,4234
2524,4518
2524,4521
2524,4752
2524,5318
2524,5422
2524,5423
2524,6114
2524,6314
2524,6647
2524,7004
2524,7022
2524,7112
2524,7360
2524,7442
2524,7498
2525,521
2525,526
2525,584
2525,724
2525,728
2525,785
2525,911
2525,1287
2525,1493
2525,1521
2525,1549
2525,1615
2525,1716
2525,1733
2525,1739
2525,1926
2525,1978
2525,2231
2525,2325
2525,2349
2525,2536
2525,2632
2525,3062
2525,3246
2525,3250
2525,3455
2525,3506
2525,3539
2525,3559
2525,4502
2525,4584
2525,4707
2525,4811
2525,5120
2525,5373
2525,5719
2525,5798
2525,5851
2525,5917
2525,6036
2525,6059
2525,6131
2525,6296
2525,6412
2525,6547
2525,6565
2525,6610
2525,6699
2525,6920
2525,7240
2525,7322
2525,7422
2525,7512
2525,7569
2526,5537
2526,5759
2527,223
2527,329
2527,429
2527,525
2527,548
2527,1394
2527,1436
2527,1731
2527,2081
2527,2213
2527,2358
2527,2574
2527,2997
2527,3351
2527,3709
2527,4255
2527,4282
2527,4362
2527,4462
2527,4823
2527,5379
2527,5499
2527,5504
2527,5550
2527,5571
2527,5992
2527,6005
2527,6123
2527,6142
2527,6548
2527,6558
2527,6721
2527,7087
2527,7267
2527,7414
2528,54
2528,59
2528,177
2528,208
2528,230
2528,824
2528,902
2528,932
2528,968
2528,1003
2528,1021
2528,1115
2528,1146
2528,1237
2528,1256
2528,1303
2528,1326
2528,1449
2528,1724
2528,1728
2528,1737
2528,1835
2528,1841
2528,2140
2528,2151
2528,2204
2528,2318
2528,2343
2528,2366
2528,2388
2528,2391
2528,2399
2528,2439
2528,2538
2528,2605
2528,2885
2528,2949
2528,3087
2528,3163
2528,3201
2528,3280
2528,3361
2528,3389
2528,3412
2528,3423
2528,3431
2528,3719
2528,3850
2528,3879
2528,3939
2528,4197
2528,4237
2528,4335
2528,4399
2528,4443
2528,4497
2528,4512
2528,4534
2528,4618
2528,4647
2528,4861
2528,4924
2528,5027
2528,5124
2528,5131
2528,5163
2528,5279
2528,5439
2528,5480
2528,5611
2528,5815
2528,6113
2528,6138
2528,6268
2528,6347
2528,6374
2528,6480
2528,6550
2528,6937
2528,7264
2528,7317
2528,7388
2528,7405
2528,7460
2528,7491
2528,7500
2528,7544
2529,8
2529,20
2529,73
2529,212
2529,305
2529,352
2529,526
2529,551
2529,571
2529,655
2529,660
2529,748
2529,936
2529,1189
2529,1225
2529,1291
2529,1371
2529,1566
2529,1607
2529,1910
2529,1922
2529,1973
2529,2031
2529,2172
2529,2215
2529,2423
2529,2536
2529,2626
2529,2703
2529,2893
2529,3270
2529,3404
2529,3513
2529,3518
2529,3520
2529,3559
2529,3702
2529,3821
2529,3920
2529,3978
2529,4009
2529,4067
2529,4153
2529,4584
2529,4617
2529,4634
2529,4653
2529,4747
2529,4917
2529,4989
2529,5115
2529,5174
2529,5280
2529,5445
2529,5832
2529,6001
2529,6110
2529,6243
2529,6395
2529,6412
2529,6547
2529,6569
2529,6630
2529,6864
2529,6904
2529,6909
2529,6920
2529,7047
2529,7102
2529,7113
2529,7131
2529,7149
2529,7325
2529,7624
2529,7634
2530,3231
2531,304
2531,1472
2531,1999
2531,2198
2531,3895
2531,6638
2532,723
2532,2233
2532,2247
2532,2586
2532,4073
2533,1979
2533,4376
2533,5189
2533,7467
2534,256
2534,297
2534,695
2534,740
2534,1065
2534,1149
2534,1151
2534,1617
2534,1808
2534,2168
2534,2413
2534,2874
2534,3424
2534,3486
2534,3511
2534,4005
2534,4146
2534,4202
2534,4611
2534,4925
2534,4943
2534,5421
2534,5803
2534,5921
2534,6090
2534,6130
2534,6402
2534,6524
2534,6635
2534,6806
2534,6988
2534,7449
2534,7460
2534,7509
2535,472
2535,1710
2535,2344
2535,4906
2535,7176
2536,283
2536,352
2536,456
2536,526
2536,728
2536,785
2536,808
2536,1196
2536,1287
2536,1291
2536,1448
2536,1465
2536,1493
2536,1739
2536,1810
2536,1919
2536,1922
2536,1926
2536,2059
2536,2215
2536,2273
2536,2402
2536,2423
2536,2525
2536,2529
2536,2567
2536,2856
2536,3062
2536,3078
2536,3246
2536,3506
2536,3559
2536,4029
2536,4057
2536,4067
2536,4069
2536,4541
2536,4707
2536,4917
2536,4940
2536,4987
2536,5120
2536,5544
2536,5719
2536,6036
2536,6131
2536,6196
2536,6296
2536,6408
2536,6547
2536,6569
2536,6630
2536,6668
2536,6715
2536,6841
2536,6909
2536,7077
2536,7131
2536,7240
2536,7322
2536,7336
2536,7338
2536,7512
2536,7608
2536,7634
2537,85
2537,260
2537,1058
2537,2198
2537,2370
2537,2377
2537,3311
2537,3748
2537,4384
2537,5058
2537,5132
2537,5286
2537,5404
2537,5816
2537,5952
2538,932
2538,1099
2538,1237
2538,1422
2538,1449
2538,2399
2538,2528
2538,3201
2538,3361
2538,3412
2538,3572
2538,4197
2538,4237
2538,4399
2538,4418
2538,4861
2538,5124
2538,5279
2538,5439
2538,6374
2538,7275
2538,7405
2538,7460
2538,7544
2539,195
2539,545
2539,827
2539,1536
2539,1879
2539,1989
2539,2136
2539,3145
2539,3396
2539,3539
2539,3586
2539,3993
2539,4501
2539,4587
2539,4875
2539,5238
2539,5684
2539,5746
2539,5838
2539,5913
2539,5990
2539,6599
2539,6813
2539,6817
2539,7620
2540,89
2540,258
2540,593
2540,1058
2540,1415
2540,1513
2540,1663
2540,1723
2540,1738
2540,1796
2540,1798
2540,1899
2540,1993
2540,2198
2540,2396
2540,3051
2540,3184
2540,4023
2540,4164
2540,4350
2540,4578
2540,5139
2540,5160
2540,5251
2540,5404
2540,5881
2540,5979
2540,6183
2540,6669
2540,6673
2540,6678
2540,6702
2540,7003
2540,7464
2540,7477
2540,7607
2541,169
2541,258
2541,322
2541,369
2541,482
2541,593
2541,632
2541,732
2541,800
2541,906
2541,924
2541,1023
2541,1178
2541,1429
2541,1447
2541,1492
2541,1513
2541,1738
2541,1744
2541,1746
2541,1796
2541,1850
2541,1899
2541,2198
2541,2206
2541,2239
2541,2380
2541,2553
2541,2826
2541,2832
2541,3051
2541,3152
2541,3353
2541,3359
2541,3623
2541,3721
2541,3859
2541,4074
2541,4161
2541,4415
2541,4463
2541,4531
2541,4578
2541,4588
2541,4641
2541,4870
2541,4934
2541,5048
2541,5050
2541,5139
2541,5214
2541,5372
2541,5404
2541,5415
2541,5797
2541,5903
2541,5979
2541,6414
2541,6551
2541,6634
2541,6669
2541,6702
2541,6887
2541,7003
2541,7021
2541,7203
2541,7247
2541,7289
2541,7295
2541,7353
2541,7395
2541,7540
2541,7582
2541,7607
2541,7619
2542,523
2542,1731
2542,7087
2543,747
2543,2418
2543,2430
2543,2910
2543,3005
2543,3625
2543,4577
2543,5550
2543,6651
2543,7054
2544,721
2544,2215
2544,2405
2544,2455
2544,2948
2544,3025
2544,4228
2544,5000
2544,6003
2544,6611
2544,7384
2545,1230
2545,2515
2545,4172
2545,4750
2545,5564
2545,5890
2545,7057
2546,370
2546,417
2546,1026
2546,1252
2546,1275
2546,1984
2546,2277
2546,2392
2546,3705
2546,4234
2546,4282
2546,4404
2546,5177
2546,5947
2546,6061
2546,6178
2546,6266
2546,6314
2546,6367
2546,7066
2546,7107
2546,7109
2546,7175
2546,7360
2546,7389
2546,7455
2546,7550
2547,118
2547,2179
2547,3744
2547,6572
2548,147
2548,298
2548,425
2548,481
2548,561
2548,746
2548,1223
2548,1509
2548,1646
2548,3255
2548,4191
2548,4252
2548,4423
2548,4564
2548,4663
2548,4703
2548,5230
2548,5357
2548,5751
2548,5928
2548,6222
2548,6311
2548,6488
2548,6609
2548,6625
2548,6924
2548,7383
2548,7489
2548,7531
2548,7598
2549,369
2549,593
2549,677
2549,1058
2549,1113
2549,1293
2549,1453
2549,1621
2549,1798
2549,1971
2549,2039
2549,2106
2549,2143
2549,2198
2549,3183
2549,3226
2549,3311
2549,4384
2549,4952
2549,6208
2549,6551
2549,6810
2549,7464
2549,7599
2549,7628
2550,941
2550,1381
2550,3872
2550,3960
2550,4646
2550,5088
2550,5382
2550,5430
2551,6146
2552,38
2552,453
2552,529
2552,569
2552,779
2552,1309
2552,1396
2552,1459
2552,1558
2552,1706
2552,1743
2552,2090
2552,2189
2552,3023
2552,3032
2552,3570
2552,3598
2552,4342
2552,4938
2552,5491
2552,5540
2552,5662
2552,6275
2552,6602
2552,6965
2552,7368
2553,33
2553,134
2553,169
2553,183
2553,233
2553,243
2553,290
2553,322
2553,369
2553,431
2553,455
2553,482
2553,534
2553,593
2553,596
2553,622
2553,632
2553,659
2553,710
2553,722
2553,774
2553,814
2553,835
2553,906
2553,924
2553,945
2553,951
2553,1017
2553,1018
2553,1097
2553,1152
2553,1226
2553,1271
2553,1329
2553,1351
2553,1399
2553,1447
2553,1467
2553,1513
2553,1517
2553,1659
2553,1684
2553,1723
2553,1727
2553,1744
2553,1792
2553,1796
2553,1797
2553,1805
2553,1838
2553,1871
2553,1899
2553,1942
2553,1993
2553,2115
2553,2193
2553,2198
2553,2206
2553,2229
2553,2262
2553,2334
2553,2380
2553,2432
2553,2485
2553,2541
2553,2634
2553,2637
2553,2649
2553,2804
2553,2906
2553,2929
2553,3001
2553,3020
2553,3027
2553,3050
2553,3051
2553,3074
2553,3081
2553,3092
2553,3093
2553,3138
2553,3160
2553,3274
2553,3279
2553,3377
2553,3403
2553,3438
2553,3446
2553,3582
2553,3623
2553,3648
2553,3659
2553,3683
2553,3703
2553,3704
2553,3720
2553,3721
2553,3756
2553,3782
2553,3799
2553,4023
2553,4024
2553,4074
2553,4095
2553,4115
2553,4157
2553,4188
2553,4211
2553,4241
2553,4376
2553,4388
2553,4463
2553,4483
2553,4510
2553,4538
2553,4546
2553,4590
2553,4642
2553,4658
2553,4669
2553,4688
2553,4755
2553,4805
2553,4816
2553,4827
2553,4870
2553,4934
2553,4941
2553,4946
2553,4979
2553,5070
2553,5077
2553,5139
2553,5148
2553,5160
2553,5201
2553,5220
2553,5241
2553,5290
2553,5330
2553,5348
2553,5359
2553,5365
2553,5399
2553,5415
2553,5488
2553,5493
2553,5518
2553,5538
2553,5543
2553,5567
2553,5612
2553,5637
2553,5669
2553,5734
2553,5764
2553,5780
2553,5782
2553,5833
2553,5853
2553,5878
2553,5881
2553,5897
2553,5937
2553,5966
2553,5979
2553,5982
2553,6021
2553,6024
2553,6066
2553,6082
2553,6135
2553,6183
2553,6188
2553,6315
2553,6361
2553,6381
2553,6414
2553,6464
2553,6475
2553,6484
2553,6597
2553,6634
2553,6669
2553,6673
2553,6678
2553,6702
2553,6706
2553,6749
2553,6754
2553,6787
2553,6847
2553,6849
2553,6907
2553,6968
2553,6978
2553,7003
2553,7010
2553,7021
2553,7103
2553,7181
2553,7203
2553,7209
2553,7215
2553,7266
2553,7280
2553,7302
2553,7337
2553,7352
2553,7353
2553,7428
2553,7440
2553,7477
2553,7511
2553,7573
2553,7577
2553,7607
2554,695
2554,917
2554,1162
2554,1234
2554,1328
2554,1909
2554,2517
2554,2590
2554,2792
2554,2943
2554,4993
2554,5581
2554,6094
2554,6262
2554,7055
2555,4376
2555,4466
2556,26
2556,134
2556,419
2556,522
2556,739
2556,899
2556,1002
2556,1024
2556,1082
2556,1092
2556,1236
2556,1591
2556,2095
2556,2117
2556,2173
2556,2309
2556,2819
2556,2887
2556,3053
2556,3257
2556,3294
2556,3438
2556,3807
2556,3923
2556,4013
2556,4217
2556,4345
2556,4650
2556,4791
2556,4812
2556,4828
2556,4848
2556,5327
2556,5568
2556,5595
2556,5703
2556,5932
2556,5958
2556,6054
2556,6289
2556,6353
2556,6371
2556,6759
2556,6983
2556,7276
2556,7398
2557,541
2557,1221
2557,1630
2557,1751
2557,1864
2557,2037
2557,2098
2557,2357
2557,2389
2557,3401
2557,3553
2557,3575
2557,3628
2557,4583
2557,4741
2557,4758
2557,5306
2557,5451
2557,5588
2557,5825
2557,5978
2557,6679
2557,6956
2557,7075
2557,7255
2557,7566
2558,28
2558,41
2558,672
2558,809
2558,832
2558,967
2558,1058
2558,1129
2558,1481
2558,1581
2558,1862
2558,2170
2558,2287
2558,2376
2558,2440
2558,2513
2558,2798
2558,2935
2558,3049
2558,3384
2558,3817
2558,3962
2558,4067
2558,4263
2558,4371
2558,4376
2558,4573
2558,4592
2558,4670
2558,4805
2558,5251
2558,5312
2558,5556
2558,5559
2558,5716
2558,6170
2558,6408
2558,6464
2558,6474
2558,6592
2558,7116
2558,7216
2558,7448
2558,7481
2559,264
2559,461
2559,835
2559,2005
2559,2345
2559,2706
2559,3295
2559,3331
2559,3381
2559,3433
2559,3545
2559,3578
2559,3612
2559,3817
2559,4573
2559,4805
2559,5664
2559,6703
2559,6960
2559,7467
2559,7518
2560,691
2560,3972
2560,4646
2560,6698
2560,7620
2561,485
2561,751
2561,931
2561,1457
2561,1458
2561,1610
2561,1633
2561,1714
2561,1905
2561,1930
2561,2746
2561,2871
2561,3035
2561,3600
2561,3605
2561,4103
2561,4152
2561,5343
2561,5360
2561,5437
2561,5496
2561,6450
2561,6572
2561,6730
2561,6807
2563,305
2563,532
2563,835
2563,1241
2563,1575
2563,1956
2563,2166
2563,2198
2563,2239
2563,2354
2563,3049
2563,3051
2563,3359
2563,3433
2563,3466
2563,3567
2563,3578
2563,4120
2563,4805
2563,5412
2563,6098
2563,6110
2563,6161
2563,6581
2563,7003
2563,7142
2563,7467
2564,1058
2564,1284
2564,1415
2564,1521
2564,1959
2564,1996
2564,2198
2564,2239
2564,2471
2564,3693
2564,4067
2564,4155
2564,4384
2564,4806
2564,5251
2564,5258
2564,5404
2564,5816
2564,5881
2564,7046
2564,7163
2564,7280
2564,7572
2565,95
2565,296
2565,495
2565,573
2565,575
2565,750
2565,930
2565,970
2565,1045
2565,1060
2565,1076
2565,1125
2565,1185
2565,1525
2565,1596
2565,1695
2565,1905
2565,1961
2565,1990
2565,2198
2565,2239
2565,2834
2565,2955
2565,3109
2565,3310
2565,3428
2565,3473
2565,3578
2565,3698
2565,3744
2565,3763
2565,3928
2565,3969
2565,4295
2565,4376
2565,4407
2565,4959
2565,5156
2565,5191
2565,5299
2565,5445
2565,5461
2565,6105
2565,6269
2565,6450
2565,6511
2565,6572
2565,6593
2565,6620
2565,6629
2565,6722
2565,6726
2565,7173
2565,7374
2565,7596
2566,2759
2566,4856
2567,526
2567,587
2567,669
2567,724
2567,785
2567,911
2567,1337
2567,1733
2567,2026
2567,2111
2567,2404
2567,2536
2567,2945
2567,3062
2567,3457
2567,3510
2567,4502
2567,4858
2567,5264
2567,5373
2567,5851
2567,6036
2567,6067
2567,6131
2567,6296
2567,6512
2567,6547
2567,6699
2567,6909
2567,7250
2567,7512
2567,7608
2568,526
2568,1521
2568,1607
2568,2625
2568,4653
2568,4957
2568,5132
2568,6243
2568,7250
2569,75
2569,593
2569,881
2569,1377
2569,1722
2569,1725
2569,2239
2569,3190
2569,3359
2569,3532
2569,3643
2569,3866
2569,4097
2569,5111
2569,5263
2569,6660
2569,6737
2569,7330
2569,7589
2570,156
2570,301
2570,395
2570,430
2570,514
2570,829
2570,864
2570,1001
2570,1188
2570,1388
2570,1891
2570,2223
2570,2288
2570,2355
2570,2834
2570,2863
2570,2879
2570,2918
2570,3031
2570,3260
2570,3378
2570,3407
2570,3793
2570,3855
2570,4094
2570,4121
2570,4189
2570,4617
2570,4654
2570,4762
2570,4799
2570,4913
2570,4973
2570,5425
2570,5771
2570,5796
2570,5899
2570,5912
2570,6058
2570,6536
2570,6724
2571,23
2571,61
2571,77
2571,85
2571,124
2571,192
2571,240
2571,260
2571,304
2571,346
2571,369
2571,455
2571,479
2571,500
2571,522
2571,593
2571,693
2571,727
2571,731
2571,762
2571,780
2571,795
2571,800
2571,811
2571,813
2571,841
2571,869
2571,945
2571,951
2571,1058
2571,1067
2571,1097
2571,1106
2571,1113
2571,1152
2571,1169
2571,1170
2571,1178
2571,1210
2571,1211
2571,1249
2571,1254
2571,1268
2571,1293
2571,1330
2571,1357
2571,1370
2571,1399
2571,1402
2571,1415
2571,1421
2571,1430
2571,1453
2571,1485
2571,1545
2571,1551
2571,1663
2571,1668
2571,1690
2571,1708
2571,1711
2571,1735
2571,1746
2571,1798
2571,1833
2571,1840
2571,1847
2571,1880
2571,1915
2571,1959
2571,1965
2571,1999
2571,2010
2571,2039
2571,2106
2571,2115
2571,2120
2571,2129
2571,2198
2571,2239
2571,2313
2571,2320
2571,2406
2571,2521
2571,2522
2571,2595
2571,2600
2571,2645
2571,2661
2571,2772
2571,2882
2571,3074
2571,3183
2571,3184
2571,3225
2571,3226
2571,3264
2571,3347
2571,3362
2571,3403
2571,3459
2571,3502
2571,3547
2571,3606
2571,3659
2571,3692
2571,3693
2571,3713
2571,3756
2571,3808
2571,3859
2571,3882
2571,3958
2571,4071
2571,4086
2571,4090
2571,4095
2571,4109
2571,4164
2571,4184
2571,4210
2571,4257
2571,4326
2571,4355
2571,4376
2571,4384
2571,4402
2571,4465
2571,4466
2571,4483
2571,4510
2571,4535
2571,4556
2571,4578
2571,4608
2571,4616
2571,4642
2571,4658
2571,4669
2571,4680
2571,4803
2571,4806
2571,4952
2571,5058
2571,5099
2571,5132
2571,5234
2571,5258
2571,5259
2571,5281
2571,5286
2571,5344
2571,5398
2571,5404
2571,5468
2571,5471
2571,5559
2571,5593
2571,5646
2571,5649
2571,5707
2571,5732
2571,5756
2571,5808
2571,5816
2571,5853
2571,5881
2571,5888
2571,5937
2571,5945
2571,5955
2571,5976
2571,6039
2571,6228
2571,6236
2571,6284
2571,6287
2571,6291
2571,6313
2571,6315
2571,6327
2571,6400
2571,6409
2571,6449
2571,6468
2571,6484
2571,6492
2571,6540
2571,6551
2571,6678
2571,6692
2571,6702
2571,6707
2571,6714
2571,6774
2571,6802
2571,6847
2571,6880
2571,6892
2571,6971
2571,7003
2571,7044
2571,7046
2571,7071
2571,7166
2571,7170
2571,7174
2571,7215
2571,7352
2571,7395
2571,7410
2571,7464
2571,7487
2571,7520
2571,7535
2571,7537
2571,7572
2571,7582
2571,7593
2571,7607
2571,7628
2572,92
2572,114
2572,389
2572,411
2572,2198
2572,2239
2572,2586
2572,2743
2572,2820
2572,3216
2572,3277
2572,3532
2572,3834
2572,3983
2572,4154
2572,4289
2572,4522
2572,4565
2572,4822
2572,6069
2572,6210
2572,6403
2572,6604
2572,6775
2572,6947
2572,7290
2572,7510
2572,7524
2572,7592
2573,69
2573,260
2573,473
2573,593
2573,726
2573,766
2573,951
2573,1058
2573,1152
2573,1178
2573,1210
2573,1268
2573,1370
2573,1415
2573,1453
2573,1684
2573,1899
2573,1959
2573,1999
2573,2129
2573,2198
2573,2239
2573,2370
2573,3074
2573,3183
2573,3370
2573,3748
2573,4071
2573,4164
2573,4241
2573,4376
2573,4384
2573,4536
2573,4578
2573,4608
2573,4805
2573,4806
2573,5132
2573,5251
2573,5286
2573,5296
2573,5404
2573,5459
2573,5707
2573,5740
2573,5881
2573,5937
2573,6551
2573,6702
2573,6933
2573,7003
2573,7091
2573,7171
2573,7464
2573,7572
2573,7582
2574,329
2574,523
2574,648
2574,752
2574,1252
2574,1261
2574,1335
2574,1394
2574,1731
2574,1987
2574,2213
2574,2265
2574,2414
2574,2527
2574,2997
2574,3240
2574,3339
2574,3351
2574,3566
2574,4282
2574,4462
2574,4823
2574,5315
2574,5550
2574,5571
2574,5778
2574,6123
2574,6142
2574,6548
2574,6558
2574,6721
2574,7267
2574,7414
2575,23
2575,33
2575,183
2575,431
2575,482
2575,593
2575,1214
2575,1226
2575,1421
2575,1498
2575,1723
2575,1798
2575,1899
2575,2013
2575,2198
2575,2313
2575,3184
2575,3363
2575,3377
2575,4074
2575,4086
2575,4376
2575,4465
2575,4538
2575,4669
2575,4864
2575,5015
2575,5082
2575,5139
2575,5201
2575,5756
2575,5979
2575,6313
2575,6414
2575,6484
2575,6597
2575,6673
2575,6702
2575,6849
2575,7071
2575,7085
2575,7103
2575,7174
2575,7296
2575,7353
2575,7464
2575,7568
2575,7607
2576,113
2576,308
2576,597
2576,1623
2576,3578
2576,4376
2576,7005
2576,7022
2576,7226
2576,7632
2577,432
2577,715
2577,771
2577,892
2577,1056
2577,1069
2577,1091
2577,1225
2577,1499
2577,1802
2577,2143
2577,2977
2577,2993
2577,3223
2577,3330
2577,3421
2577,3607
2577,3866
2577,3871
2577,3895
2577,3959
2577,4037
2577,4054
2577,4343
2577,4890
2577,5132
2577,5280
2577,5957
2577,5998
2577,6864
2577,7067
2577,7269
2577,7305
2577,7480
2577,7486
2577,7603
2578,354
2578,452
2578,547
2578,594
2578,624
2578,635
2578,792
2578,799
2578,823
2578,929
2578,1025
2578,1147
2578,1154
2578,1201
2578,1203
2578,1208
2578,1231
2578,1265
2578,1366
2578,1462
2578,1571
2578,1605
2578,1713
2578,1715
2578,1837
2578,1968
2578,1971
2578,2029
2578,2276
2578,2278
2578,2351
2578,2403
2578,2580
2578,2642
2578,2696
2578,2716
2578,2841
2578,2846
2578,2858
2578,3110
2578,3254
2578,3286
2578,3301
2578,3338
2578,3402
2578,3522
2578,3769
2578,3943
2578,4011
2578,4036
2578,4119
2578,4132
2578,4139
2578,4166
2578,4444
2578,4481
2578,4547
2578,4844
2578,4977
2578,4998
2578,5021
2578,5055
2578,5073
2578,5196
2578,5233
2578,5246
2578,5353
2578,5590
2578,5712
2578,5766
2578,6011
2578,6158
2578,6292
2578,6375
2578,6498
2578,6659
2578,6697
2578,6863
2578,6883
2578,6938
2578,6943
2578,7028
2578,7148
2578,7301
2578,7533
2578,7567
2578,7625
2579,212
2579,382
2579,584
2579,1252
2579,1287
2579,1317
2579,1465
2579,1810
2579,2002
2579,2215
2579,2231
2579,2325
2579,2392
2579,2488
2579,2673
2579,3083
2579,3506
2579,3539
2579,3559
2579,3574
2579,4220
2579,4282
2579,4427
2579,4584
2579,4893
2579,5101
2579,5292
2579,5665
2579,5798
2579,5851
2579,5917
2579,6026
2579,6070
2579,6123
2579,6412
2579,6677
2579,6679
2579,6713
2579,6843
2579,6920
2579,7006
2579,7107
2579,7131
2579,7401
2579,7422
2579,7478
2579,7569
2580,68
2580,104
2580,281
2580,304
2580,348
2580,354
2580,406
2580,416
2580,451
2580,452
2580,457
2580,547
2580,594
2580,624
2580,635
2580,792
2580,799
2580,823
2580,929
2580,1059
2580,1094
2580,1114
2580,1147
2580,1154
2580,1168
2580,1201
2580,1203
2580,1208
2580,1229
2580,1231
2580,1265
2580,1307
2580,1349
2580,1366
2580,1378
2580,1387
2580,1398
2580,1462
2580,1542
2580,1557
2580,1576
2580,1590
2580,1605
2580,1713
2580,1715
2580,1754
2580,1779
2580,1837
2580,1844
2580,1968
2580,1971
2580,2002
2580,2029
2580,2185
2580,2203
2580,2218
2580,2276
2580,2278
2580,2351
2580,2403
2580,2459
2580,2501
2580,2578
2580,2642
2580,2692
2580,2696
2580,2716
2580,2841
2580,2846
2580,2858
2580,2919
2580,2934
2580,2937
2580,3079
2580,3110
2580,3254
2580,3286
2580,3301
2580,3318
2580,3338
2580,3402
2580,3505
2580,3522
2580,3535
2580,3556
2580,3611
2580,3671
2580,3694
2580,3769
2580,3863
2580,3943
2580,4011
2580,4036
2580,4119
2580,4132
2580,4139
2580,4166
2580,4222
2580,4364
2580,4444
2580,4481
2580,4547
2580,4550
2580,4568
2580,4737
2580,4825
2580,4844
2580,4859
2580,4888
2580,4927
2580,4977
2580,4998
2580,5021
2580,5055
2580,5073
2580,5087
2580,5096
2580,5112
2580,5149
2580,5196
2580,5233
2580,5246
2580,5353
2580,5590
2580,5645
2580,5712
2580,5766
2580,5800
2580,5956
2580,6011
2580,6158
2580,6292
2580,6375
2580,6455
2580,6498
2580,6638
2580,6659
2580,6697
2580,6699
2580,6710
2580,6781
2580,6833
2580,6863
2580,6883
2580,6938
2580,6943
2580,7002
2580,7004
2580,7028
2580,7083
2580,7148
2580,7174
2580,7189
2580,7301
2580,7350
2580,7358
2580,7466
2580,7533
2580,7567
2580,7625
2581,28
2581,360
2581,403
2581,526
2581,672
2581,922
2581,1280
2581,1429
2581,1470
2581,1744
2581,1749
2581,1797
2581,1899
2581,2093
2581,2111
2581,2216
2581,2286
2581,2376
2581,2447
2581,2917
2581,2988
2581,3510
2581,3585
2581,3721
2581,3962
2581,3964
2581,4116
2581,4679
2581,4754
2581,4805
2581,5063
2581,5064
2581,5264
2581,5295
2581,5335
2581,5437
2581,6038
2581,6388
2581,6458
2581,6569
2581,6600
2581,6909
2581,7130
2581,7233
2581,7250
2581,7312
2581,7328
2582,82
2582,840
2582,2424
2582,3308
2582,4678
2582,5687
2582,5800
2582,6238
2583,621
2583,769
2583,1359
2583,2210
2583,3295
2583,3329
2583,3942
2583,4118
2583,4482
2583,4725
2583,5458
2583,5680
2583,6516
2583,7376
2585,30
2585,150
2585,195
2585,200
2585,394
2585,872
2585,1068
2585,1107
2585,1338
2585,1443
2585,1534
2585,1964
2585,2316
2585,2505
2585,2662
2585,3086
2585,3107
2585,3233
2585,3267
2585,3396
2585,3525
2585,3676
2585,3956
2585,4025
2585,4051
2585,4665
2585,4875
2585,5458
2585,5563
2585,6051
2585,6225
2585,6299
2585,6337
2585,6392
2585,6493
2585,6606
2585,6621
2585,6633
2585,6773
2585,6886
2586,28
2586,39
2586,48
2586,75
2586,105
2586,106
2586,107
2586,143
2586,152
2586,211
2586,217
2586,248
2586,260
2586,262
2586,269
2586,410
2586,411
2586,421
2586,456
2586,473
2586,474
2586,490
2586,582
2586,593
2586,597
2586,616
2586,629
2586,680
2586,756
2586,811
2586,843
2586,863
2586,924
2586,964
2586,1034
2586,1098
2586,1139
2586,1182
2586,1184
2586,1185
2586,1215
2586,1228
2586,1245
2586,1357
2586,1361
2586,1379
2586,1389
2586,1409
2586,1415
2586,1442
2586,1467
2586,1603
2586,1722
2586,1725
2586,1872
2586,1875
2586,1894
2586,1907
2586,1911
2586,1913
2586,1948
2586,1999
2586,2024
2586,2030
2586,2062
2586,2070
2586,2084
2586,2198
2586,2211
2586,2239
2586,2306
2586,2415
2586,2532
2586,2572
2586,2588
2586,2610
2586,2678
2586,2701
2586,2738
2586,2761
2586,2801
2586,2820
2586,2871
2586,2919
2586,3015
2586,3022
2586,3049
2586,3052
2586,3185
2586,3194
2586,3207
2586,3221
2586,3224
2586,3277
2586,3320
2586,3561
2586,3578
2586,3585
2586,3591
2586,3646
2586,3683
2586,3689
2586,3742
2586,3849
2586,3854
2586,3856
2586,3891
2586,4031
2586,4055
2586,4067
2586,4098
2586,4141
2586,4164
2586,4186
2586,4210
2586,4259
2586,4294
2586,4373
2586,4376
2586,4522
2586,4569
2586,4570
2586,4719
2586,4731
2586,4805
2586,4822
2586,4831
2586,4846
2586,4900
2586,4956
2586,4989
2586,4991
2586,5001
2586,5143
2586,5188
2586,5195
2586,5263
2586,5289
2586,5362
2586,5368
2586,5396
2586,5404
2586,5474
2586,5530
2586,5564
2586,5646
2586,5674
2586,5708
2586,5734
2586,5768
2586,5843
2586,5853
2586,5864
2586,5997
2586,6024
2586,6079
2586,6082
2586,6128
2586,6159
2586,6176
2586,6210
2586,6297
2586,6301
2586,6338
2586,6389
2586,6451
2586,6562
2586,6594
2586,6620
2586,6731
2586,6761
2586,6804
2586,6815
2586,6850
2586,6878
2586,6898
2586,6901
2586,6947
2586,6960
2586,7020
2586,7032
2586,7035
2586,7054
2586,7072
2586,7097
2586,7128
2586,7276
2586,7293
2586,7298
2586,7359
2586,7365
2586,7395
2586,7430
2586,7503
2586,7582
2586,7589
2587,85
2587,143
2587,260
2587,576
2587,784
2587,789
2587,874
2587,934
2587,1210
2587,1293
2587,1317
2587,1357
2587,1415
2587,1730
2587,1899
2587,1971
2587,2104
2587,2198
2587,2239
2587,2339
2587,2370
2587,2440
2587,2461
2587,3049
2587,3050
2587,3115
2587,3177
2587,3304
2587,3522
2587,3540
2587,3578
2587,3982
2587,4090
2587,4164
2587,4210
2587,4376
2587,4384
2587,4448
2587,4570
2587,4592
2587,4595
2587,4805
2587,5037
2587,5132
2587,5404
2587,5507
2587,5832
2587,5881
2587,5967
2587,6140
2587,6193
2587,6354
2587,6409
2587,6551
2587,6723
2587,6848
2587,6883
2587,6933
2587,6954
2587,6961
2587,6981
2587,7003
2587,7116
2587,7572
2588,40
2588,143
2588,161
2588,456
2588,881
2588,1064
2588,1185
2588,1904
2588,2113
2588,2145
2588,2400
2588,2586
2588,2626
2588,2678
2588,2964
2588,3275
2588,3330
2588,3339
2588,3503
2588,3643
2588,3726
2588,3888
2588,3990
2588,4173
2588,4186
2588,4735
2588,4940
2588,5022
2588,5511
2588,5993
2588,6369
2588,6403
2588,6452
2588,6777
2588,6878
2588,6992
2588,7032
2588,7330
2589,203
2589,2234
2589,3779
2589,4009
2589,4116
2589,4653
2589,4747
2589,6110
2589,6470
2589,7000
2589,7113
2590,2517
2590,2554
2590,5927
2590,6598
2591,7
2591,1306
2591,2180
2591,2849
2591,3057
2591,4133
2592,593
2592,2981
2592,3049
2592,4805
2592,5070
2592,5404
2592,5612
2592,6024
2592,6492
2592,6787
2593,525
2593,548
2593,3405
2593,3709
2593,5499
2593,6048
2593,7087
2593,7169
2594,53
2594,691
2594,1756
2594,2492
2594,3219
2594,3675
2594,3823
2594,3894
2594,4646
2594,5603
2594,5605
2594,7031
2595,260
2595,304
2595,357
2595,446
2595,593
2595,766
2595,1058
2595,1210
2595,1284
2595,1293
2595,1453
2595,1817
2595,1854
2595,2198
2595,2239
2595,2571
2595,2770
2595,3203
2595,3578
2595,3748
2595,3796
2595,3895
2595,4164
2595,4253
2595,4376
2595,4622
2595,4774
2595,4805
2595,5132
2595,5143
2595,5212
2595,5881
2595,6098
2595,6702
2595,7269
2595,7296
2595,7481
2595,7572
2596,275
2596,328
2596,749
2596,828
2596,850
2596,1122
2596,1609
2596,1969
2596,2090
2596,2187
2596,2235
2596,2250
2596,2260
2596,2975
2596,3116
2596,3722
2596,4412
2596,4960
2596,5045
2596,5409
2596,5753
2596,5848
2596,5906
2596,6250
2596,6357
2596,6363
2596,6372
2596,6416
2596,7073
2597,456
2597,1025
2597,2020
2597,3735
2597,4235
2597,5075
2597,6768
2597,6809
2597,6814
2597,7175
2597,7372
2598,319
2598,484
2598,593
2598,622
2598,1100
2598,1186
2598,1206
2598,1744
2598,1838
2598,2198
2598,2615
2598,3020
2598,3152
2598,3510
2598,3704
2598,3951
2598,4127
2598,4380
2598,4641
2598,4805
2598,5013
2598,5234
2598,5441
2598,5556
2598,5679
2598,6673
2598,6807
2600,69
2600,260
2600,500
2600,593
2600,731
2600,789
2600,839
2600,1058
2600,1268
2600,1293
2600,1368
2600,1415
2600,1453
2600,1545
2600,1959
2600,2033
2600,2106
2600,2129
2600,2198
2600,2239
2600,2370
2600,2377
2600,2471
2600,2571
2600,3070
2600,3183
2600,3185
2600,3502
2600,3693
2600,3748
2600,3808
2600,3867
2600,3895
2600,3926
2600,3996
2600,4080
2600,4157
2600,4184
2600,4384
2600,4531
2600,4608
2600,4806
2600,5194
2600,5251
2600,5296
2600,5344
2600,5404
2600,5415
2600,5707
2600,5730
2600,5740
2600,5816
2600,5881
2600,5937
2600,6021
2600,6075
2600,6492
2600,6551
2600,6702
2600,6707
2600,6895
2600,7003
2600,7071
2600,7296
2600,7330
2600,7395
2600,7535
2600,7572
2600,7582
2600,7607
2601,870
2602,142
2602,620
2602,2168
2602,3845
2602,4379
2602,4950
2602,5107
2602,5361
2602,5934
2602,7080
2603,275
2603,1696
2603,1759
2603,4539
2603,4614
2603,4739
2603,5512
2604,443
2604,652
2604,1961
2604,2758
2604,2996
2604,3101
2604,3507
2604,3716
2604,4112
2604,5156
2604,5969
2604,6751
2605,54
2605,581
2605,932
2605,1237
2605,2318
2605,2388
2605,2528
2605,3201
2605,3361
2605,3412
2605,3423
2605,4237
2605,4399
2605,4861
2605,5124
2605,5163
2605,5762
2605,6138
2605,6550
2605,7405
2605,7460
2605,7544
2606,21
2606,93
2606,195
2606,373
2606,872
2606,941
2606,988
2606,1087
2606,1107
2606,1161
2606,1443
2606,1450
2606,1536
2606,1576
2606,1964
2606,2034
2606,2136
2606,2316
2606,2353
2606,3396
2606,3622
2606,3993
2606,4025
2606,4051
2606,4328
2606,4346
2606,4501
2606,4698
2606,5918
2606,6051
2606,6504
2606,6814
2606,6817
2606,7155
2606,7427
2607,630
2607,887
2607,1166
2607,1503
2607,1556
2607,1946
2607,1952
2607,2077
2607,2236
2607,2319
2607,2436
2607,2749
2607,2833
2607,2963
2607,3461
2607,3495
2607,3645
2607,3705
2607,3934
2607,4108
2607,4272
2607,4779
2607,5065
2607,5093
2607,5221
2607,5616
2607,5885
2607,6433
2607,6656
2607,7019
2607,7367
2608,101
2608,108
2608,171
2608,241
2608,394
2608,941
2608,988
2608,1340
2608,1403
2608,1416
2608,1443
2608,1556
2608,1800
2608,2014
2608,2056
2608,2412
2608,2428
2608,2646
2608,2785
2608,2799
2608,2833
2608,3086
2608,3159
2608,3222
2608,3227
2608,3425
2608,3429
2608,3442
2608,3729
2608,3819
2608,3823
2608,3869
2608,4665
2608,4738
2608,4935
2608,4961
2608,5260
2608,5560
2608,5563
2608,5578
2608,5638
2608,5817
2608,5872
2608,6642
2608,6813
2608,7334
2608,7427
2608,7447
2608,7594
2609,412
2609,537
2609,848
2609,1054
2609,1616
2609,1648
2609,1672
2609,1759
2609,1864
2609,2192
2609,2235
2609,2250
2609,2281
2609,2324
2609,2357
2609,2754
2609,2775
2609,2849
2609,3116
2609,3326
2609,3371
2609,3825
2609,3840
2609,4666
2609,4960
2609,5257
2609,5497
2609,5512
2609,6465
2609,7255
2610,143
2610,629
2610,881
2610,1185
2610,1483
2610,2145
2610,2299
2610,2454
2610,2586
2610,2626
2610,2795
2610,3990
2610,4735
2610,4876
2610,4892
2610,4904
2610,4940
2610,4982
2610,4987
2610,5396
2610,5936
2610,5993
2610,6588
2610,6898
2610,7032
2610,7330
2611,856
2611,1070
2611,1185
2611,2701
2611,6563
2611,7128
2611,7556
2612,852
2612,980
2612,1036
2612,1118
2612,1198
2612,2222
2612,2739
2612,3026
2612,3557
2612,3573
2612,4320
2612,4362
2612,4725
2612,4757
2612,5535
2612,5986
2612,6293
2612,6298
2612,6328
2612,6358
2612,6684
2612,6719
2612,6851
2612,6868
2612,7153
2613,621
2613,769
2613,2068
2613,2162
2613,2390
2613,2695
2613,3329
2613,3405
2613,3709
2613,4172
2613,4482
2613,4507
2613,4520
2613,4555
2613,4621
2613,4725
2613,5014
2613,5284
2613,5499
2613,5604
2613,5763
2613,5971
2613,6274
2613,6572
2613,6575
2613,6908
2613,7191
2613,7332
2613,7441
2613,7579
2613,7591
2614,27
2614,61
2614,258
2614,269
2614,377
2614,593
2614,633
2614,863
2614,1997
2614,2198
2614,2239
2614,2380
2614,3152
2614,3185
2614,3277
2614,3359
2614,3364
2614,3428
2614,3594
2614,4111
2614,4203
2614,4230
2614,4352
2614,4380
2614,4393
2614,4522
2614,4669
2614,4768
2614,5006
2614,5199
2614,5214
2614,5372
2614,5543
2614,5707
2614,5797
2614,6437
2614,6468
2614,6526
2614,6551
2614,6678
2614,6702
2614,6707
2614,7247
2614,7395
2614,7628
2615,42
2615,400
2615,596
2615,659
2615,774
2615,924
2615,1476
2615,1517
2615,1671
2615,1744
2615,1797
2615,1899
2615,2123
2615,2198
2615,2206
2615,2381
2615,2598
2615,3105
2615,3138
2615,3160
2615,3623
2615,3704
2615,3721
2615,3876
2615,4161
2615,4241
2615,4243
2615,4347
2615,4408
2615,4870
2615,4895
2615,4946
2615,5037
2615,5048
2615,5070
2615,5372
2615,5415
2615,5651
2615,5734
2615,5853
2615,5878
2615,6152
2615,6414
2615,6475
2615,6887
2615,7003
2615,7021
2615,7105
2615,7527
2616,414
2616,1559
2616,1765
2616,1839
2616,4192
2616,4736
2616,4818
2616,4837
2616,5642
2616,5822
2616,6405
2616,6776
2616,7256
2616,7595
2617,85
2617,201
2617,304
2617,593
2617,789
2617,904
2617,955
2617,1058
2617,1113
2617,1293
2617,1368
2617,1453
2617,1478
2617,1621
2617,1798
2617,2106
2617,2215
2617,2370
2617,2377
2617,2406
2617,2744
2617,2765
2617,2852
2617,2911
2617,3025
2617,3183
2617,3311
2617,3895
2617,3948
2617,4080
2617,4248
2617,4253
2617,4366
2617,4376
2617,4384
2617,4806
2617,4865
2617,4952
2617,5099
2617,5296
2617,5641
2617,5714
2617,5816
2617,5952
2617,6412
2617,6551
2617,6618
2617,6760
2617,6811
2617,7525
2618,258
2618,345
2618,479
2618,593
2618,717
2618,1668
2618,1880
2618,1918
2618,1965
2618,2030
2618,2048
2618,2129
2618,2808
2618,3262
2618,3748
2618,4161
2618,4376
2618,4570
2618,4616
2618,4946
2618,5224
2618,5372
2618,7044
2618,7320
2618,7369
2618,7582
2619,361
2619,440
2619,577
2619,873
2619,1998
2619,2025
2619,2252
2619,2367
2619,3152
2619,3208
2619,3856
2619,4520
2619,4793
2619,4878
2619,4939
2619,5322
2619,5988
2619,5991
2619,6065
2619,6304
2619,7034
2619,7132
2619,7329
2620,62
2620,85
2620,103
2620,124
2620,240
2620,593
2620,683
2620,1287
2620,1293
2620,1368
2620,1453
2620,1478
2620,1511
2620,1621
2620,1874
2620,2013
2620,2086
2620,2106
2620,2143
2620,2194
2620,2198
2620,2215
2620,2239
2620,2320
2620,2744
2620,2852
2620,2911
2620,3025
2620,3183
2620,3225
2620,3370
2620,3538
2620,3559
2620,3593
2620,3671
2620,3734
2620,3895
2620,4037
2620,4080
2620,4177
2620,4233
2620,4253
2620,4262
2620,4384
2620,4407
2620,4737
2620,4785
2620,4952
2620,5296
2620,5507
2620,5626
2620,5641
2620,5730
2620,5756
2620,5839
2620,6016
2620,6487
2620,6618
2620,6760
2620,6848
2620,6933
2620,6961
2620,7067
2620,7171
2620,7197
2620,7269
2620,7296
2620,7385
2620,7580
2620,7628
2621,149
2621,305
2621,616
2621,947
2621,1347
2621,1495
2621,1961
2621,2106
2621,2179
2621,2239
2621,3152
2621,3171
2621,3394
2621,3698
2621,3710
2621,4049
2621,4080
2621,5654
2621,6297
2621,7369
2621,7395
2622,316
2622,328
2622,463
2622,516
2622,517
2622,537
2622,570
2622,698
2622,787
2622,801
2622,806
2622,877
2622,879
2622,882
2622,909
2622,1038
2622,1391
2622,1734
2622,1969
2622,1983
2622,2099
2622,2103
2622,2132
2622,2134
2622,2147
2622,2324
2622,2387
2622,2446
2622,2474
2622,2635
2622,2768
2622,2854
2622,2861
2622,3090
2622,3272
2622,3291
2622,3305
2622,3324
2622,3529
2622,3543
2622,3597
2622,3663
2622,3805
2622,4038
2622,4142
2622,4264
2622,4281
2622,4312
2622,4467
2622,4548
2622,4603
2622,4614
2622,4619
2622,4751
2622,4759
2622,5028
2622,5706
2622,5828
2622,6143
2622,6212
2622,6391
2622,6534
2622,6997
2622,7061
2622,7144
2622,7272
2622,7366
2622,7555
2622,7630
2623,10
2623,349
2623,605
2623,1264
2623,1736
2623,1881
2623,1980
2623,2090
2623,2337
2623,2435
2623,2777
2623,3583
2623,3678
2623,3717
2623,3749
2623,4509
2623,4723
2623,4829
2623,4992
2623,5110
2623,5509
2623,5929
2623,6357
2623,6628
2623,7308
2623,7348
2623,7437
2623,7513
2624,215
2624,990
2624,1660
2624,3567
2624,4009
2624,4227
2624,5435
2624,5593
2624,6110
2624,6675
2624,6909
2624,7000
2624,7325
2625,308
2625,861
2625,1321
2625,1325
2625,1566
2625,1572
2625,1607
2625,1682
2625,1794
2625,1990
2625,2028
2625,2258
2625,2490
2625,2568
2625,2993
2625,3052
2625,3492
2625,3732
2625,3887
2625,3959
2625,4185
2625,4890
2625,4957
2625,5386
2625,5589
2625,5944
2625,6243
2625,7125
2625,7222
2625,7226
2625,7452
2625,7466
2626,39
2626,48
2626,75
2626,106
2626,107
2626,248
2626,260
2626,295
2626,456
2626,490
2626,495
2626,526
2626,629
2626,655
2626,680
2626,766
2626,785
2626,808
2626,834
2626,964
2626,1064
2626,1098
2626,1212
2626,1215
2626,1228
2626,1245
2626,1252
2626,1453
2626,1472
2626,1486
2626,1722
2626,1776
2626,1863
2626,1894
2626,2024
2626,2084
2626,2118
2626,2143
2626,2145
2626,2198
2626,2211
2626,2529
2626,2588
2626,2610
2626,2648
2626,2678
2626,2701
2626,2905
2626,2993
2626,3194
2626,3320
2626,3578
2626,3585
2626,3643
2626,3748
2626,3895
2626,3990
2626,4006
2626,4098
2626,4164
2626,4186
2626,4259
2626,4376
2626,4569
2626,4719
2626,4822
2626,4991
2626,5001
2626,5032
2626,5132
2626,5216
2626,5368
2626,5396
2626,5397
2626,5404
2626,5936
2626,5993
2626,6276
2626,6301
2626,6379
2626,6417
2626,6447
2626,6563
2626,6572
2626,6721
2626,6872
2626,6878
2626,6898
2626,6901
2626,6909
2626,7007
2626,7032
2626,7359
2626,7409
2626,7589
2627,456
2627,495
2627,552
2627,593
2627,780
2627,1058
2627,1195
2627,1546
2627,1586
2627,1744
2627,1929
2627,1979
2627,2198
2627,2239
2627,3049
2627,3295
2627,3545
2627,3578
2627,3887
2627,4376
2627,4670
2627,4805
2627,5070
2627,5213
2627,5415
2627,5664
2627,7003
2627,7467
2627,7481
2627,7587
2628,593
2628,622
2628,1018
2628,1100
2628,1797
2628,1838
2628,2198
2628,3704
2628,3720
2628,3799
2628,4641
2628,5013
2628,5042
2628,5441
2628,5493
2628,5584
2628,6702
2629,111
2629,253
2629,807
2629,985
2629,1062
2629,1078
2629,1353
2629,1990
2629,2037
2629,3120
2629,3336
2629,3405
2629,3654
2629,3709
2629,3739
2629,4118
2629,4185
2629,4521
2629,4562
2629,5758
2629,5863
2629,6422
2629,7195
2629,7332
2630,2883
2631,40
2631,1436
2631,2414
2631,3344
2631,3510
2631,5044
2631,6548
2631,7088
2632,352
2632,382
2632,526
2632,628
2632,942
2632,1196
2632,1291
2632,1465
2632,1521
2632,1716
2632,1739
2632,2215
2632,2325
2632,2525
2632,2703
2632,2903
2632,3209
2632,3506
2632,3559
2632,4153
2632,4164
2632,4376
2632,4725
2632,5120
2632,5798
2632,5869
2632,5917
2632,6029
2632,6408
2632,6610
2632,6713
2632,6760
2632,6909
2632,7296
2633,3331
2633,3492
2633,4116
2633,4196
2633,4967
2633,7518
2634,183
2634,593
2634,622
2634,835
2634,1058
2634,1744
2634,2553
2634,3704
2634,3799
2634,4116
2634,4641
2634,4805
2634,5234
2634,5415
2634,5441
2634,5982
2634,6475
2634,6702
2634,7003
2635,189
2635,316
2635,328
2635,801
2635,806
2635,828
2635,1391
2635,1696
2635,1759
2635,1849
2635,1969
2635,1972
2635,1983
2635,2090
2635,2114
2635,2260
2635,2281
2635,2324
2635,2357
2635,2622
2635,3272
2635,3528
2635,3597
2635,3840
2635,4312
2635,4666
2635,4739
2635,5448
2635,6046
2635,6212
2635,6465
2635,6534
2635,6679
2635,6793
2635,7272
2636,704
2636,1416
2636,2872
2637,169
2637,183
2637,552
2637,593
2637,710
2637,924
2637,945
2637,1058
2637,1152
2637,1472
2637,1513
2637,1744
2637,1796
2637,1899
2637,1993
2637,2198
2637,2380
2637,2432
2637,2553
2637,2738
2637,3051
2637,3578
2637,3623
2637,3648
2637,3721
2637,4376
2637,4538
2637,4546
2637,4573
2637,4669
2637,4680
2637,4805
2637,5070
2637,5290
2637,5404
2637,5441
2637,5881
2637,5903
2637,5979
2637,5982
2637,6188
2637,6315
2637,6354
2637,6414
2637,6669
2637,6673
2637,6702
2637,6847
2637,6849
2637,6952
2637,7003
2637,7021
2637,7203
2637,7337
2637,7464
2637,7477
2637,7607
2638,932
2638,1237
2638,1855
2638,2130
2638,2343
2638,2362
2638,4237
2639,85
2639,616
2639,1453
2639,1575
2639,2883
2639,2974
2639,3177
2639,3718
2639,4376
2639,4384
2639,5641
2639,7265
2640,258
2640,593
2640,2198
2640,2239
2640,3295
2640,5008
2640,6702
2641,589
2642,281
2642,348
2642,354
2642,452
2642,457
2642,547
2642,594
2642,624
2642,635
2642,792
2642,799
2642,823
2642,929
2642,1025
2642,1147
2642,1201
2642,1203
2642,1208
2642,1231
2642,1265
2642,1366
2642,1462
2642,1542
2642,1571
2642,1837
2642,1968
2642,1971
2642,2029
2642,2278
2642,2403
2642,2578
2642,2580
2642,2846
2642,2858
2642,2934
2642,3286
2642,3338
2642,3402
2642,3522
2642,3769
2642,3943
2642,4036
2642,4119
2642,4139
2642,4166
2642,4481
2642,4550
2642,4977
2642,4998
2642,5021
2642,5055
2642,5073
2642,5196
2642,5233
2642,5712
2642,5766
2642,6011
2642,6158
2642,6292
2642,6375
2642,6498
2642,6659
2642,6697
2642,6710
2642,6863
2642,6883
2642,6938
2642,7028
2642,7148
2642,7301
2642,7533
2642,7625
2643,972
2643,1122
2643,1759
2643,1864
2643,2037
2643,2114
2643,2132
2643,2260
2643,2281
2643,2327
2643,2357
2643,3167
2643,3392
2643,4666
2643,5451
2643,6104
2643,6164
2643,6465
2643,6679
2643,6772
2643,6842
2643,6956
2643,7118
2643,7255
2643,7566
2644,195
2644,993
2644,2052
2644,3331
2644,3856
2644,4573
2644,4775
2644,5454
2644,7190
2645,446
2645,593
2645,1058
2645,1152
2645,1210
2645,1415
2645,1634
2645,1796
2645,1899
2645,1993
2645,2198
2645,2239
2645,2571
2645,2913
2645,3049
2645,3152
2645,3438
2645,3715
2645,3748
2645,4164
2645,4376
2645,4384
2645,4573
2645,4805
2645,5070
2645,5404
2645,5415
2645,5641
2645,5649
2645,5881
2645,5982
2645,6284
2645,6354
2645,6414
2645,6669
2645,6702
2645,6847
2645,7003
2645,7289
2646,549
2646,650
2646,1338
2646,1416
2646,1674
2646,2078
2646,2422
2646,2608
2646,2803
2646,3038
2646,3154
2646,3354
2646,3993
2646,4452
2646,4533
2646,4665
2646,4867
2646,5539
2646,5723
2646,6493
2646,6556
2646,6606
2646,6845
2646,6991
2646,7160
2646,7281
2646,7482
2646,7621
2647,29
2647,773
2647,3375
2647,3988
2647,6290
2647,6860
2648,1
2648,73
2648,143
2648,456
2648,490
2648,1066
2648,1280
2648,1429
2648,1940
2648,2113
2648,2118
2648,2626
2648,3503
2648,4033
2648,4735
2648,4940
2648,4987
2648,6369
2648,6417
2648,6452
2648,6563
2648,7032
2648,7128
2648,7330
2648,7445
2648,7556
2649,183
2649,261
2649,319
2649,456
2649,484
2649,593
2649,622
2649,633
2649,906
2649,1100
2649,1838
2649,1966
2649,2102
2649,2198
2649,2239
2649,2553
2649,3020
2649,3235
2649,3384
2649,3578
2649,3856
2649,3946
2649,4023
2649,4127
2649,4380
2649,4538
2649,4641
2649,4805
2649,4848
2649,4895
2649,4954
2649,5013
2649,5050
2649,5234
2649,5241
2649,5255
2649,5441
2649,5493
2649,5518
2649,5679
2649,5734
2649,5744
2649,5982
2649,6098
2649,6345
2649,6409
2649,6551
2649,6673
2649,6702
2649,6759
2649,7247
2649,7337
2649,7477
2649,7518
2649,7577
2650,269
2650,352
2650,552
2650,593
2650,616
2650,1058
2650,1650
2650,1796
2650,2198
2650,2205
2650,2738
2650,3469
2650,3581
2650,3704
2650,3748
2650,4376
2650,4479
2650,4573
2650,4641
2650,4670
2650,4715
2650,4805
2650,5070
2650,5132
2650,5234
2650,6219
2650,6464
2650,6702
2650,6847
2650,6909
2650,7130
2651,2709
2652,1475
2652,1830
2652,5383
2652,6185
2652,7214
2653,196
2653,833
2653,2817
2653,3812
2653,3896
2653,4273
2653,4338
2653,7047
2654,284
2654,315
2654,554
2654,557
2654,580
2654,682
2654,794
2654,1079
2654,1656
2654,1772
2654,1953
2654,2757
2654,3376
2654,3391
2654,3741
2654,3880
2654,3892
2654,3997
2654,4008
2654,4077
2654,4112
2654,4143
2654,4208
2654,4280
2654,4426
2654,4673
2654,4899
2654,5914
2654,6111
2654,6623
2654,6645
2654,6653
2654,6712
2654,7314
2654,7541
2654,7615
2655,5
2655,91
2655,352
2655,526
2655,655
2655,808
2655,898
2655,975
2655,1196
2655,2112
2655,2279
2655,2404
2655,2917
2655,3062
2655,3270
2655,3559
2655,3784
2655,4042
2655,4069
2655,5115
2655,5813
2655,6067
2655,6296
2655,7250
2655,7512
2655,7608
2656,1830
2656,3500
2657,69
2657,85
2657,201
2657,260
2657,527
2657,593
2657,789
2657,904
2657,1058
2657,1210
2657,1268
2657,1293
2657,1368
2657,1415
2657,1453
2657,1478
2657,1621
2657,1634
2657,1959
2657,2033
2657,2170
2657,2198
2657,2215
2657,2377
2657,2770
2657,2911
2657,2974
2657,3183
2657,3362
2657,3538
2657,3659
2657,3895
2657,4164
2657,4184
2657,4376
2657,4384
2657,4578
2657,4680
2657,4952
2657,5296
2657,5351
2657,5404
2657,5707
2657,5714
2657,5816
2657,6208
2657,6216
2657,6707
2657,6848
2657,7280
2657,7296
2657,7535
2657,7572
2657,7582
2658,481
2658,812
2658,1622
2658,3904
2658,4244
2658,4485
2658,4487
2658,4498
2658,6106
2658,6488
2659,60
2659,291
2659,304
2659,317
2659,689
2659,1011
2659,1106
2659,1284
2659,1349
2659,1357
2659,1453
2659,1472
2659,1575
2659,1590
2659,2198
2659,2275
2659,2716
2659,2956
2659,3183
2659,3762
2659,4210
2659,4376
2659,4384
2659,4642
2659,5070
2659,5139
2659,5296
2659,5641
2659,6034
2659,6492
2659,6537
2659,6749
2659,6787
2659,7320
2660,1058
2660,1642
2660,2170
2660,2267
2660,4376
2660,4714
2660,6952
2660,7250
2660,7448
2661,77
2661,89
2661,258
2661,260
2661,369
2661,482
2661,562
2661,593
2661,633
2661,800
2661,811
2661,868
2661,1113
2661,1206
2661,1377
2661,1467
2661,1513
2661,1614
2661,1663
2661,1738
2661,1798
2661,2039
2661,2106
2661,2198
2661,2239
2661,2571
2661,3185
2661,3251
2661,3277
2661,3377
2661,3532
2661,4154
2661,4184
2661,4230
2661,4253
2661,4402
2661,4522
2661,4578
2661,4680
2661,4983
2661,5103
2661,5148
2661,5258
2661,5311
2661,5324
2661,5404
2661,5415
2661,5707
2661,5799
2661,6208
2661,6551
2661,6646
2661,6702
2661,6707
2661,7071
2661,7170
2661,7280
2661,7330
2661,7353
2661,7395
2661,7464
2661,7535
2661,7607
2662,549
2662,873
2662,878
2662,1175
2662,1295
2662,1416
2662,2014
2662,2034
2662,2136
2662,2422
2662,2585
2662,2799
2662,2833
2662,2876
2662,3038
2662,3154
2662,3159
2662,3327
2662,3633
2662,3729
2662,3869
2662,4533
2662,4665
2662,4867
2662,5723
2662,5922
2662,6352
2662,6493
2662,6556
2662,6845
2662,6991
2662,7281
2662,7334
2662,7621
2663,20
2663,149
2663,192
2663,213
2663,305
2663,306
2663,606
2663,930
2663,1108
2663,1467
2663,1551
2663,1563
2663,1586
2663,1603
2663,1700
2663,1757
2663,1831
2663,2071
2663,2198
2663,2205
2663,2239
2663,2334
2663,3171
2663,3277
2663,3298
2663,3359
2663,3501
2663,3591
2663,3689
2663,3698
2663,3710
2663,3891
2663,4039
2663,4479
2663,4729
2663,5155
2663,5398
2663,5412
2663,5420
2663,5445
2663,5984
2663,6078
2663,6297
2663,6354
2663,6511
2663,6620
2663,6707
2663,7072
2663,7295
2663,7305
2663,7374
2663,7596
2663,7599
2664,495
2664,867
2664,1013
2664,1418
2664,1802
2664,2258
2664,2375
2664,3098
2664,3134
2664,3296
2664,3578
2664,3866
2664,3895
2664,4054
2664,5234
2664,5676
2664,6211
2664,7067
2664,7296
2664,7370
2665,564
2665,1435
2665,2057
2665,3478
2665,4277
2665,4327
2665,4882
2665,7223
2666,1162
2666,1819
2666,3143
2666,4655
2666,5927
2666,6130
2666,6855
2666,7198
2667,186
2667,335
2667,1785
2667,1900
2667,2364
2667,2892
2667,2899
2667,2953
2667,3283
2667,4105
2667,4403
2667,4905
2667,5117
2667,5619
2667,5711
2667,7411
2667,7458
2667,7506
2668,293
2668,863
2668,6551
2669,53
2669,889
2669,1441
2669,3525
2669,5085
2669,5605
2670,2139
2670,4753
2670,7436
2671,23
2671,85
2671,260
2671,369
2671,475
2671,542
2671,593
2671,727
2671,1067
2671,1113
2671,1170
2671,1210
2671,1284
2671,1293
2671,1368
2671,1453
2671,1472
2671,1634
2671,1663
2671,1784
2671,1798
2671,2106
2671,2198
2671,2725
2671,2855
2671,2888
2671,3532
2671,3538
2671,3693
2671,3748
2671,3958
2671,4326
2671,4376
2671,4384
2671,4680
2671,4847
2671,4864
2671,4952
2671,5084
2671,5707
2671,5740
2671,5756
2671,5799
2671,5816
2671,5859
2671,5945
2671,5955
2671,6100
2671,6265
2671,6492
2671,6551
2671,6701
2671,6702
2671,6707
2671,6892
2671,6906
2671,6933
2671,6971
2671,7067
2671,7071
2671,7085
2671,7280
2671,7296
2671,7535
2671,7537
2672,2164
2672,2831
2672,6379
2672,7420
2673,212
2673,382
2673,584
2673,1189
2673,1252
2673,1287
2673,1291
2673,1549
2673,1624
2673,2205
2673,2215
2673,2579
2673,2703
2673,2903
2673,2999
2673,3083
2673,3125
2673,3506
2673,3513
2673,3559
2673,3574
2673,3702
2673,3751
2673,4067
2673,4153
2673,4384
2673,4427
2673,4584
2673,4653
2673,4917
2673,5120
2673,6063
2673,6243
2673,6412
2673,6427
2673,6569
2673,6677
2673,6835
2673,6920
2673,7006
2673,7131
2673,7401
2673,7569
2674,1593
2674,1903
2674,2792
2674,4149
2674,6094
2674,7198
2675,1899
2675,2198
2675,4376
2675,4816
2675,5054
2675,5669
2675,5881
2675,5979
2675,6702
2675,7003
2675,7215
2675,7464
2676,532
2676,1091
2676,1296
2676,1682
2676,2143
2676,3330
2676,3671
2676,3691
2676,3871
2676,3895
2676,3959
2676,4037
2676,4054
2676,4343
2676,4384
2676,5998
2676,6017
2676,6118
2676,7067
2676,7171
2676,7269
2677,2198
2677,2375
2677,4376
2677,5234
2678,143
2678,217
2678,834
2678,964
2678,1212
2678,1315
2678,1361
2678,1911
2678,2084
2678,2211
2678,2586
2678,2588
2678,2626
2678,2701
2678,3866
2678,5368
2678,5997
2678,6369
2678,6563
2679,85
2679,3895
2679,4261
2679,4384
2679,5132
2679,6439
2679,7101
2680,195
2680,691
2680,912
2680,1385
2680,1629
2680,1756
2680,1773
2680,2473
2680,3046
2680,3267
2680,3303
2680,3425
2680,3525
2680,3729
2680,3972
2680,4804
2680,5085
2680,5596
2680,5605
2680,5894
2680,6473
2680,6509
2680,7031
2680,7145
2680,7260
2680,7261
2681,649
2681,1759
2681,2098
2681,2312
2681,2925
2681,3065
2681,3356
2681,4300
2681,4758
2681,6502
2681,6997
2682,526
2682,2514
2682,4805
2682,5620
2683,1418
2683,1472
2683,1575
2683,2487
2683,3049
2683,3469
2683,4670
2683,5234
2683,5404
2683,6880
2683,7330
2684,2239
2684,6325
2685,419
2685,522
2685,592
2685,658
2685,739
2685,1002
2685,1197
2685,1236
2685,1591
2685,2095
2685,2117
2685,2173
2685,2294
2685,2309
2685,2778
2685,2819
2685,2871
2685,2887
2685,3123
2685,3221
2685,3247
2685,3257
2685,3621
2685,3807
2685,3923
2685,4082
2685,4217
2685,4650
2685,4791
2685,4812
2685,4828
2685,4848
2685,5061
2685,5133
2685,5442
2685,5595
2685,5932
2685,6289
2685,6343
2685,6353
2685,6759
2685,6983
2685,7276
2685,7398
2685,7534
2686,497
2686,558
2686,954
2686,1829
2686,2385
2686,2927
2686,3049
2686,3342
2686,3387
2686,3433
2686,3817
2686,3989
2686,4344
2686,4489
2686,4551
2686,4805
2686,4842
2686,5123
2686,5142
2686,5158
2686,5354
2686,5484
2686,5682
2686,5899
2686,6438
2686,6839
2686,6960
2686,7467
2687,396
2687,565
2687,799
2687,1208
2687,2020
2687,4119
2687,4396
2687,6498
2687,6697
2688,234
2688,1201
2688,4568
2688,6535
2688,6782
2689,24
2689,28
2689,42
2689,61
2689,309
2689,319
2689,322
2689,593
2689,622
2689,710
2689,732
2689,736
2689,1028
2689,1100
2689,1280
2689,1429
2689,1513
2689,1663
2689,1711
2689,1738
2689,1744
2689,1746
2689,1850
2689,1899
2689,2102
2689,2198
2689,2239
2689,2380
2689,2832
2689,3020
2689,3277
2689,3439
2689,3799
2689,3856
2689,3946
2689,4127
2689,4578
2689,4588
2689,4641
2689,4700
2689,5006
2689,5013
2689,5050
2689,5372
2689,5441
2689,5469
2689,5484
2689,5542
2689,5769
2689,5903
2689,6183
2689,6634
2689,6669
2689,6702
2689,6807
2689,6887
2689,6921
2689,6923
2689,7247
2689,7395
2691,7488
2692,68
2692,354
2692,396
2692,416
2692,452
2692,547
2692,799
2692,929
2692,1025
2692,1147
2692,1201
2692,1208
2692,1542
2692,1837
2692,1968
2692,1971
2692,2020
2692,2278
2692,2580
2692,2846
2692,2858
2692,3055
2692,3228
2692,3402
2692,3522
2692,3694
2692,3863
2692,4036
2692,4119
2692,4319
2692,4444
2692,4481
2692,4977
2692,5021
2692,5149
2692,5193
2692,5196
2692,6697
2692,6863
2692,6883
2692,6932
2692,6943
2692,7301
2692,7533
2693,327
2693,1201
2693,1635
2693,2747
2693,2936
2693,3917
2693,4470
2693,4749
2693,4898
2693,5443
2693,5770
2693,6267
2693,6857
2693,7192
2695,148
2695,160
2695,402
2695,676
2695,846
2695,1109
2695,1353
2695,1386
2695,1626
2695,1674
2695,2236
2695,2477
2695,2505
2695,2512
2695,2613
2695,2749
2695,2799
2695,2872
2695,2966
2695,3400
2695,3524
2695,3645
2695,3705
2695,3823
2695,3869
2695,3934
2695,4239
2695,4361
2695,4518
2695,5065
2695,5347
2695,5387
2695,5422
2695,5423
2695,5456
2695,6005
2695,6314
2695,6433
2695,6982
2695,6994
2695,7030
2695,7441
2695,7442
2696,68
2696,281
2696,304
2696,348
2696,354
2696,451
2696,452
2696,547
2696,624
2696,635
2696,792
2696,929
2696,1147
2696,1154
2696,1201
2696,1203
2696,1208
2696,1265
2696,1366
2696,1542
2696,1605
2696,1837
2696,1968
2696,1971
2696,2203
2696,2276
2696,2278
2696,2392
2696,2403
2696,2578
2696,2580
2696,2846
2696,2858
2696,2937
2696,3254
2696,3286
2696,3301
2696,3402
2696,3522
2696,3943
2696,4036
2696,4119
2696,4132
2696,4166
2696,4481
2696,4547
2696,4550
2696,4927
2696,4998
2696,5021
2696,5149
2696,5196
2696,5246
2696,6011
2696,6158
2696,6455
2696,6659
2696,6697
2696,6782
2696,6833
2696,6863
2696,6883
2696,6932
2696,6938
2696,7301
2696,7533
2696,7567
2696,7625
2697,495
2697,535
2697,3510
2697,5262
2698,2326
2699,368
2699,1968
2699,2351
2699,2501
2699,3694
2699,3790
2699,3863
2699,4364
2699,6781
2699,6977
2699,7199
2700,6
2700,305
2700,443
2700,652
2700,2519
2700,2996
2700,3507
2700,3802
2700,4311
2700,5154
2700,5229
2701,40
2701,143
2701,287
2701,295
2701,456
2701,629
2701,881
2701,964
2701,1212
2701,2113
2701,2586
2701,2611
2701,2626
2701,2678
2701,2738
2701,2801
2701,2809
2701,2955
2701,3077
2701,3275
2701,3339
2701,3382
2701,3503
2701,4097
2701,4173
2701,4301
2701,4735
2701,4940
2701,4987
2701,5211
2701,6276
2701,6369
2701,7032
2701,7330
2702,21
2702,195
2702,209
2702,454
2702,941
2702,1035
2702,1068
2702,1251
2702,1450
2702,1989
2702,2379
2702,3046
2702,3107
2702,3121
2702,3227
2702,3244
2702,3586
2702,3953
2702,4000
2702,4051
2702,4089
2702,4209
2702,4238
2702,4646
2702,4698
2702,4961
2702,5563
2702,5656
2702,5713
2702,6089
2702,6169
2702,7316
2702,7532
2703,5
2703,71
2703,212
2703,283
2703,287
2703,382
2703,397
2703,456
2703,584
2703,655
2703,683
2703,724
2703,785
2703,921
2703,942
2703,958
2703,1063
2703,1196
2703,1287
2703,1521
2703,1549
2703,1615
2703,1624
2703,1733
2703,1922
2703,1978
2703,2059
2703,2172
2703,2186
2703,2215
2703,2325
2703,2402
2703,2529
2703,2632
2703,2673
2703,2893
2703,2903
2703,2945
2703,3062
2703,3083
2703,3125
2703,3269
2703,3506
2703,3510
2703,3520
2703,3539
2703,3559
2703,3574
2703,3702
2703,3758
2703,3781
2703,3784
2703,3970
2703,4006
2703,4067
2703,4177
2703,4398
2703,4502
2703,4556
2703,4584
2703,4674
2703,4811
2703,4864
2703,5120
2703,5218
2703,5641
2703,5722
2703,5798
2703,5851
2703,5917
2703,5926
2703,6059
2703,6348
2703,6412
2703,6610
2703,6699
2703,6713
2703,6909
2703,6920
2703,7131
2703,7320
2703,7322
2703,7569
2703,7576
2704,34
2704,610
2704,1744
2704,2104
2704,2253
2704,2440
2704,3049
2704,3697
2704,4160
2704,4592
2704,4691
2704,4805
2704,5404
2704,5559
2704,6994
2704,7116
2705,2515
2705,3485
2705,3729
2705,3960
2705,4172
2705,5430
2705,5970
2705,6283
2705,6608
2705,6908
2705,7253
2706,111
2706,764
2706,835
2706,1280
2706,2066
2706,2317
2706,2559
2706,2973
2706,3331
2706,3578
2706,4116
2706,4628
2706,4693
2706,4832
2706,5185
2706,6807
2707,9
2707,128
2707,252
2707,564
2707,908
2707,1300
2707,1358
2707,1435
2707,1550
2707,2027
2707,2044
2707,2094
2707,2263
2707,2378
2707,3365
2707,3418
2707,3478
2707,4277
2707,4430
2707,4769
2707,4882
2707,5118
2707,5192
2707,5486
2707,5625
2707,5636
2707,5933
2707,6162
2707,6555
2707,7094
2708,4440
2708,7146
2708,7528
2708,7581
2709,90
2709,202
2709,310
2709,549
2709,765
2709,1075
2709,1277
2709,1295
2709,1403
2709,1500
2709,1879
2709,1924
2709,1964
2709,2052
2709,2293
2709,2651
2709,2799
2709,3095
2709,3197
2709,3525
2709,4051
2709,4361
2709,4810
2709,5563
2709,5802
2709,6191
2709,6418
2709,6556
2709,6599
2709,6900
2709,7286
2709,7427
2709,7442
2710,126
2710,350
2710,581
2710,729
2710,730
2710,1124
2710,1262
2710,1533
2710,1676
2710,1823
2710,2140
2710,2951
2710,3231
2710,3919
2710,4237
2710,4512
2710,4923
2710,5163
2710,5410
2710,5611
2710,5759
2710,6428
2710,7230
2710,7460
2711,85
2711,1592
2711,1668
2711,1833
2711,1840
2711,1842
2711,3347
2711,3646
2711,3958
2711,4326
2711,4376
2711,4616
2711,4787
2711,5945
2711,5976
2711,6551
2711,6804
2711,7044
2711,7071
2712,310
2712,2867
2712,3009
2712,3400
2712,3490
2712,3865
2712,4200
2712,4410
2712,4752
2712,5994
2712,6367
2713,3838
2713,7099
2714,334
2714,495
2714,952
2714,3195
2714,3745
2714,4338
2714,4419
2714,4805
2714,5758
2714,6235
2714,6546
2714,7456
2716,60
2716,304
2716,354
2716,452
2716,547
2716,792
2716,1147
2716,1201
2716,1265
2716,1542
2716,1590
2716,1837
2716,1968
2716,1971
2716,1999
2716,2198
2716,2275
2716,2278
2716,2403
2716,2578
2716,2580
2716,2659
2716,2846
2716,2967
2716,3286
2716,3402
2716,3522
2716,3943
2716,4036
2716,4119
2716,4210
2716,4481
2716,4805
2716,4977
2716,5021
2716,5196
2716,6011
2716,6158
2716,6375
2716,6455
2716,6863
2716,6883
2716,7175
2716,7301
2716,7533
2716,7625
2717,275
2717,328
2717,442
2717,749
2717,828
2717,1016
2717,1696
2717,1759
2717,1766
2717,1983
2717,2019
2717,2090
2717,2260
2717,2754
2717,3840
2717,4236
2717,4504
2717,4619
2717,4666
2717,4704
2717,4739
2717,4751
2717,4960
2717,5110
2717,5245
2717,5409
2717,5529
2717,5602
2717,5692
2717,6164
2717,6502
2717,6771
2717,6772
2717,7060
2717,7255
2717,7348
2717,7555
2718,1048
2718,3525
2718,7641
2719,85
2719,291
2719,593
2719,1011
2719,1284
2719,1291
2719,1293
2719,1453
2719,1624
2719,1999
2719,2143
2719,2215
2719,2765
2719,2956
2719,3183
2719,3538
2719,3631
2719,3762
2719,3895
2719,3959
2719,4384
2719,4952
2719,5132
2719,5296
2719,5709
2719,5931
2719,6551
2719,6967
2719,7269
2719,7296
2719,7401
2720,96
2720,409
2720,729
2720,932
2720,1055
2720,1354
2720,1638
2720,1823
2720,1828
2720,1857
2720,2109
2720,2181
2720,2877
2720,2951
2720,3128
2720,3231
2720,3361
2720,3601
2720,3788
2720,4144
2720,4237
2720,4516
2720,4896
2720,5027
2720,5537
2720,6428
2720,6718
2720,6816
2720,7165
2720,7230
2720,7356
2721,286
2721,1116
2721,1506
2721,1677
2721,1789
2721,2082
2721,2464
2721,2865
2721,3668
2721,3977
2721,5159
2721,5792
2721,6826
2721,7303
2722,1490
2722,3660
2722,3666
2722,4470
2722,7161
2723,468
2723,1049
2723,7620
2724,577
2724,5394
2724,6304
2725,138
2725,260
2725,304
2725,475
2725,479
2725,593
2725,735
2725,1284
2725,1453
2725,1798
2725,2198
2725,2671
2725,3958
2725,4184
2725,4326
2725,4376
2725,4952
2725,5707
2725,5816
2725,5859
2725,5955
2725,6098
2725,6100
2725,6265
2725,6551
2725,6702
2725,6906
2725,7464
2725,7582
2725,7607
2726,130
2726,815
2726,4684
2726,4925
2726,4943
2726,6002
2726,6550
2727,289
2727,4810
2727,4906
2727,5454
2728,236
2728,850
2728,879
2728,1282
2728,1396
2728,1759
2728,1864
2728,1969
2728,2250
2728,2419
2728,2946
2728,2975
2728,3099
2728,3371
2728,4666
2728,4667
2728,5448
2728,5849
2728,5906
2728,6007
2728,6010
2728,6046
2728,6357
2728,6363
2728,7238
2729,677
2729,1189
2729,1291
2729,2215
2729,3060
2729,3330
2729,3895
2729,3959
2729,3965
2729,4384
2729,4864
2729,5709
2729,6966
2729,7401
2730,446
2730,593
2730,1210
2730,1712
2730,1798
2730,2129
2730,2198
2730,2913
2730,3079
2730,3357
2730,3692
2730,3804
2730,3895
2730,5234
2730,5404
2730,5707
2730,6098
2730,6409
2730,6551
2730,6702
2730,7071
2732,30
2732,613
2732,631
2732,2111
2732,3443
2732,3510
2732,3633
2732,5527
2732,6048
2732,6512
2732,7130
2732,7486
2734,726
2734,881
2734,1612
2734,6660
2734,7330
2735,1147
2735,1837
2735,1968
2735,1971
2735,2278
2735,2442
2735,3407
2735,3522
2735,4481
2735,5021
2735,5196
2735,5994
2735,6070
2735,6943
2735,7066
2736,42
2736,446
2736,552
2736,593
2736,1058
2736,1152
2736,1178
2736,1210
2736,1492
2736,1959
2736,1993
2736,2198
2736,2229
2736,2239
2736,2370
2736,2377
2736,3051
2736,3152
2736,3160
2736,3311
2736,3384
2736,3710
2736,3748
2736,4071
2736,4164
2736,4257
2736,4376
2736,4670
2736,4805
2736,5070
2736,5296
2736,5316
2736,5404
2736,5412
2736,5415
2736,5649
2736,5816
2736,5881
2736,5903
2736,6098
2736,6284
2736,6354
2736,6414
2736,6658
2736,6702
2736,6847
2736,6952
2736,6961
2736,7105
2736,7147
2736,7369
2736,7525
2736,7572
2736,7582
2737,378
2737,842
2737,1332
2737,1865
2737,3940
2737,4052
2737,4175
2737,4298
2737,4425
2737,5426
2737,5431
2737,5831
2737,5871
2737,6218
2737,6239
2737,7515
2737,7642
2738,28
2738,39
2738,51
2738,72
2738,89
2738,92
2738,143
2738,211
2738,217
2738,248
2738,262
2738,421
2738,456
2738,471
2738,536
2738,593
2738,696
2738,756
2738,776
2738,964
2738,1034
2738,1210
2738,1212
2738,1228
2738,1245
2738,1280
2738,1379
2738,1409
2738,1513
2738,1585
2738,1777
2738,1911
2738,2024
2738,2030
2738,2070
2738,2084
2738,2129
2738,2198
2738,2239
2738,2253
2738,2286
2738,2306
2738,2410
2738,2586
2738,2637
2738,2650
2738,2701
2738,2740
2738,2761
2738,2820
2738,3109
2738,3157
2738,3221
2738,3224
2738,3277
2738,3278
2738,3320
2738,3469
2738,3510
2738,3578
2738,3585
2738,3591
2738,3643
2738,3740
2738,3744
2738,3849
2738,3891
2738,4098
2738,4203
2738,4302
2738,4376
2738,4390
2738,4680
2738,4731
2738,4771
2738,4805
2738,4827
2738,4854
2738,4900
2738,4991
2738,5001
2738,5070
2738,5081
2738,5188
2738,5321
2738,5364
2738,5415
2738,5433
2738,5470
2738,5495
2738,5500
2738,5504
2738,5530
2738,5615
2738,5651
2738,5674
2738,5937
2738,5963
2738,5997
2738,6078
2738,6176
2738,6269
2738,6282
2738,6338
2738,6354
2738,6451
2738,6511
2738,6702
2738,6707
2738,6761
2738,6878
2738,6947
2738,7003
2738,7035
2738,7293
2738,7351
2738,7503
2738,7536
2738,7589
2739,980
2739,2612
2739,3026
2739,4362
2739,4725
2739,4757
2739,5417
2739,5630
2739,5743
2739,6293
2739,6328
2739,6868
2739,7153
2739,7375
2740,28
2740,36
2740,72
2740,403
2740,920
2740,1111
2740,1182
2740,1280
2740,1417
2740,1429
2740,1579
2740,1643
2740,1929
2740,2163
2740,2220
2740,2244
2740,2447
2740,2738
2740,2804
2740,3155
2740,3271
2740,3403
2740,3419
2740,3856
2740,3931
2740,4033
2740,4100
2740,4390
2740,5114
2740,5209
2740,5343
2740,5364
2740,5437
2740,5496
2740,5615
2740,5708
2740,5843
2740,6015
2740,6237
2740,6481
2740,6696
2740,6807
2740,6852
2740,7364
2741,769
2741,1252
2741,1359
2741,2000
2741,2390
2741,3329
2741,4362
2741,4555
2741,5971
2741,6575
2741,6967
2741,7039
2741,7153
2741,7579
2741,7591
2742,93
2742,199
2742,1068
2742,1450
2742,1936
2742,1939
2742,2891
2742,4646
2742,4689
2742,4786
2742,5043
2742,5119
2742,5122
2742,5337
2742,5382
2742,5414
2742,5563
2742,5666
2742,5684
2742,6089
2742,6169
2742,7081
2742,7586
2743,213
2743,258
2743,269
2743,411
2743,875
2743,947
2743,1098
2743,1586
2743,1782
2743,2198
2743,2239
2743,2287
2743,2418
2743,2572
2743,2820
2743,3070
2743,3152
2743,3277
2743,3561
2743,4422
2743,4522
2743,4822
2743,5007
2743,5404
2743,5412
2743,5839
2743,6078
2743,6210
2743,7357
2743,7395
2743,7467
2744,85
2744,260
2744,369
2744,584
2744,593
2744,655
2744,789
2744,1058
2744,1113
2744,1268
2744,1284
2744,1293
2744,1368
2744,1453
2744,1621
2744,2143
2744,2194
2744,2617
2744,2620
2744,2911
2744,3183
2744,3311
2744,3748
2744,3895
2744,3948
2744,4080
2744,4376
2744,4384
2744,4578
2744,4952
2744,5251
2744,5296
2744,5641
2744,5707
2744,5714
2744,5816
2744,5952
2744,6551
2744,6760
2744,7252
2744,7296
2744,7331
2744,7572
2745,1058
2745,1113
2745,1210
2745,1368
2745,1453
2745,1705
2745,1798
2745,2198
2745,3183
2745,3456
2745,3493
2745,3693
2745,3895
2745,4376
2745,4384
2745,4806
2745,5132
2745,5404
2745,5816
2745,5881
2745,6551
2745,6936
2745,7071
2745,7582
2746,485
2746,513
2746,644
2746,931
2746,1240
2746,1280
2746,1429
2746,1457
2746,1458
2746,1633
2746,1714
2746,1905
2746,1930
2746,1981
2746,2561
2746,2871
2746,3035
2746,3605
2746,3698
2746,4033
2746,4152
2746,5343
2746,5360
2746,5437
2746,5496
2746,6078
2746,6572
2746,6730
2746,6807
2746,6827
2747,327
2747,354
2747,452
2747,1201
2747,1490
2747,1602
2747,1635
2747,2203
2747,2693
2747,2936
2747,3917
2747,4749
2747,5443
2747,6053
2747,6267
2748,66
2748,242
2748,1035
2748,2379
2748,3107
2748,3244
2748,3437
2748,3495
2748,3814
2748,3953
2748,4051
2748,4065
2748,4235
2748,4372
2748,4646
2748,4661
2748,4906
2748,5260
2748,5310
2748,5913
2748,7620
2749,202
2749,630
2749,859
2749,927
2749,941
2749,1936
2749,2077
2749,2236
2749,2338
2749,2379
2749,2436
2749,2477
2749,2607
2749,2695
2749,2963
2749,3107
2749,3267
2749,3437
2749,3495
2749,3705
2749,3777
2749,3869
2749,4108
2749,4628
2749,4810
2749,4906
2749,5137
2749,5185
2749,5563
2749,5690
2749,5885
2749,6433
2750,1112
2750,1444
2750,1610
2750,3277
2750,3428
2750,3532
2750,4230
2750,4285
2750,4952
2750,6437
2750,6578
2750,6646
2750,6707
2750,6743
2750,6803
2750,7395
2751,20
2751,73
2751,137
2751,162
2751,305
2751,803
2751,1679
2751,1689
2751,1831
2751,1877
2751,1896
2751,2071
2751,2164
2751,2332
2751,3698
2751,3716
2751,3723
2751,4163
2751,4433
2751,4479
2751,4701
2751,5031
2751,5146
2751,5305
2751,5445
2751,5614
2751,6001
2751,6078
2751,6105
2751,6494
2751,6545
2751,6733
2751,6815
2751,7305
2752,662
2752,691
2752,1219
2752,1812
2752,4852
2752,7031
2754,174
2754,517
2754,537
2754,541
2754,749
2754,767
2754,801
2754,1037
2754,1054
2754,1122
2754,1243
2754,1364
2754,1434
2754,1531
2754,1759
2754,1766
2754,2099
2754,2250
2754,2260
2754,2324
2754,2474
2754,2609
2754,2717
2754,2822
2754,2895
2754,3006
2754,3024
2754,3091
2754,3523
2754,3529
2754,3825
2754,3874
2754,4236
2754,4312
2754,4375
2754,4412
2754,4496
2754,4504
2754,4741
2754,4758
2754,4759
2754,4956
2754,4960
2754,5028
2754,5164
2754,5245
2754,5512
2754,5692
2754,5848
2754,6099
2754,6257
2754,6383
2754,6391
2754,6465
2754,6520
2754,6552
2754,6666
2754,6842
2754,6997
2754,7013
2754,7014
2754,7086
2754,7122
2754,7124
2754,7144
2754,7241
2754,7272
2754,7366
2754,7402
2754,7407
2754,7470
2755,266
2755,304
2755,369
2755,593
2755,1431
2755,1472
2755,1524
2755,1634
2755,1999
2755,2198
2755,2239
2755,3060
2755,3279
2755,3459
2755,3492
2755,3693
2755,3698
2755,4080
2755,4086
2755,4147
2755,4376
2755,4384
2755,4608
2755,4680
2755,4864
2755,4952
2755,5404
2755,5931
2755,6547
2755,6551
2755,6831
2755,6984
2755,7097
2755,7252
2755,7321
2755,7330
2755,7607
2755,7616
2756,315
2756,557
2756,580
2756,871
2756,1131
2756,1604
2756,1656
2756,1772
2756,1953
2756,3417
2756,3563
2756,3741
2756,3880
2756,3924
2756,3997
2756,4008
2756,4077
2756,4112
2756,4125
2756,4143
2756,4280
2756,4673
2756,4802
2756,5587
2756,5686
2756,5876
2756,6623
2756,6653
2756,6874
2756,7541
2757,22
2757,172
2757,273
2757,284
2757,315
2757,519
2757,554
2757,557
2757,682
2757,758
2757,794
2757,995
2757,1073
2757,1079
2757,1488
2757,1587
2757,1604
2757,1656
2757,1676
2757,1771
2757,1772
2757,1818
2757,1920
2757,2240
2757,2311
2757,2443
2757,2654
2757,3150
2757,3376
2757,3391
2757,3516
2757,3563
2757,3741
2757,3880
2757,3892
2757,3903
2757,3924
2757,3941
2757,4008
2757,4077
2757,4112
2757,4143
2757,4171
2757,4208
2757,4280
2757,4414
2757,4426
2757,4673
2757,4726
2757,4802
2757,4899
2757,4984
2757,5627
2757,5686
2757,5754
2757,5914
2757,6052
2757,6163
2757,6385
2757,6645
2757,6653
2757,7236
2757,7314
2757,7504
2757,7541
2757,7565
2758,162
2758,1961
2758,2304
2758,2604
2758,2998
2758,3369
2758,3386
2758,3802
2758,5156
2758,5969
2759,2230
2759,2566
2759,7620
2760,1413
2760,2295
2760,2927
2760,4273
2760,4338
2760,5123
2760,5354
2760,5484
2760,5664
2761,28
2761,456
2761,526
2761,920
2761,1185
2761,1280
2761,1429
2761,1929
2761,2239
2761,2586
2761,2738
2761,3244
2761,3277
2761,3359
2761,3856
2761,4033
2761,4054
2761,4522
2761,5209
2761,5504
2761,5664
2761,6015
2761,6210
2761,6338
2761,6807
2761,6852
2761,7032
2761,7373
2762,101
2762,362
2762,941
2762,1916
2762,1936
2762,2347
2762,4336
2762,4689
2762,5088
2762,5337
2762,5382
2762,5666
2762,5715
2762,5725
2762,6147
2762,7201
2762,7211
2763,85
2763,91
2763,266
2763,502
2763,904
2763,1091
2763,1284
2763,1453
2763,1910
2763,2143
2763,2392
2763,2816
2763,3015
2763,3203
2763,3311
2763,3330
2763,3370
2763,3607
2763,3672
2763,3895
2763,3959
2763,4037
2763,4384
2763,5098
2763,5132
2763,5455
2763,5947
2763,7067
2763,7239
2763,7269
2763,7572
2763,7612
2764,160
2764,545
2764,1075
2764,1196
2764,1534
2764,1750
2764,1816
2764,1924
2764,2083
2764,3197
2764,4019
2764,5152
2764,5400
2764,6241
2764,7442
2765,23
2765,85
2765,201
2765,266
2765,538
2765,693
2765,789
2765,810
2765,811
2765,904
2765,973
2765,1011
2765,1058
2765,1076
2765,1249
2765,1284
2765,1293
2765,1330
2765,1430
2765,1453
2765,1478
2765,1621
2765,1927
2765,1999
2765,2060
2765,2194
2765,2198
2765,2215
2765,2377
2765,2617
2765,2719
2765,2770
2765,2809
2765,2848
2765,2911
2765,3025
2765,3040
2765,3183
2765,3311
2765,3330
2765,3370
2765,3406
2765,3538
2765,3748
2765,3762
2765,3895
2765,3948
2765,3970
2765,4080
2765,4113
2765,4248
2765,4253
2765,4303
2765,4376
2765,4384
2765,4469
2765,4865
2765,4952
2765,5132
2765,5212
2765,5222
2765,5223
2765,5296
2765,5351
2765,5455
2765,5464
2765,5623
2765,5641
2765,5661
2765,5816
2765,5952
2765,6259
2765,6551
2765,6618
2765,6760
2765,6811
2765,6843
2765,6984
2765,7101
2765,7171
2765,7197
2765,7239
2765,7252
2765,7296
2765,7385
2765,7525
2765,7582
2765,7603
2765,7612
2766,260
2766,1959
2766,2801
2766,3049
2766,3459
2766,4376
2766,5132
2767,329
2767,2997
2767,4462
2767,6437
2768,189
2768,316
2768,328
2768,463
2768,801
2768,828
2768,928
2768,1016
2768,1038
2768,1504
2768,1685
2768,1696
2768,1803
2768,1849
2768,1969
2768,2114
2768,2260
2768,2281
2768,2387
2768,2622
2768,3272
2768,3305
2768,3324
2768,3558
2768,3597
2768,4142
2768,4281
2768,4467
2768,4614
2768,4666
2768,4739
2768,5448
2768,5555
2768,5588
2768,6046
2768,6091
2768,6519
2768,6534
2768,6679
2768,7061
2768,7118
2768,7255
2769,268
2769,577
2769,694
2769,805
2769,3360
2769,3813
2769,5134
2769,5322
2769,6469
2769,6595
2769,6925
2769,7034
2770,85
2770,201
2770,260
2770,266
2770,446
2770,789
2770,904
2770,1058
2770,1113
2770,1268
2770,1284
2770,1414
2770,1453
2770,1621
2770,1854
2770,1999
2770,2039
2770,2198
2770,2339
2770,2370
2770,2377
2770,2595
2770,2657
2770,2765
2770,2883
2770,3183
2770,3311
2770,3370
2770,3748
2770,3895
2770,4080
2770,4086
2770,4376
2770,4384
2770,5082
2770,5132
2770,5296
2770,5351
2770,5404
2770,5641
2770,5707
2770,5816
2770,5975
2770,6140
2770,6618
2770,6705
2770,7252
2770,7296
2770,7572
2770,7580
2771,616
2771,2514
2771,3698
2771,4103
2771,6807
2771,7374
2772,85
2772,446
2772,576
2772,934
2772,1058
2772,1063
2772,1210
2772,1317
2772,1357
2772,1414
2772,1415
2772,1453
2772,1631
2772,1642
2772,1655
2772,1665
2772,1695
2772,1959
2772,1999
2772,2049
2772,2175
2772,2194
2772,2198
2772,2205
2772,2208
2772,2239
2772,2267
2772,2370
2772,2461
2772,2571
2772,3114
2772,3152
2772,3160
2772,3226
2772,3311
2772,3334
2772,3459
2772,3521
2772,3538
2772,3540
2772,3710
2772,3713
2772,3748
2772,3758
2772,4071
2772,4164
2772,4216
2772,4304
2772,4376
2772,4384
2772,4466
2772,4525
2772,4570
2772,4714
2772,4806
2772,5037
2772,5132
2772,5194
2772,5231
2772,5286
2772,5296
2772,5304
2772,5403
2772,5404
2772,5641
2772,5707
2772,5816
2772,5832
2772,5881
2772,6140
2772,6193
2772,6284
2772,6702
2772,6769
2772,6945
2772,6952
2772,7147
2772,7252
2772,7277
2772,7280
2772,7382
2772,7446
2772,7553
2772,7572
2772,7582
2772,7607
2773,2198
2773,3578
2773,3773
2773,7467
2774,1065
2774,1487
2774,1804
2774,1903
2774,1909
2774,2148
2774,2792
2774,4149
2774,4925
2774,5053
2774,5169
2774,5256
2774,6090
2774,6094
2774,6130
2774,6396
2774,6806
2774,7343
2774,7631
2775,537
2775,755
2775,767
2775,926
2775,1672
2775,1734
2775,2609
2775,3116
2775,3346
2775,3523
2775,3714
2775,3805
2775,4566
2775,4619
2775,4949
2775,5028
2775,7118
2775,7241
2776,28
2776,920
2776,1034
2776,1280
2776,1429
2776,5209
2776,6078
2776,6807
2777,10
2777,349
2777,605
2777,981
2777,1264
2777,1334
2777,1616
2777,1736
2777,1881
2777,1980
2777,2337
2777,2435
2777,2623
2777,3102
2777,3415
2777,3583
2777,3678
2777,3711
2777,3717
2777,3749
2777,4509
2777,4723
2777,4992
2777,5110
2777,5929
2777,6357
2777,6665
2777,6876
2777,7308
2777,7348
2777,7437
2777,7458
2777,7513
2778,26
2778,419
2778,522
2778,658
2778,899
2778,1024
2778,1092
2778,1236
2778,1591
2778,2095
2778,2117
2778,2173
2778,2309
2778,2685
2778,2819
2778,2859
2778,2871
2778,2887
2778,3053
2778,3123
2778,3257
2778,3294
2778,3621
2778,3657
2778,3807
2778,4013
2778,4217
2778,4650
2778,4812
2778,4828
2778,4848
2778,5061
2778,5133
2778,5442
2778,5595
2778,5932
2778,6054
2778,6289
2778,6343
2778,6759
2778,6983
2778,7276
2778,7398
2778,7534
2779,130
2779,3030
2779,4684
2779,5883
2779,6286
2779,6480
2779,6550
2780,266
2780,755
2780,3588
2780,3628
2780,5021
2781,1103
2781,2125
2781,3578
2781,4805
2781,6246
2782,42
2782,258
2782,659
2782,924
2782,1210
2782,1517
2782,1671
2782,1698
2782,1744
2782,1899
2782,2198
2782,2206
2782,2381
2782,2406
2782,2410
2782,2981
2782,3061
2782,3623
2782,3748
2782,4156
2782,4161
2782,4241
2782,4243
2782,4278
2782,4402
2782,4570
2782,4608
2782,4870
2782,4946
2782,5042
2782,5048
2782,5070
2782,5372
2782,5404
2782,5649
2782,5707
2782,6066
2782,6077
2782,6787
2782,6847
2782,6887
2782,6968
2782,7021
2782,7071
2783,212
2783,526
2783,628
2783,728
2783,1196
2783,1493
2783,2198
2783,2903
2783,2987
2783,3510
2783,4067
2783,5917
2783,6118
2783,6522
2783,7130
2785,2053
2785,2608
2785,3227
2785,3437
2785,3603
2785,3661
2785,4837
2785,6998
2785,7575
2786,147
2786,398
2786,481
2786,561
2786,578
2786,618
2786,746
2786,837
2786,901
2786,943
2786,1223
2786,1466
2786,1509
2786,1646
2786,2012
2786,2449
2786,2491
2786,2499
2786,2873
2786,3180
2786,3211
2786,3452
2786,3733
2786,3984
2786,4151
2786,4179
2786,4244
2786,4353
2786,4411
2786,4485
2786,4494
2786,4564
2786,4585
2786,4663
2786,4884
2786,5072
2786,5345
2786,5718
2786,5721
2786,5737
2786,5928
2786,5972
2786,5974
2786,6083
2786,6222
2786,6311
2786,6488
2786,6609
2786,6625
2786,6924
2786,7263
2786,7383
2786,7489
2786,7531
2786,7598
2787,838
2787,1113
2787,3699
2787,3899
2787,5404
2787,6940
2788,391
2788,567
2788,1311
2788,1737
2788,1791
2788,2409
2788,3231
2788,3747
2788,3801
2788,4237
2788,4613
2788,5092
2788,6366
2788,6635
2788,6791
2788,7037
2788,7243
2788,7356
2788,7460
2789,4305
2789,7507
2790,256
2790,709
2790,884
2790,932
2790,1446
2790,1702
2790,1791
2790,1846
2790,1920
2790,2064
2790,2792
2790,3127
2790,3231
2790,3494
2790,3754
2790,4237
2790,4379
2790,4849
2790,4925
2790,4937
2790,5153
2790,5169
2790,5432
2790,5877
2790,6042
2790,6090
2790,6130
2790,6550
2790,6635
2790,6671
2790,6806
2790,7460
2790,7565
2791,670
2791,3677
2792,256
2792,314
2792,595
2792,695
2792,708
2792,844
2792,1065
2792,1162
2792,1446
2792,1502
2792,1537
2792,1617
2792,1909
2792,2148
2792,2554
2792,2674
2792,2774
2792,2790
2792,4145
2792,4149
2792,4340
2792,4937
2792,4943
2792,5034
2792,5153
2792,5256
2792,5697
2792,5867
2792,6090
2792,6094
2792,6130
2792,6207
2792,6376
2792,6404
2792,6652
2792,6681
2792,7133
2792,7343
2793,523
2793,1768
2793,2375
2793,2997
2793,3049
2793,3213
2793,3240
2793,3469
2793,3566
2793,4462
2793,4805
2793,5155
2793,5234
2793,5550
2793,5678
2793,5735
2793,6123
2793,6592
2793,7087
2793,7560
2794,95
2794,532
2794,1726
2794,1901
2794,2143
2794,3040
2794,3506
2794,4672
2794,4683
2794,5719
2794,5865
2794,5869
2794,6747
2794,7296
2794,7353
2795,39
2795,106
2795,137
2795,211
2795,217
2795,248
2795,262
2795,299
2795,306
2795,456
2795,471
2795,474
2795,483
2795,526
2795,536
2795,562
2795,659
2795,756
2795,834
2795,964
2795,1034
2795,1139
2795,1215
2795,1228
2795,1245
2795,1379
2795,1409
2795,1424
2795,1551
2795,1610
2795,1627
2795,1722
2795,1725
2795,1777
2795,1831
2795,1911
2795,1996
2795,2062
2795,2070
2795,2084
2795,2198
2795,2239
2795,2610
2795,2905
2795,3011
2795,3109
2795,3224
2795,3232
2795,3278
2795,3468
2795,3577
2795,3578
2795,3585
2795,3689
2795,3775
2795,3849
2795,3866
2795,3888
2795,3916
2795,3966
2795,4031
2795,4049
2795,4098
2795,4376
2795,4390
2795,4462
2795,4569
2795,4731
2795,4805
2795,5001
2795,5022
2795,5048
2795,5070
2795,5136
2795,5181
2795,5188
2795,5263
2795,5321
2795,5386
2795,5433
2795,5461
2795,5474
2795,5500
2795,5530
2795,5593
2795,5674
2795,5864
2795,5953
2795,5963
2795,5997
2795,6077
2795,6079
2795,6096
2795,6105
2795,6176
2795,6269
2795,6301
2795,6314
2795,6572
2795,6575
2795,6683
2795,6722
2795,6761
2795,6947
2795,7054
2795,7097
2795,7139
2795,7225
2795,7293
2795,7298
2795,7467
2795,7510
2795,7523
2795,7550
2795,7579
2795,7589
2796,1280
2796,1429
2796,3512
2796,3856
2796,4295
2796,4376
2796,5629
2796,5654
2796,6807
2796,7137
2797,7372
2798,41
2798,672
2798,776
2798,809
2798,832
2798,967
2798,986
2798,1042
2798,1058
2798,1176
2798,1453
2798,1481
2798,1862
2798,2170
2798,2175
2798,2287
2798,2376
2798,2558
2798,3078
2798,3268
2798,3384
2798,3753
2798,3817
2798,3962
2798,4067
2798,4263
2798,4371
2798,4376
2798,4573
2798,4670
2798,4805
2798,5068
2798,5251
2798,5312
2798,5556
2798,5716
2798,6408
2798,6672
2798,6922
2798,6952
2798,7448
2799,195
2799,202
2799,941
2799,993
2799,1031
2799,1295
2799,1339
2799,1340
2799,1750
2799,1966
2799,2052
2799,2160
2799,2608
2799,2662
2799,2695
2799,2709
2799,2833
2799,2872
2799,3227
2799,3437
2799,4209
2799,4232
2799,4235
2799,4305
2799,4501
2799,4628
2799,4752
2799,4935
2799,5185
2799,5454
2799,5633
2799,6245
2799,6433
2799,6549
2799,6838
2799,7594
2799,7620
2799,7621
2800,712
2800,4116
2800,6458
2800,7250
2801,28
2801,72
2801,73
2801,89
2801,211
2801,217
2801,248
2801,262
2801,305
2801,474
2801,512
2801,526
2801,593
2801,597
2801,670
2801,680
2801,836
2801,964
2801,1034
2801,1210
2801,1245
2801,1280
2801,1357
2801,1379
2801,1409
2801,1414
2801,1429
2801,1447
2801,1585
2801,1603
2801,1744
2801,1757
2801,1911
2801,1999
2801,2024
2801,2062
2801,2070
2801,2084
2801,2198
2801,2239
2801,2250
2801,2346
2801,2370
2801,2447
2801,2586
2801,2701
2801,2766
2801,3049
2801,3179
2801,3194
2801,3224
2801,3320
2801,3469
2801,3585
2801,3591
2801,3689
2801,3849
2801,4098
2801,4185
2801,4259
2801,4373
2801,4376
2801,4670
2801,4719
2801,4854
2801,4900
2801,4991
2801,5001
2801,5188
2801,5335
2801,5415
2801,5504
2801,5556
2801,5674
2801,5772
2801,5807
2801,5853
2801,5881
2801,5953
2801,5963
2801,5997
2801,6079
2801,6176
2801,6210
2801,6403
2801,6449
2801,6451
2801,6572
2801,6630
2801,6761
2801,6878
2801,6887
2801,6909
2801,6947
2801,7003
2801,7021
2801,7035
2801,7293
2801,7298
2801,7305
2801,7374
2801,7430
2801,7589
2802,406
2802,703
2802,799
2802,929
2802,1208
2802,1968
2802,2278
2802,2846
2802,3055
2802,3402
2802,3914
2802,4036
2802,6498
2802,6697
2803,150
2803,549
2803,878
2803,1338
2803,1416
2803,2014
2803,2136
2803,2315
2803,2422
2803,2646
2803,3159
2803,3622
2803,3647
2803,4222
2803,4239
2803,4410
2803,4665
2803,4804
2803,4867
2803,4906
2803,5221
2803,5454
2803,5671
2803,5723
2803,6048
2803,6436
2803,6493
2803,6501
2803,6556
2803,6584
2803,6606
2803,6845
2803,7621
2804,28
2804,403
2804,446
2804,1034
2804,1182
2804,1228
2804,1280
2804,1429
2804,1470
2804,1744
2804,1827
2804,1899
2804,1905
2804,2198
2804,2239
2804,2250
2804,2286
2804,2447
2804,2553
2804,2740
2804,3512
2804,3891
2804,3916
2804,4854
2804,5136
2804,5364
2804,5372
2804,5437
2804,5500
2804,5615
2804,6600
2804,6702
2804,6807
2805,147
2805,481
2805,561
2805,1223
2805,1365
2805,1646
2805,1683
2805,4663
2805,4914
2805,5270
2805,5974
2805,6311
2805,6609
2805,7110
2805,7383
2806,442
2806,649
2806,1038
2806,1751
2806,2098
2806,2389
2806,3217
2806,3392
2806,3840
2806,3874
2806,4300
2806,4751
2806,4758
2806,5692
2806,5828
2806,6104
2806,6502
2806,6648
2806,7075
2807,2295
2807,2927
2807,4273
2807,4685
2807,4805
2807,5123
2807,5354
2807,5634
2807,5664
2808,85
2808,138
2808,1058
2808,1293
2808,1357
2808,1368
2808,1453
2808,1908
2808,2048
2808,2115
2808,2198
2808,2239
2808,2370
2808,2618
2808,3070
2808,3183
2808,3370
2808,3693
2808,3748
2808,3895
2808,4080
2808,4164
2808,4376
2808,4384
2808,4680
2808,4806
2808,4845
2808,4864
2808,4952
2808,5251
2808,5404
2808,5881
2808,6551
2808,7296
2808,7320
2808,7464
2808,7582
2809,85
2809,107
2809,490
2809,856
2809,1069
2809,2215
2809,2701
2809,2765
2809,2955
2809,3077
2809,3083
2809,3320
2809,3532
2809,3607
2809,3631
2809,4153
2809,4362
2809,4384
2809,4745
2809,5506
2809,6417
2809,6563
2809,6624
2809,7128
2809,7153
2809,7296
2809,7359
2809,7401
2809,7556
2810,190
2810,2515
2810,3740
2810,4121
2810,4488
2810,5564
2810,5763
2810,5814
2810,5890
2810,6214
2810,6905
2810,6908
2810,7078
2811,133
2811,703
2811,1693
2812,260
2812,369
2812,431
2812,482
2812,593
2812,1663
2812,1744
2812,1798
2812,2198
2812,2239
2812,2313
2812,2396
2812,3051
2812,4012
2812,4023
2812,4074
2812,5139
2812,5707
2812,5734
2812,5740
2812,5799
2812,5853
2812,5979
2812,6156
2812,6398
2812,6414
2812,6669
2812,6887
2812,6921
2812,7170
2812,7280
2812,7353
2813,19
2813,332
2813,581
2813,871
2813,965
2813,1324
2813,2133
2813,2443
2813,3236
2813,3376
2813,3924
2813,4125
2813,4181
2813,4280
2813,4351
2813,4357
2813,4726
2813,4789
2813,4802
2813,5030
2813,5094
2813,5380
2813,5876
2813,6623
2813,7271
2814,958
2814,1798
2814,2106
2814,3152
2814,4164
2814,5404
2814,5463
2814,5816
2814,6707
2815,1077
2815,1578
2815,3112
2815,5086
2815,6324
2815,7475
2815,7620
2816,113
2816,116
2816,194
2816,835
2816,1414
2816,1546
2816,1575
2816,1753
2816,1875
2816,2763
2816,3015
2816,3049
2816,3203
2816,3304
2816,3672
2816,3895
2816,4376
2816,4670
2816,4743
2816,5132
2816,5203
2816,5287
2816,5455
2816,7151
2816,7349
2817,196
2817,833
2817,2653
2817,3896
2817,4273
2819,26
2819,134
2819,383
2819,593
2819,739
2819,1082
2819,1194
2819,1591
2819,2095
2819,2117
2819,2198
2819,2556
2819,2685
2819,2778
2819,2887
2819,3063
2819,3243
2819,3247
2819,3294
2819,3657
2819,3683
2819,3720
2819,3923
2819,4345
2819,4912
2819,5133
2819,5234
2819,5293
2819,5958
2819,6175
2819,6343
2819,6371
2819,6759
2819,6790
2819,7119
2819,7276
2819,7283
2819,7398
2819,7601
2820,114
2820,389
2820,590
2820,1776
2820,2239
2820,2572
2820,2586
2820,2738
2820,2743
2820,3277
2820,3532
2820,3561
2820,3834
2820,3983
2820,4154
2820,4373
2820,4522
2820,4565
2820,4822
2820,4940
2820,5022
2820,6069
2820,6403
2820,6604
2820,6775
2820,6947
2820,7020
2820,7032
2820,7290
2820,7330
2820,7510
2820,7524
2820,7592
2821,73
2821,1904
2821,2450
2821,5801
2821,6252
2822,412
2822,570
2822,749
2822,767
2822,787
2822,882
2822,1037
2822,1054
2822,1122
2822,1243
2822,1360
2822,1364
2822,1531
2822,1648
2822,1732
2822,1734
2822,1759
2822,1867
2822,2090
2822,2134
2822,2192
2822,2250
2822,2260
2822,2324
2822,2754
2822,2861
2822,3024
2822,3091
2822,3316
2822,3371
2822,3805
2822,3825
2822,4236
2822,4312
2822,4375
2822,4412
2822,4496
2822,4704
2822,4960
2822,5164
2822,5245
2822,5257
2822,5409
2822,5512
2822,5706
2822,5856
2822,6143
2822,6164
2822,6363
2822,6383
2822,6416
2822,6465
2822,6502
2822,6520
2822,6552
2822,6772
2822,6842
2822,7013
2822,7014
2822,7060
2822,7073
2822,7086
2822,7614
2823,276
2823,1108
2823,1561
2823,2239
2823,2484
2823,2950
2823,3063
2823,3070
2823,3152
2823,3282
2823,3710
2823,4771
2823,5056
2823,5167
2823,5309
2823,5372
2823,5412
2823,5764
2823,5909
2823,6778
2824,12
2824,511
2824,7620
2825,2976
2825,3094
2825,3175
2825,3191
2825,3292
2825,3735
2825,4429
2825,7421
2825,7450
2825,7620
2826,1744
2826,1899
2826,2045
2826,2541
2826,5114
2826,6614
2826,6807
2826,7274
2826,7351
2827,481
2827,679
2827,744
2827,837
2827,1622
2827,1889
2827,3180
2827,3904
2827,4244
2827,4411
2827,4475
2827,4485
2827,4487
2827,4498
2827,4604
2827,4663
2827,4933
2827,5750
2827,5974
2827,6106
2827,6488
2827,6829
2827,7263
2828,6365
2829,2143
2829,2239
2829,3152
2829,5412
2829,5585
2830,150
2830,373
2830,480
2830,650
2830,1026
2830,1075
2830,1107
2830,2034
2830,2074
2830,2136
2830,2315
2830,2875
2830,3354
2830,3993
2830,4656
2830,5314
2830,5466
2830,5583
2830,6187
2830,6429
2830,6991
2830,7286
2831,211
2831,474
2831,1347
2831,1603
2831,2239
2831,2672
2831,3171
2831,3194
2831,3359
2831,3591
2831,4173
2831,4386
2831,4422
2831,4729
2831,6210
2831,7072
2832,61
2832,89
2832,366
2832,369
2832,482
2832,593
2832,659
2832,811
2832,1081
2832,1711
2832,1738
2832,1907
2832,2380
2832,2432
2832,2541
2832,2689
2832,3008
2832,3051
2832,3185
2832,3379
2832,3439
2832,3582
2832,3704
2832,3987
2832,4074
2832,4415
2832,4421
2832,4586
2832,4688
2832,5139
2832,5148
2832,5669
2832,5734
2832,5769
2832,5903
2832,5979
2832,6188
2832,6414
2832,6526
2832,6702
2832,7097
2832,7170
2832,7247
2832,7280
2832,7353
2832,7440
2832,7619
2833,394
2833,549
2833,988
2833,1175
2833,1295
2833,1338
2833,1416
2833,1556
2833,1952
2833,2014
2833,2034
2833,2078
2833,2422
2833,2607
2833,2608
2833,2662
2833,2799
2833,3086
2833,3154
2833,3159
2833,3267
2833,3327
2833,3633
2833,3729
2833,3746
2833,3869
2833,4424
2833,4533
2833,4665
2833,4738
2833,4833
2833,4906
2833,5638
2833,5647
2833,5922
2833,6005
2833,6352
2833,6554
2833,6991
2833,7334
2833,7621
2834,73
2834,864
2834,1188
2834,2223
2834,2355
2834,2511
2834,2565
2834,2570
2834,2879
2834,3407
2834,3855
2834,3883
2834,4532
2834,4913
2834,4973
2834,5771
2834,5912
2834,6058
2834,7330
2835,72
2835,1228
2835,1417
2835,1429
2835,1585
2835,1627
2835,2239
2835,3224
2835,3585
2835,4297
2835,4805
2835,4854
2835,5001
2835,6282
2835,6411
2835,6593
2835,6761
2835,6852
2835,7298
2836,1543
2836,1565
2836,2976
2836,3002
2836,3156
2836,3175
2836,3292
2836,4429
2836,4837
2836,5086
2836,6050
2836,6324
2836,6979
2836,7421
2836,7475
2836,7575
2836,7620
2837,409
2837,550
2837,1055
2837,1638
2837,1823
2837,2109
2837,3601
2837,3755
2837,3788
2837,3885
2837,3988
2837,4144
2837,4896
2837,4950
2837,5829
2837,6333
2837,6718
2838,2249
2838,5333
2838,5522
2838,6217
2839,73
2839,551
2839,1958
2839,2332
2839,4523
2839,5420
2840,45
2840,53
2840,662
2840,691
2840,734
2840,830
2840,1219
2840,1242
2840,1450
2840,1629
2840,2126
2840,2347
2840,2379
2840,2473
2840,2492
2840,2924
2840,3046
2840,3107
2840,3222
2840,3227
2840,3244
2840,3303
2840,3425
2840,3586
2840,3642
2840,3675
2840,3676
2840,3823
2840,3972
2840,4025
2840,4051
2840,4209
2840,4646
2840,4804
2840,4852
2840,5057
2840,5239
2840,5310
2840,5331
2840,5596
2840,5603
2840,5605
2840,5656
2840,5802
2840,5894
2840,6307
2840,6509
2840,7025
2840,7031
2840,7063
2840,7260
2840,7261
2840,7508
2840,7606
2840,7613
2841,281
2841,354
2841,452
2841,547
2841,594
2841,624
2841,635
2841,799
2841,823
2841,929
2841,1147
2841,1201
2841,1203
2841,1208
2841,1231
2841,1265
2841,1366
2841,1542
2841,1571
2841,1715
2841,1837
2841,1968
2841,1971
2841,2029
2841,2276
2841,2278
2841,2403
2841,2578
2841,2580
2841,2846
2841,2858
2841,2937
2841,3254
2841,3286
2841,3338
2841,3402
2841,3522
2841,3943
2841,4036
2841,4119
2841,4132
2841,4166
2841,4444
2841,4481
2841,4550
2841,4977
2841,5021
2841,5073
2841,5196
2841,5233
2841,5246
2841,5353
2841,5590
2841,5712
2841,5766
2841,6011
2841,6158
2841,6375
2841,6498
2841,6659
2841,6697
2841,6863
2841,6883
2841,6938
2841,6943
2841,6949
2841,7028
2841,7148
2841,7301
2841,7533
2841,7625
2842,206
2842,1313
2842,1332
2842,1694
2842,1781
2842,2022
2842,2050
2842,2139
2842,2369
2842,2503
2842,3288
2842,3350
2842,3416
2842,4099
2842,4515
2842,4981
2842,5113
2842,5416
2842,5607
2842,5655
2842,5681
2842,5871
2842,5954
2842,6018
2842,6220
2842,6239
2842,6273
2842,6559
2842,6865
2842,6918
2842,7484
2842,7642
2842,7645
2843,147
2843,425
2843,481
2843,510
2843,561
2843,578
2843,619
2843,746
2843,782
2843,943
2843,1223
2843,1292
2843,1622
2843,1646
2843,1917
2843,2012
2843,2383
2843,2395
2843,2449
2843,2853
2843,2983
2843,3399
2843,3504
2843,3733
2843,4191
2843,4244
2843,4252
2843,4411
2843,4423
2843,4564
2843,4663
2843,4703
2843,4708
2843,4711
2843,4761
2843,5228
2843,5230
2843,5357
2843,5489
2843,5721
2843,5751
2843,5920
2843,5928
2843,5935
2843,5972
2843,5974
2843,6222
2843,6311
2843,6488
2843,6609
2843,6625
2843,6725
2843,6924
2843,7383
2843,7531
2843,7598
2844,1961
2844,2304
2844,3600
2844,3802
2844,5156
2844,5305
2844,6586
2845,3904
2846,68
2846,104
2846,348
2846,354
2846,396
2846,406
2846,416
2846,451
2846,547
2846,574
2846,594
2846,624
2846,635
2846,792
2846,799
2846,1025
2846,1033
2846,1147
2846,1154
2846,1203
2846,1224
2846,1265
2846,1349
2846,1366
2846,1369
2846,1384
2846,1387
2846,1462
2846,1542
2846,1590
2846,1605
2846,1715
2846,1779
2846,1837
2846,1968
2846,1971
2846,2020
2846,2029
2846,2276
2846,2278
2846,2403
2846,2495
2846,2578
2846,2580
2846,2642
2846,2692
2846,2696
2846,2716
2846,2802
2846,2841
2846,2937
2846,3029
2846,3055
2846,3079
2846,3110
2846,3228
2846,3254
2846,3286
2846,3301
2846,3338
2846,3505
2846,3522
2846,3535
2846,3769
2846,3863
2846,3895
2846,4036
2846,4059
2846,4119
2846,4132
2846,4139
2846,4166
2846,4192
2846,4396
2846,4444
2846,4481
2846,4547
2846,4550
2846,4765
2846,4844
2846,4927
2846,4977
2846,5021
2846,5055
2846,5073
2846,5087
2846,5096
2846,5112
2846,5149
2846,5196
2846,5233
2846,5246
2846,5389
2846,5590
2846,5695
2846,5712
2846,5766
2846,5956
2846,5998
2846,6011
2846,6158
2846,6375
2846,6617
2846,6659
2846,6697
2846,6710
2846,6833
2846,6863
2846,6883
2846,6932
2846,6938
2846,6943
2846,7040
2846,7066
2846,7301
2846,7350
2846,7466
2846,7533
2846,7567
2846,7625
2847,526
2847,1521
2847,1615
2847,1716
2847,2000
2847,2198
2847,2349
2847,3277
2847,3510
2847,6029
2847,7000
2847,7638
2848,129
2848,272
2848,346
2848,421
2848,841
2848,1210
2848,1211
2848,1254
2848,1266
2848,1357
2848,1517
2848,2380
2848,2410
2848,2765
2848,2855
2848,2911
2848,3061
2848,3160
2848,3538
2848,3748
2848,3758
2848,4164
2848,4376
2848,4570
2848,4870
2848,5037
2848,5048
2848,5070
2848,5223
2848,5404
2848,5556
2848,5641
2848,5649
2848,5730
2848,6040
2848,6576
2848,6805
2848,7320
2848,7369
2849,405
2849,537
2849,749
2849,767
2849,1054
2849,1243
2849,1280
2849,1360
2849,1364
2849,1648
2849,2192
2849,2250
2849,2591
2849,2609
2849,3048
2849,3523
2849,3529
2849,3825
2849,4048
2849,4412
2849,4566
2849,4758
2849,4960
2849,5164
2849,5272
2849,5465
2849,5856
2849,6257
2849,6532
2849,6765
2849,7073
2849,7086
2849,7122
2850,256
2850,709
2850,1438
2850,2154
2850,2251
2850,2292
2850,3494
2850,3801
2850,4087
2850,4776
2850,4925
2850,5011
2850,5092
2850,5421
2850,5547
2850,5618
2850,5793
2850,5877
2850,6002
2850,6130
2850,6286
2850,6355
2850,6550
2850,6635
2850,6873
2851,608
2851,798
2851,1135
2851,1606
2851,3200
2851,3414
2851,3537
2851,3639
2851,4401
2851,5683
2851,6080
2851,6254
2851,6727
2851,6809
2851,6862
2851,6903
2851,7082
2851,7199
2852,85
2852,904
2852,1058
2852,1113
2852,1293
2852,1453
2852,1798
2852,2377
2852,2617
2852,2620
2852,2911
2852,3183
2852,3311
2852,3895
2852,4080
2852,4303
2852,4376
2852,4384
2852,4680
2852,4952
2852,5730
2852,6202
2852,6760
2852,6966
2852,7296
2853,425
2853,444
2853,561
2853,578
2853,619
2853,1292
2853,1858
2853,2012
2853,2383
2853,2444
2853,2843
2853,3449
2853,3452
2853,3479
2853,3504
2853,4123
2853,4252
2853,4310
2853,4411
2853,4423
2853,4491
2853,4498
2853,4524
2853,4681
2853,4703
2853,4708
2853,4761
2853,4884
2853,5016
2853,5228
2853,5357
2853,5405
2853,5489
2853,5721
2853,5751
2853,6488
2853,6709
2853,6924
2853,7015
2853,7024
2853,7110
2853,7531
2854,36
2854,340
2854,412
2854,478
2854,1243
2854,1389
2854,1531
2854,1827
2854,1867
2854,1969
2854,2192
2854,2250
2854,2324
2854,2622
2854,2861
2854,3024
2854,3091
2854,3116
2854,3164
2854,3326
2854,3371
2854,4256
2854,4274
2854,4375
2854,4960
2854,5257
2854,5658
2854,6099
2854,6143
2854,6282
2854,6465
2854,6479
2854,6552
2854,7014
2855,85
2855,260
2855,304
2855,593
2855,789
2855,1011
2855,1058
2855,1189
2855,1293
2855,1453
2855,1521
2855,1798
2855,1862
2855,2039
2855,2198
2855,2215
2855,2239
2855,2671
2855,2848
2855,3183
2855,3538
2855,3607
2855,3693
2855,3748
2855,3758
2855,3895
2855,4067
2855,4164
2855,4376
2855,4384
2855,4616
2855,4680
2855,5037
2855,5070
2855,5132
2855,5194
2855,5258
2855,5296
2855,5404
2855,5641
2855,5707
2855,5816
2855,5881
2855,6047
2855,6100
2855,6409
2855,6449
2855,6551
2855,6553
2855,6701
2855,6702
2855,6707
2855,6877
2855,7269
2855,7296
2855,7320
2855,7353
2855,7464
2855,7525
2855,7572
2855,7607
2856,15
2856,410
2856,526
2856,1291
2856,1382
2856,1472
2856,1521
2856,1810
2856,1919
2856,2111
2856,2122
2856,2198
2856,2273
2856,2536
2856,3049
2856,3078
2856,3506
2856,3510
2856,3902
2856,4067
2856,5132
2856,6059
2856,6067
2856,6296
2856,6408
2856,6547
2856,6569
2856,6699
2856,6872
2856,6909
2856,7077
2856,7090
2856,7143
2856,7512
2857,1561
2857,1802
2857,2239
2857,2400
2857,3152
2857,3402
2857,3578
2857,3887
2857,4376
2857,4573
2857,4670
2857,4805
2857,5144
2857,5206
2857,5213
2857,5545
2857,5664
2857,6841
2857,7467
2858,348
2858,354
2858,406
2858,452
2858,457
2858,547
2858,574
2858,594
2858,792
2858,799
2858,823
2858,915
2858,929
2858,1025
2858,1033
2858,1114
2858,1147
2858,1199
2858,1201
2858,1203
2858,1208
2858,1229
2858,1231
2858,1265
2858,1318
2858,1342
2858,1366
2858,1462
2858,1542
2858,1576
2858,1605
2858,1713
2858,1754
2858,1779
2858,1837
2858,1968
2858,1971
2858,2020
2858,2029
2858,2185
2858,2278
2858,2403
2858,2578
2858,2580
2858,2642
2858,2692
2858,2696
2858,2841
2858,3055
2858,3338
2858,3402
2858,3517
2858,3522
2858,3556
2858,3568
2858,3769
2858,3943
2858,4011
2858,4119
2858,4132
2858,4139
2858,4166
2858,4319
2858,4396
2858,4444
2858,4481
2858,4568
2858,4977
2858,4998
2858,5021
2858,5055
2858,5073
2858,5087
2858,5149
2858,5233
2858,5246
2858,5712
2858,5766
2858,6011
2858,6158
2858,6204
2858,6292
2858,6375
2858,6498
2858,6659
2858,6697
2858,6863
2858,6883
2858,6938
2858,6943
2858,6949
2858,6963
2858,7028
2858,7148
2858,7350
2858,7571
2858,7625
2859,258
2859,593
2859,1798
2859,1899
2859,2173
2859,2198
2859,2294
2859,2778
2859,2871
2859,3221
2859,3247
2859,3438
2859,3657
2859,4217
2859,4912
2859,4954
2859,5132
2859,5293
2859,5372
2859,5404
2859,5568
2859,5734
2859,6054
2859,6702
2859,6759
2859,7119
2859,7276
2859,7283
2859,7464
2859,7534
2860,216
2860,324
2860,749
2860,1412
2860,1609
2860,1743
2860,2256
2860,3021
2860,3649
2860,3830
2860,4883
2860,4938
2860,5250
2860,5436
2860,5465
2860,5848
2860,6250
2860,6670
2860,6765
2860,6965
2860,7073
2861,36
2861,412
2861,478
2861,1243
2861,1389
2861,1531
2861,1709
2861,1732
2861,1734
2861,1827
2861,1867
2861,1969
2861,2192
2861,2235
2861,2250
2861,2324
2861,2622
2861,2822
2861,2854
2861,2895
2861,3091
2861,3116
2861,3326
2861,3371
2861,3529
2861,4038
2861,4256
2861,4274
2861,4312
2861,4467
2861,4666
2861,4960
2861,5257
2861,5512
2861,6099
2861,6250
2861,6357
2861,6465
2861,6552
2861,7014
2862,1141
2862,1142
2862,1283
2862,2185
2862,3075
2862,4124
2862,4431
2862,4439
2862,4643
2862,4888
2862,6394
2862,7115
2863,156
2863,301
2863,613
2863,829
2863,864
2863,1001
2863,1080
2863,1156
2863,1188
2863,1388
2863,1891
2863,2016
2863,2127
2863,2169
2863,2223
2863,2463
2863,2570
2863,2879
2863,2898
2863,2918
2863,3031
2863,3097
2863,3260
2863,3265
2863,3358
2863,3378
2863,3384
2863,3397
2863,3407
2863,3793
2863,3809
2863,3855
2863,3883
2863,4040
2863,4094
2863,4376
2863,4486
2863,4532
2863,4617
2863,4654
2863,4762
2863,4799
2863,4862
2863,4869
2863,4913
2863,4915
2863,4973
2863,5168
2863,5219
2863,5425
2863,5527
2863,5574
2863,5771
2863,5777
2863,5787
2863,5796
2863,5912
2863,6058
2863,6071
2863,6339
2863,6542
2863,6724
2863,6856
2863,6911
2863,6914
2863,6987
2863,7084
2864,1436
2864,2997
2864,4462
2864,5499
2864,6142
2864,6721
2864,7087
2865,1008
2865,1235
2865,1506
2865,1755
2865,2082
2865,2464
2865,2721
2865,3728
2865,3977
2865,4030
2865,5792
2865,5837
2865,6471
2865,7242
2866,593
2866,1763
2866,1840
2866,1899
2866,2198
2866,3698
2866,4806
2866,5404
2866,6702
2866,7071
2866,7150
2867,310
2867,356
2867,370
2867,586
2867,1275
2867,1425
2867,1701
2867,2221
2867,2505
2867,2712
2867,3009
2867,3136
2867,3173
2867,3400
2867,3490
2867,3690
2867,3770
2867,3826
2867,4200
2867,4383
2867,4410
2867,4752
2867,4783
2867,5014
2867,5367
2867,5387
2867,5901
2867,5994
2867,6312
2867,6367
2867,7360
2868,258
2868,593
2868,659
2868,1281
2868,1744
2868,2030
2868,2380
2868,3049
2868,5006
2868,5518
2868,6321
2868,6850
2868,6887
2869,120
2869,1234
2869,1909
2869,2196
2869,2362
2869,6138
2869,6681
2870,242
2870,820
2871,26
2871,28
2871,72
2871,134
2871,149
2871,183
2871,352
2871,383
2871,471
2871,522
2871,593
2871,658
2871,834
2871,899
2871,970
2871,1004
2871,1024
2871,1060
2871,1194
2871,1253
2871,1280
2871,1305
2871,1347
2871,1353
2871,1429
2871,1517
2871,1627
2871,1633
2871,1666
2871,1767
2871,1777
2871,1899
2871,1930
2871,1981
2871,2117
2871,2173
2871,2205
2871,2239
2871,2294
2871,2561
2871,2586
2871,2685
2871,2746
2871,2778
2871,2859
2871,3035
2871,3053
2871,3109
2871,3123
2871,3221
2871,3241
2871,3242
2871,3243
2871,3257
2871,3270
2871,3310
2871,3438
2871,3473
2871,3577
2871,3657
2871,3807
2871,3856
2871,4013
2871,4033
2871,4217
2871,4345
2871,4386
2871,4791
2871,4805
2871,5234
2871,5302
2871,5378
2871,5442
2871,5461
2871,5503
2871,5568
2871,5932
2871,5936
2871,5953
2871,6054
2871,6085
2871,6134
2871,6269
2871,6450
2871,6464
2871,6572
2871,6600
2871,6702
2871,6726
2871,6759
2871,6790
2871,6917
2871,6983
2871,7119
2871,7239
2871,7276
2871,7365
2871,7373
2871,7398
2871,7406
2871,7409
2871,7503
2871,7526
2871,7534
2871,7596
2872,90
2872,171
2872,202
2872,1031
2872,1056
2872,1454
2872,1906
2872,2411
2872,2524
2872,2636
2872,2695
2872,2799
2872,3239
2872,3437
2872,3461
2872,4106
2872,4232
2872,4283
2872,4305
2872,4628
2872,4880
2872,4922
2872,5633
2872,6245
2872,6460
2872,6473
2872,6549
2872,6571
2872,6642
2872,6728
2872,6735
2872,6886
2872,7417
2872,7433
2872,7620
2872,7641
2873,147
2873,398
2873,481
2873,561
2873,578
2873,618
2873,837
2873,901
2873,1086
2873,1223
2873,1466
2873,1622
2873,1646
2873,1683
2873,2012
2873,2491
2873,2499
2873,2786
2873,3180
2873,3211
2873,3255
2873,3449
2873,4117
2873,4191
2873,4244
2873,4310
2873,4411
2873,4487
2873,4494
2873,4498
2873,4663
2873,5974
2873,6106
2873,6311
2873,6488
2873,6609
2873,6625
2873,7015
2873,7383
2873,7489
2873,7598
2874,11
2874,64
2874,249
2874,297
2874,307
2874,355
2874,376
2874,422
2874,884
2874,996
2874,1149
2874,1151
2874,1304
2874,1445
2874,1692
2874,1740
2874,1807
2874,2168
2874,2217
2874,2413
2874,2534
2874,3122
2874,3135
2874,3147
2874,3214
2874,3266
2874,3477
2874,3486
2874,3511
2874,4005
2874,4093
2874,4202
2874,4279
2874,4288
2874,4322
2874,4611
2874,4744
2874,4796
2874,5046
2874,5104
2874,5738
2874,5803
2874,5921
2874,6144
2874,6221
2874,6355
2874,6402
2874,6524
2874,6988
2874,7037
2874,7108
2874,7220
2874,7273
2874,7408
2874,7449
2874,7460
2874,7472
2874,7509
2875,150
2875,373
2875,545
2875,650
2875,872
2875,1009
2875,1075
2875,1500
2875,2034
2875,2074
2875,2136
2875,2288
2875,2315
2875,2830
2875,3095
2875,3186
2875,3354
2875,3534
2875,3622
2875,3746
2875,3901
2875,3993
2875,4346
2875,4533
2875,5314
2875,5358
2875,5466
2875,5583
2875,5746
2875,6504
2875,6606
2875,7286
2876,66
2876,157
2876,385
2876,1123
2876,1251
2876,1691
2876,2662
2876,3137
2876,3175
2876,3248
2876,3292
2876,3442
2876,4325
2876,4341
2876,5106
2876,5238
2876,5684
2876,6432
2876,6773
2876,7117
2876,7620
2877,83
2877,222
2877,1083
2877,1354
2877,1400
2877,2456
2877,2720
2877,3231
2877,3431
2877,3801
2877,4221
2877,4530
2877,4647
2877,5480
2877,5911
2877,7098
2877,7243
2877,7388
2878,1021
2878,1303
2879,430
2879,864
2879,1188
2879,2155
2879,2223
2879,2355
2879,2570
2879,2834
2879,2863
2879,2898
2879,2918
2879,3265
2879,3665
2879,3793
2879,3855
2879,4040
2879,4094
2879,4532
2879,4973
2879,5168
2879,5771
2879,5912
2879,6058
2879,6386
2879,6724
2879,6856
2879,7084
2880,156
2880,373
2880,514
2880,613
2880,907
2880,1290
2880,1760
2880,1950
2880,2110
2880,2135
2880,2162
2880,2465
2880,3097
2880,3265
2880,3358
2880,3387
2880,3405
2880,3705
2880,4486
2880,4762
2880,4913
2880,5318
2880,5388
2880,5456
2880,5763
2880,5787
2880,6005
2880,6459
2880,6821
2880,6908
2880,7418
2880,7498
2881,260
2881,369
2881,552
2881,1058
2881,1113
2881,1254
2881,1453
2881,1524
2881,1621
2881,1862
2881,1959
2881,2115
2881,2129
2881,2198
2881,2339
2881,2370
2881,2377
2881,2911
2881,3160
2881,3178
2881,3311
2881,3748
2881,3758
2881,3867
2881,3895
2881,4376
2881,4384
2881,4608
2881,4805
2881,4806
2881,5070
2881,5108
2881,5132
2881,5194
2881,5222
2881,5286
2881,5296
2881,5404
2881,5641
2881,5649
2881,5707
2881,5714
2881,5740
2881,5816
2881,5881
2881,6354
2881,6760
2881,6933
2881,7147
2881,7159
2881,7252
2881,7353
2881,7582
2882,27
2882,77
2882,260
2882,369
2882,431
2882,446
2882,593
2882,626
2882,951
2882,1058
2882,1152
2882,1210
2882,1330
2882,1357
2882,1415
2882,1513
2882,1621
2882,1634
2882,1690
2882,1798
2882,2106
2882,2198
2882,2239
2882,2406
2882,2571
2882,3185
2882,3277
2882,3359
2882,3408
2882,3428
2882,3459
2882,3748
2882,4164
2882,4184
2882,4376
2882,4787
2882,4806
2882,5214
2882,5222
2882,5404
2882,5707
2882,5740
2882,5797
2882,5799
2882,5816
2882,5881
2882,6077
2882,6414
2882,6551
2882,6646
2882,6669
2882,6702
2882,6707
2882,6933
2882,7003
2882,7071
2882,7105
2882,7114
2882,7289
2882,7464
2882,7535
2882,7582
2882,7607
2883,266
2883,903
2883,1453
2883,1945
2883,2198
2883,2630
2883,2639
2883,2770
2883,3060
2883,3408
2883,3762
2883,3895
2883,3965
2883,4046
2883,4384
2883,4801
2883,4864
2883,5010
2883,5082
2883,5513
2883,5576
2883,5709
2883,5931
2883,5945
2883,6027
2883,6462
2883,6537
2883,6802
2883,7296
2883,7385
2883,7401
2884,1520
2884,1915
2884,2199
2884,3625
2884,4378
2884,5234
2884,5940
2884,6592
2885,1237
2885,1422
2885,2528
2885,3412
2885,4237
2885,4399
2886,904
2886,3748
2886,4376
2886,5404
2886,6848
2887,134
2887,419
2887,522
2887,739
2887,899
2887,1002
2887,1024
2887,1082
2887,1236
2887,1591
2887,2095
2887,2117
2887,2173
2887,2294
2887,2309
2887,2556
2887,2685
2887,2778
2887,2819
2887,3053
2887,3123
2887,3243
2887,3257
2887,3657
2887,3807
2887,3923
2887,4013
2887,4082
2887,4217
2887,4345
2887,4650
2887,4791
2887,4812
2887,4828
2887,4848
2887,4912
2887,5061
2887,5133
2887,5327
2887,5568
2887,5595
2887,5703
2887,5932
2887,5958
2887,6175
2887,6289
2887,6343
2887,6353
2887,6371
2887,6759
2887,6983
2887,7398
2888,23
2888,85
2888,103
2888,129
2888,183
2888,260
2888,431
2888,475
2888,479
2888,542
2888,593
2888,727
2888,1058
2888,1113
2888,1268
2888,1293
2888,1368
2888,1453
2888,1478
2888,1798
2888,2013
2888,2106
2888,2198
2888,2215
2888,2370
2888,2671
2888,3183
2888,3357
2888,3370
2888,3408
2888,3459
2888,3958
2888,4080
2888,4184
2888,4249
2888,4326
2888,4355
2888,4369
2888,4376
2888,4384
2888,4578
2888,4680
2888,4806
2888,4952
2888,5641
2888,5707
2888,5740
2888,5955
2888,5976
2888,6100
2888,6551
2888,6646
2888,6707
2888,6892
2888,6906
2888,6933
2888,6952
2888,6971
2888,7296
2888,7320
2888,7464
2888,7535
2888,7537
2889,495
2889,3578
2889,3866
2890,293
2890,6704
2891,2742
2891,3046
2891,4061
2891,4689
2891,6523
2892,186
2892,335
2892,1672
2892,1785
2892,2667
2892,2953
2892,3283
2892,4072
2892,5117
2892,7411
2893,628
2893,892
2893,1084
2893,1448
2893,1519
2893,1761
2893,2265
2893,2529
2893,2703
2893,2903
2893,3404
2893,3480
2893,3506
2893,3821
2893,3839
2893,3920
2893,4153
2893,4617
2893,5722
2893,6243
2893,6909
2893,7307
2894,771
2894,1225
2894,1499
2894,2028
2894,3421
2894,3691
2894,3871
2894,3959
2894,5280
2894,5435
2894,5957
2894,6864
2895,186
2895,412
2895,1243
2895,1759
2895,1785
2895,1827
2895,1900
2895,1969
2895,2192
2895,2235
2895,2250
2895,2324
2895,2754
2895,2861
2895,2899
2895,2953
2895,3116
2895,3326
2895,4905
2895,4960
2895,5028
2895,5245
2895,5879
2895,6250
2895,7411
2896,147
2896,481
2896,1622
2896,3180
2896,4244
2896,4663
2896,5737
2896,6106
2896,6488
2896,6508
2896,7383
2897,88
2897,146
2897,250
2897,395
2897,638
2897,648
2897,747
2897,998
2897,1063
2897,1275
2897,1362
2897,1453
2897,1931
2897,2081
2897,2116
2897,2274
2897,2374
2897,2430
2897,3004
2897,3005
2897,3240
2897,3518
2897,3566
2897,3731
2897,3778
2897,3937
2897,4189
2897,4282
2897,4368
2897,4378
2897,4571
2897,4605
2897,5078
2897,5550
2897,5765
2897,6048
2897,6165
2897,7479
2897,7588
2898,430
2898,975
2898,2016
2898,2427
2898,2863
2898,2879
2898,3378
2898,3492
2898,3595
2898,3883
2898,4042
2898,4799
2898,4862
2898,4913
2898,5150
2898,5787
2898,5796
2898,5912
2898,6386
2898,6542
2899,186
2899,335
2899,1785
2899,1900
2899,2235
2899,2364
2899,2667
2899,2895
2899,2953
2899,4105
2899,4403
2899,4905
2899,5117
2899,5619
2899,5711
2899,5879
2899,7411
2899,7458
2899,7506
2900,3143
2901,40
2901,92
2901,456
2901,601
2901,606
2901,705
2901,860
2901,881
2901,1064
2901,1310
2901,1486
2901,1904
2901,1938
2901,2113
2901,2248
2901,2299
2901,2450
2901,3394
2901,3698
2901,4039
2901,4062
2901,4294
2901,4302
2901,4330
2901,4356
2901,4422
2901,4490
2901,4735
2901,4904
2901,4940
2901,4986
2901,4987
2901,5807
2901,6281
2901,6426
2901,6588
2901,6951
2901,7032
2901,7330
2901,7445
2902,429
2902,2997
2902,4462
2902,7087
2903,5
2903,71
2903,212
2903,225
2903,283
2903,584
2903,655
2903,683
2903,724
2903,942
2903,1196
2903,1287
2903,1291
2903,1521
2903,1549
2903,1615
2903,1642
2903,1665
2903,1733
2903,1922
2903,1978
2903,2059
2903,2172
2903,2215
2903,2279
2903,2325
2903,2434
2903,2441
2903,2632
2903,2673
2903,2703
2903,2783
2903,2893
2903,2945
2903,2987
2903,3062
2903,3083
2903,3125
2903,3455
2903,3506
2903,3510
2903,3539
2903,3559
2903,3702
2903,3784
2903,4067
2903,4177
2903,4502
2903,4584
2903,4811
2903,5120
2903,5373
2903,5722
2903,5798
2903,5851
2903,5917
2903,6036
2903,6047
2903,6059
2903,6296
2903,6348
2903,6412
2903,6538
2903,6610
2903,6699
2903,6909
2903,6920
2903,7130
2903,7131
2903,7322
2903,7422
2903,7569
2904,526
2904,669
2904,1210
2904,1357
2904,1429
2904,1899
2904,2111
2904,2198
2904,2206
2904,2286
2904,2376
2904,2447
2904,3049
2904,3328
2904,3385
2904,3510
2904,3856
2904,4116
2904,4390
2904,4805
2904,5063
2904,5428
2904,5445
2904,5556
2904,6038
2904,6388
2904,6458
2904,6569
2904,6834
2904,6909
2904,7250
2904,7477
2905,73
2905,106
2905,456
2905,881
2905,1058
2905,1280
2905,1406
2905,1479
2905,2021
2905,2113
2905,2626
2905,2795
2905,3277
2905,3503
2905,3532
2905,4097
2905,4376
2905,4522
2905,5022
2905,6276
2905,6588
2905,6803
2905,7032
2905,7102
2905,7330
2906,455
2906,593
2906,1723
2906,1796
2906,1899
2906,2198
2906,2380
2906,2553
2906,3648
2906,3720
2906,4805
2906,5241
2906,5404
2906,5982
2906,6414
2906,6669
2906,6702
2906,7215
2906,7337
2906,7352
2906,7477
2907,394
2907,835
2907,940
2907,1321
2907,1325
2907,1813
2907,1915
2907,2066
2907,2490
2907,3052
2907,3086
2907,3103
2907,3331
2907,3451
2907,3567
2907,3612
2907,3798
2907,4116
2907,4218
2907,4709
2907,5089
2907,5213
2907,5880
2907,6189
2907,6703
2907,6716
2907,6960
2907,7518
2908,1069
2908,1210
2908,2143
2908,2198
2908,3049
2908,3607
2908,4890
2908,6211
2908,6572
2909,6169
2910,100
2910,250
2910,998
2910,1143
2910,1436
2910,2150
2910,2374
2910,2430
2910,2543
2910,3005
2910,3635
2910,3907
2910,4033
2910,4378
2910,4454
2910,4687
2910,4817
2910,6142
2910,6258
2910,6721
2910,6729
2911,23
2911,69
2911,71
2911,85
2911,138
2911,260
2911,415
2911,789
2911,795
2911,810
2911,903
2911,904
2911,916
2911,942
2911,973
2911,986
2911,1040
2911,1058
2911,1102
2911,1113
2911,1224
2911,1249
2911,1268
2911,1284
2911,1293
2911,1330
2911,1368
2911,1430
2911,1453
2911,1456
2911,1478
2911,1540
2911,1549
2911,1621
2911,1624
2911,1735
2911,1775
2911,1798
2911,1840
2911,1860
2911,1907
2911,1908
2911,1945
2911,1965
2911,2033
2911,2060
2911,2194
2911,2215
2911,2320
2911,2332
2911,2370
2911,2377
2911,2617
2911,2620
2911,2657
2911,2744
2911,2765
2911,2848
2911,2852
2911,2881
2911,2956
2911,2974
2911,3025
2911,3177
2911,3183
2911,3264
2911,3284
2911,3311
2911,3370
2911,3408
2911,3538
2911,3593
2911,3692
2911,3758
2911,3895
2911,3948
2911,3970
2911,4080
2911,4091
2911,4096
2911,4177
2911,4184
2911,4233
2911,4248
2911,4253
2911,4286
2911,4303
2911,4313
2911,4376
2911,4381
2911,4384
2911,4466
2911,4785
2911,4801
2911,4803
2911,4806
2911,4865
2911,4871
2911,4919
2911,4983
2911,5091
2911,5212
2911,5222
2911,5223
2911,5259
2911,5261
2911,5278
2911,5296
2911,5351
2911,5464
2911,5507
2911,5623
2911,5641
2911,5707
2911,5730
2911,5816
2911,5941
2911,5952
2911,5961
2911,6208
2911,6242
2911,6253
2911,6284
2911,6303
2911,6507
2911,6510
2911,6551
2911,6618
2911,6640
2911,6701
2911,6760
2911,6779
2911,6794
2911,6810
2911,6843
2911,6877
2911,6933
2911,6936
2911,6981
2911,6984
2911,7085
2911,7147
2911,7171
2911,7197
2911,7296
2911,7385
2911,7465
2911,7525
2911,7535
2911,7580
2911,7597
2911,7599
2912,3735
2912,4025
2912,4563
2912,6814
2913,183
2913,192
2913,358
2913,445
2913,446
2913,469
2913,552
2913,593
2913,766
2913,770
2913,865
2913,958
2913,1022
2913,1058
2913,1097
2913,1102
2913,1268
2913,1399
2913,1472
2913,1575
2913,1624
2913,1634
2913,1652
2913,1744
2913,1899
2913,2123
2913,2166
2913,2198
2913,2206
2913,2239
2913,2406
2913,2471
2913,2645
2913,2730
2913,2970
2913,3049
2913,3050
2913,3118
2913,3152
2913,3183
2913,3373
2913,3384
2913,3403
2913,3542
2913,3546
2913,3578
2913,3620
2913,3713
2913,3748
2913,3832
2913,3876
2913,4062
2913,4067
2913,4164
2913,4211
2913,4376
2913,4384
2913,4553
2913,4680
2913,4805
2913,5022
2913,5097
2913,5132
2913,5234
2913,5278
2913,5296
2913,5404
2913,5415
2913,5455
2913,5459
2913,5490
2913,5559
2913,5649
2913,6098
2913,6140
2913,6354
2913,6409
2913,6468
2913,6638
2913,6649
2913,6672
2913,6673
2913,6702
2913,6707
2913,6778
2913,6895
2913,6907
2913,6958
2913,7021
2913,7096
2913,7097
2913,7288
2913,7481
2913,7604
2914,151
2914,5185
2914,6270
2915,884
2915,1923
2915,2064
2915,4443
2915,4925
2915,5827
2915,5884
2915,6042
2916,89
2916,258
2916,593
2916,868
2916,1798
2916,2115
2916,2198
2916,4380
2916,4630
2916,5797
2916,7280
2917,352
2917,456
2917,526
2917,628
2917,892
2917,1058
2917,1084
2917,1241
2917,1645
2917,1761
2917,2026
2917,2092
2917,2111
2917,2581
2917,2655
2917,3510
2917,3839
2917,3856
2917,4116
2917,4503
2917,4541
2917,4653
2917,4747
2917,4790
2917,4805
2917,4990
2917,5063
2917,5170
2917,5264
2917,5544
2917,6388
2917,6458
2917,6481
2917,6668
2917,6909
2917,7047
2917,7113
2917,7250
2918,829
2918,1188
2918,1388
2918,2570
2918,2863
2918,2879
2918,3855
2918,4094
2918,4913
2918,4973
2918,5168
2918,5771
2918,6058
2919,354
2919,792
2919,1147
2919,1154
2919,1837
2919,1968
2919,1971
2919,2278
2919,2580
2919,2586
2919,2937
2919,3286
2919,3522
2919,3943
2919,4036
2919,4119
2919,4481
2919,5021
2919,6455
2919,6883
2919,7533
2920,2111
2920,6569
2920,7130
2920,7250
2921,369
2921,479
2921,593
2921,600
2921,1293
2921,1368
2921,1415
2921,1524
2921,1684
2921,1796
2921,1798
2921,2106
2921,2115
2921,2198
2921,2215
2921,2377
2921,2441
2921,2958
2921,2981
2921,3185
2921,3196
2921,4067
2921,4090
2921,4210
2921,4384
2921,4791
2921,4865
2921,4952
2921,5070
2921,5132
2921,5258
2921,5259
2921,5296
2921,5404
2921,5967
2921,5976
2921,6066
2921,6492
2921,6702
2921,6909
2921,6933
2921,7003
2921,7091
2921,7464
2921,7607
2922,6897
2923,7574
2924,53
2924,402
2924,691
2924,1340
2924,2433
2924,2840
2924,3219
2924,3281
2924,3525
2924,4449
2924,4646
2924,4926
2924,5239
2924,7031
2924,7063
2925,517
2925,649
2925,1122
2925,1759
2925,2006
2925,2098
2925,2281
2925,2312
2925,2324
2925,2327
2925,2681
2925,3065
2925,3356
2925,3628
2925,4676
2925,4758
2925,6502
2925,6679
2925,6997
2926,481
2926,561
2926,837
2926,855
2926,1086
2926,1096
2926,1477
2926,1622
2926,1683
2926,2499
2926,3180
2926,3733
2926,3904
2926,4244
2926,4411
2926,4485
2926,4487
2926,4498
2926,4663
2926,4681
2926,5974
2926,6106
2926,6488
2926,6625
2926,6829
2926,7383
2927,413
2927,528
2927,558
2927,675
2927,1227
2927,1302
2927,1413
2927,2065
2927,2161
2927,2177
2927,2233
2927,2686
2927,2760
2927,2807
2927,3509
2927,4344
2927,4685
2927,5354
2927,5484
2927,5634
2927,5664
2927,5682
2927,6305
2927,6839
2927,6929
2928,2385
2928,4685
2928,5484
2928,6839
2928,7587
2929,24
2929,593
2929,1744
2929,1838
2929,2198
2929,2553
2929,3704
2929,4522
2929,4641
2929,4805
2929,5584
2929,5903
2929,6702
2930,1123
2930,1395
2930,3860
2930,7620
2931,26
2931,77
2931,258
2931,446
2931,593
2931,1058
2931,1254
2931,1418
2931,1663
2931,1899
2931,1999
2931,2198
2931,3469
2931,3748
2931,4164
2931,4184
2931,4217
2931,4376
2931,4578
2931,4768
2931,4806
2931,5070
2931,5302
2931,5372
2931,5404
2931,5881
2931,5982
2931,6024
2931,6039
2931,6551
2931,6702
2931,6790
2931,7003
2931,7097
2931,7215
2931,7276
2931,7464
2932,3894
2932,4994
2933,2233
2933,4194
2933,4863
2934,281
2934,452
2934,624
2934,799
2934,1201
2934,1971
2934,2278
2934,2580
2934,2642
2934,3402
2934,3522
2934,4119
2934,4481
2934,4977
2934,5196
2934,6158
2934,6863
2934,7625
2935,34
2935,610
2935,1317
2935,1730
2935,2104
2935,2440
2935,2558
2935,4592
2935,4691
2935,4805
2935,5332
2935,5559
2935,6388
2935,6994
2935,7116
2936,281
2936,327
2936,452
2936,1201
2936,1490
2936,1602
2936,2203
2936,2693
2936,2747
2936,3144
2936,3301
2936,3522
2936,3917
2936,4568
2936,4749
2936,4898
2936,5353
2936,5443
2936,6267
2936,6455
2936,6782
2936,7083
2936,7148
2936,7381
2937,624
2937,792
2937,1147
2937,1154
2937,1201
2937,1366
2937,1542
2937,1837
2937,1968
2937,1971
2937,2203
2937,2278
2937,2580
2937,2696
2937,2841
2937,2846
2937,2919
2937,3286
2937,3301
2937,3522
2937,3943
2937,4036
2937,4481
2937,5021
2937,6158
2937,6455
2937,6833
2937,6863
2937,6883
2937,6938
2937,7301
2937,7533
2938,260
2938,304
2938,593
2938,1058
2938,1211
2938,1472
2938,1634
2938,1798
2938,1899
2938,2106
2938,2129
2938,2198
2938,2215
2938,2393
2938,2406
2938,3183
2938,3459
2938,3693
2938,3748
2938,4164
2938,4376
2938,4384
2938,4806
2938,5404
2938,5641
2938,5740
2938,5816
2938,5881
2938,6702
2938,7003
2938,7071
2938,7296
2938,7464
2938,7471
2938,7572
2939,54
2939,932
2939,1115
2939,4399
2939,7275
2940,3608
2941,1253
2941,1347
2941,1896
2941,4384
2941,5461
2941,5661
2941,6572
2941,7409
2942,798
2942,1207
2942,1341
2942,1352
2942,1606
2942,1793
2942,1968
2942,2069
2942,2289
2942,3033
2942,3126
2942,3519
2942,3790
2942,4079
2942,4134
2942,4299
2942,4339
2942,5342
2942,5477
2942,5481
2942,5621
2942,5683
2942,5905
2942,5956
2942,6023
2942,6285
2942,6543
2942,6903
2942,7002
2942,7082
2942,7138
2942,7425
2943,17
2943,120
2943,656
2943,932
2943,977
2943,1237
2943,1593
2943,1791
2943,1903
2943,1909
2943,2399
2943,2554
2943,3210
2943,3366
2943,3736
2943,3908
2943,3939
2943,4060
2943,4237
2943,4382
2943,5140
2943,5439
2943,5591
2943,5867
2943,6002
2943,6042
2943,6094
2943,6130
2943,6145
2943,6550
2943,6598
2943,6635
2943,7264
2943,7275
2943,7460
2943,7491
2944,9
2944,128
2944,252
2944,564
2944,908
2944,1358
2944,1435
2944,1550
2944,2044
2944,2094
2944,2096
2944,2263
2944,2378
2944,3365
2944,3478
2944,3484
2944,3555
2944,4430
2944,4769
2944,4882
2944,5118
2944,5192
2944,5486
2944,5625
2944,5636
2944,6162
2944,6555
2944,7094
2944,7235
2944,7393
2945,5
2945,212
2945,225
2945,283
2945,526
2945,584
2945,587
2945,600
2945,655
2945,683
2945,724
2945,911
2945,921
2945,986
2945,1196
2945,1291
2945,1521
2945,1716
2945,1733
2945,1922
2945,2170
2945,2172
2945,2198
2945,2215
2945,2273
2945,2423
2945,2567
2945,2703
2945,2903
2945,3062
2945,3083
2945,3506
2945,3510
2945,3839
2945,3985
2945,4067
2945,4153
2945,4384
2945,4502
2945,4584
2945,4811
2945,5097
2945,6026
2945,6059
2945,6196
2945,6348
2945,6408
2945,6412
2945,6427
2945,6484
2945,6547
2945,6610
2945,6630
2945,6699
2945,6715
2945,6909
2945,7077
2945,7130
2945,7322
2946,749
2946,909
2946,1037
2946,1243
2946,1609
2946,1734
2946,1759
2946,2090
2946,2728
2946,3714
2946,4504
2946,4759
2946,4960
2946,5164
2947,355
2947,1149
2947,1151
2947,2168
2947,2413
2947,3147
2947,4202
2947,7449
2947,7472
2948,721
2948,2143
2948,2455
2948,2544
2948,2959
2948,4037
2948,6611
2948,7131
2948,7384
2949,824
2949,932
2949,968
2949,1021
2949,1115
2949,1262
2949,1772
2949,2133
2949,2318
2949,2388
2949,2399
2949,2528
2949,3231
2949,3361
2949,3389
2949,3412
2949,3569
2949,3879
2949,4237
2949,4399
2949,4497
2949,4512
2949,5131
2949,5279
2949,5439
2949,5611
2949,6113
2949,6138
2949,6550
2949,7460
2949,7544
2950,269
2950,305
2950,835
2950,906
2950,947
2950,2198
2950,2239
2950,2287
2950,2823
2950,3152
2950,3277
2950,3433
2950,4458
2950,4641
2950,4771
2950,4805
2950,5213
2950,6345
2950,6702
2950,7395
2950,7467
2951,144
2951,231
2951,567
2951,1055
2951,1124
2951,1433
2951,2456
2951,2710
2951,2720
2951,3231
2951,3747
2951,3801
2951,5297
2951,7098
2951,7243
2951,7317
2951,7356
2952,1252
2952,1335
2952,2330
2952,2342
2952,3491
2952,4033
2952,5029
2952,5186
2952,5254
2952,5550
2952,5571
2952,7644
2953,186
2953,335
2953,1346
2953,1672
2953,1785
2953,1900
2953,2235
2953,2250
2953,2364
2953,2667
2953,2892
2953,2895
2953,2899
2953,3283
2953,3961
2953,4038
2953,4072
2953,4105
2953,4264
2953,4403
2953,4905
2953,5117
2953,5711
2953,6250
2953,7411
2953,7506
2954,1296
2954,1733
2954,1927
2954,2001
2954,2522
2954,2955
2954,4356
2954,4362
2954,4422
2954,4890
2954,5296
2954,6123
2954,6178
2954,6452
2954,6624
2954,7296
2954,7533
2955,217
2955,490
2955,1212
2955,1984
2955,2565
2955,2701
2955,2809
2955,2954
2955,2959
2955,3607
2955,4745
2955,5676
2955,7067
2955,7128
2955,7455
2956,85
2956,103
2956,304
2956,904
2956,1011
2956,1293
2956,1453
2956,1472
2956,1624
2956,1682
2956,2106
2956,2215
2956,2377
2956,2659
2956,2719
2956,2911
2956,3039
2956,3183
2956,3311
2956,3347
2956,3370
2956,3532
2956,3538
2956,3557
2956,3762
2956,3895
2956,4376
2956,4384
2956,4865
2956,5132
2956,5709
2956,6537
2956,6551
2956,6760
2956,6981
2956,7296
2956,7533
2957,399
2957,433
2957,890
2957,1053
2957,1306
2957,1852
2957,2250
2957,2321
2957,3057
2957,3481
2957,3536
2957,3811
2957,3843
2957,4126
2957,4133
2957,4265
2957,5161
2957,5427
2957,5600
2957,5915
2957,6127
2957,6213
2957,6525
2957,6650
2958,85
2958,874
2958,973
2958,1058
2958,1210
2958,1270
2958,1453
2958,1796
2958,2198
2958,2339
2958,2921
2958,3019
2958,3183
2958,3311
2958,3616
2958,3748
2958,4067
2958,4164
2958,4376
2958,4384
2958,4595
2958,4680
2958,4805
2958,5037
2958,5132
2958,5251
2958,5404
2958,5881
2958,6702
2958,7213
2958,7219
2959,40
2959,92
2959,526
2959,551
2959,843
2959,1563
2959,1904
2959,1990
2959,2113
2959,2948
2959,2955
2959,2999
2959,3503
2959,3698
2959,4362
2959,4427
2959,4490
2959,5541
2959,6001
2959,6588
2959,7445
2959,7556
2960,28
2960,920
2960,946
2960,1280
2960,1429
2960,2244
2960,3271
2960,3856
2960,4033
2960,5209
2960,5496
2960,5708
2960,6807
2960,7190
2961,260
2961,304
2961,456
2961,593
2961,1058
2961,1284
2961,1444
2961,1472
2961,1524
2961,1999
2961,2115
2961,2198
2961,2239
2961,2370
2961,2981
2961,4071
2961,4184
2961,4210
2961,4217
2961,4376
2961,4805
2961,4864
2961,5082
2961,5132
2961,5203
2961,5404
2961,5641
2961,6551
2961,6702
2961,6707
2961,7071
2961,7077
2961,7280
2961,7467
2961,7572
2961,7582
2962,2997
2962,4910
2962,5499
2962,5550
2963,630
2963,887
2963,1087
2963,1503
2963,1946
2963,2077
2963,2319
2963,2379
2963,2436
2963,2607
2963,2749
2963,2966
2963,3229
2963,3437
2963,3495
2963,3934
2963,4209
2963,4272
2963,4970
2963,5093
2963,5288
2963,5690
2963,5885
2963,5916
2963,6307
2963,6433
2963,6656
2963,7030
2964,2588
2964,3532
2964,3726
2964,4186
2964,4259
2964,4719
2964,5511
2964,6098
2965,2423
2965,3985
2965,4067
2965,4206
2965,6569
2965,7336
2966,530
2966,630
2966,1340
2966,1503
2966,2077
2966,2236
2966,2319
2966,2338
2966,2436
2966,2477
2966,2695
2966,2963
2966,3156
2966,3229
2966,3495
2966,3934
2966,4108
2966,5122
2966,5260
2966,5885
2966,6433
2967,60
2967,304
2967,317
2967,526
2967,1011
2967,1106
2967,1293
2967,1349
2967,1575
2967,1590
2967,2198
2967,2716
2967,3330
2967,3762
2967,4037
2967,4210
2967,4642
2967,6034
2967,6216
2967,6537
2967,6749
2968,1395
2968,2496
2968,4907
2968,5326
2968,5580
2968,6463
2968,7026
2968,7545
2968,7620
2969,1429
2969,3579
2969,4033
2969,6807
2970,593
2970,766
2970,836
2970,1744
2970,1802
2970,1999
2970,2198
2970,2913
2970,4680
2970,4805
2970,4895
2970,5132
2970,5404
2970,5881
2970,6702
2971,2252
2971,4793
2971,5805
2971,7199
2971,7329
2972,220
2972,540
2972,593
2972,1058
2972,1284
2972,1357
2972,1575
2972,1620
2972,2145
2972,2198
2972,3748
2972,3895
2972,4376
2972,4680
2972,4700
2972,4805
2972,5132
2972,5139
2972,5251
2972,6409
2972,6702
2972,6990
2972,7101
2972,7147
2972,7280
2972,7638
2973,1408
2973,1544
2973,2706
2973,3335
2973,4016
2973,4100
2973,4152
2973,4832
2974,85
2974,260
2974,657
2974,1058
2974,1113
2974,1453
2974,1624
2974,1798
2974,2215
2974,2239
2974,2377
2974,2639
2974,2657
2974,2911
2974,3025
2974,3177
2974,3183
2974,3330
2974,3408
2974,3538
2974,3672
2974,3895
2974,3990
2974,4080
2974,4086
2974,4233
2974,4286
2974,4376
2974,4384
2974,4680
2974,4952
2974,4983
2974,5222
2974,5296
2974,5351
2974,5641
2974,5709
2974,5937
2974,5961
2974,6707
2974,6760
2974,6848
2974,6877
2974,6961
2974,7147
2974,7252
2974,7296
2974,7535
2974,7582
2974,7607
2975,236
2975,412
2975,850
2975,879
2975,914
2975,1282
2975,1364
2975,1396
2975,1412
2975,1977
2975,2419
2975,2508
2975,2596
2975,2728
2975,3091
2975,3099
2975,4264
2975,4667
2975,4960
2975,5849
2975,5906
2975,6007
2975,6010
2975,6250
2975,6363
2975,6442
2975,6532
2975,6931
2975,7122
2975,7238
2976,135
2976,507
2976,664
2976,1015
2976,1219
2976,1242
2976,1276
2976,1288
2976,1440
2976,1500
2976,1565
2976,1756
2976,1822
2976,2035
2976,2053
2976,2245
2976,2282
2976,2825
2976,2836
2976,3094
2976,3175
2976,3292
2976,3571
2976,3603
2976,3852
2976,3972
2976,4000
2976,4104
2976,4275
2976,4291
2976,4332
2976,4471
2976,4657
2976,4677
2976,4720
2976,4843
2976,4866
2976,4997
2976,5020
2976,5434
2976,5548
2976,5558
2976,5578
2976,5592
2976,5789
2976,5854
2976,5861
2976,5960
2976,6025
2976,6044
2976,6049
2976,6120
2976,6205
2976,6573
2976,6591
2976,6682
2976,6755
2976,6819
2976,7450
2976,7497
2976,7516
2976,7562
2976,7575
2976,7620
2976,7622
2977,336
2977,432
2977,583
2977,593
2977,766
2977,904
2977,1058
2977,1069
2977,1414
2977,1418
2977,1663
2977,1695
2977,2143
2977,2198
2977,2239
2977,2418
2977,2577
2977,2993
2977,3162
2977,3203
2977,3223
2977,3330
2977,3466
2977,3578
2977,3607
2977,3672
2977,3866
2977,3895
2977,4037
2977,4054
2977,4109
2977,4223
2977,4343
2977,4376
2977,4398
2977,4764
2977,5132
2977,5199
2977,5455
2977,5676
2977,5749
2977,5941
2977,5943
2977,5998
2977,6024
2977,6098
2977,6358
2977,6581
2977,6588
2977,6702
2977,7029
2977,7067
2977,7151
2977,7171
2977,7269
2977,7330
2977,7370
2977,7603
2978,525
2978,2162
2978,2386
2978,2462
2978,3329
2978,4136
2978,4482
2978,5253
2978,5318
2978,5422
2978,5501
2978,5763
2978,6186
2978,6263
2978,6491
2978,7643
2979,89
2979,258
2979,593
2979,1239
2979,1252
2979,1621
2979,1663
2979,1961
2979,2198
2979,2239
2979,2510
2979,3063
2979,3277
2979,3364
2979,3594
2979,3844
2979,3912
2979,4164
2979,4267
2979,4384
2979,4511
2979,4952
2979,5404
2979,5412
2979,5740
2979,5816
2979,5909
2979,6631
2979,7295
2979,7535
2981,42
2981,69
2981,98
2981,261
2981,304
2981,345
2981,484
2981,593
2981,726
2981,727
2981,813
2981,869
2981,906
2981,951
2981,1058
2981,1097
2981,1178
2981,1210
2981,1254
2981,1370
2981,1399
2981,1415
2981,1545
2981,1663
2981,1668
2981,1684
2981,1862
2981,1959
2981,1999
2981,2010
2981,2107
2981,2115
2981,2129
2981,2198
2981,2229
2981,2239
2981,2313
2981,2336
2981,2370
2981,2502
2981,2592
2981,2782
2981,2921
2981,2961
2981,3001
2981,3049
2981,3051
2981,3063
2981,3132
2981,3172
2981,3178
2981,3184
2981,3234
2981,3235
2981,3261
2981,3384
2981,3456
2981,3692
2981,3748
2981,3867
2981,3951
2981,4090
2981,4164
2981,4210
2981,4257
2981,4376
2981,4393
2981,4578
2981,4608
2981,4630
2981,4642
2981,4805
2981,4806
2981,4816
2981,4827
2981,5054
2981,5070
2981,5195
2981,5296
2981,5316
2981,5330
2981,5344
2981,5404
2981,5468
2981,5518
2981,5612
2981,5649
2981,5679
2981,5707
2981,5816
2981,5833
2981,5881
2981,5979
2981,6024
2981,6055
2981,6075
2981,6100
2981,6315
2981,6354
2981,6414
2981,6492
2981,6582
2981,6597
2981,6678
2981,6701
2981,6702
2981,6707
2981,6787
2981,6843
2981,6847
2981,6907
2981,7003
2981,7071
2981,7091
2981,7097
2981,7166
2981,7231
2981,7289
2981,7369
2981,7572
2981,7578
2981,7582
2982,1482
2982,4690
2982,7172
2982,7476
2982,7636
2983,147
2983,481
2983,561
2983,685
2983,746
2983,837
2983,901
2983,943
2983,1223
2983,1509
2983,1646
2983,2073
2983,2395
2983,2499
2983,2843
2983,3211
2983,3452
2983,3733
2983,4004
2983,4244
2983,4485
2983,4585
2983,4663
2983,4711
2983,5230
2983,5489
2983,5609
2983,5718
2983,5737
2983,5972
2983,5974
2983,6106
2983,6168
2983,6222
2983,6227
2983,6311
2983,6609
2983,6625
2983,6924
2983,7324
2983,7383
2983,7598
2984,199
2984,1503
2984,1936
2984,2319
2984,2436
2984,3137
2984,3229
2984,3495
2984,4209
2984,4646
2984,4742
2984,6433
2984,6656
2984,7194
2984,7367
2985,723
2985,2233
2985,3578
2985,4073
2986,288
2986,373
2986,650
2986,1255
2986,1270
2986,1541
2986,1924
2986,2416
2986,4994
2986,5254
2986,5400
2986,5550
2986,5566
2986,5910
2986,5989
2986,7088
2987,526
2987,724
2987,2783
2987,2903
2987,3455
2987,3510
2987,5115
2987,6408
2987,6909
2988,526
2988,2581
2988,3385
2988,3443
2988,3473
2988,3936
2988,4116
2988,4506
2988,4624
2988,4805
2988,5063
2988,6336
2988,6834
2988,6897
2990,55
2990,1252
2990,1758
2990,2397
2990,4215
2990,4798
2990,5922
2991,85
2991,89
2991,260
2991,552
2991,593
2991,616
2991,1058
2991,1453
2991,1472
2991,1575
2991,1798
2991,1959
2991,2039
2991,2239
2991,3152
2991,3183
2991,3370
2991,4080
2991,4376
2991,4608
2991,4805
2991,4806
2991,5222
2991,5404
2991,5629
2991,5740
2991,5881
2991,5903
2991,6039
2991,6707
2991,7395
2991,7401
2991,7572
2991,7582
2992,1179
2992,5499
2993,62
2993,73
2993,305
2993,502
2993,551
2993,748
2993,766
2993,771
2993,1069
2993,1091
2993,1189
2993,1225
2993,1333
2993,1371
2993,1432
2993,1442
2993,1479
2993,1494
2993,1499
2993,1566
2993,1572
2993,1608
2993,1623
2993,1660
2993,1682
2993,1802
2993,1831
2993,1958
2993,2028
2993,2031
2993,2143
2993,2202
2993,2371
2993,2486
2993,2490
2993,2577
2993,2625
2993,2626
2993,2977
2993,3052
2993,3223
2993,3330
2993,3404
2993,3421
2993,3607
2993,3821
2993,3866
2993,3871
2993,3887
2993,3890
2993,3895
2993,3925
2993,3959
2993,4037
2993,4054
2993,4427
2993,4692
2993,4851
2993,4890
2993,4987
2993,5080
2993,5098
2993,5171
2993,5280
2993,5375
2993,5386
2993,5464
2993,5513
2993,5650
2993,5665
2993,5676
2993,5749
2993,5807
2993,5936
2993,5957
2993,6001
2993,6017
2993,6086
2993,6172
2993,6189
2993,6211
2993,6395
2993,6470
2993,6560
2993,6581
2993,6675
2993,6815
2993,6864
2993,6951
2993,6960
2993,7022
2993,7032
2993,7067
2993,7149
2993,7171
2993,7222
2993,7239
2993,7269
2993,7370
2993,7468
2993,7480
2993,7587
2993,7603
2993,7623
2993,7624
2994,662
2994,2492
2994,3046
2994,3107
2994,5026
2994,5043
2994,5119
2994,5260
2994,5603
2994,7025
2994,7063
2995,258
2995,377
2995,593
2995,1899
2995,2331
2996,6
2996,110
2996,305
2996,652
2996,1005
2996,1689
2996,1877
2996,2519
2996,2604
2996,2700
2996,3139
2996,3802
2996,4701
2996,5229
2996,5268
2996,5483
2996,5657
2996,5866
2996,6078
2996,6341
2996,6751
2996,6783
2996,7184
2996,7305
2997,159
2997,329
2997,429
2997,523
2997,525
2997,548
2997,634
2997,648
2997,752
2997,1078
2997,1179
2997,1181
2997,1261
2997,1394
2997,1436
2997,1512
2997,1596
2997,1611
2997,1731
2997,1768
2997,2213
2997,2481
2997,2527
2997,2574
2997,2767
2997,2793
2997,2864
2997,2902
2997,2962
2997,3176
2997,3202
2997,3434
2997,3566
2997,3724
2997,4033
2997,4255
2997,4461
2997,4462
2997,4823
2997,4887
2997,4910
2997,5183
2997,5315
2997,5379
2997,5550
2997,5598
2997,5869
2997,6015
2997,6142
2997,6548
2997,6721
2997,6861
2997,7087
2997,7267
2997,7414
2997,7583
2998,487
2998,573
2998,862
2998,1258
2998,1774
2998,1961
2998,2758
2998,3386
2998,3802
2998,4440
2998,5156
2998,5969
2998,6341
2999,584
2999,1070
2999,1252
2999,2215
2999,2673
2999,2959
2999,3607
2999,3895
2999,4153
2999,5665
2999,7067
2999,7131
2999,7556
3001,593
3001,1058
3001,1152
3001,1727
3001,1744
3001,1796
3001,2198
3001,2553
3001,2981
3001,3049
3001,3092
3001,3648
3001,3703
3001,4641
3001,4941
3001,5037
3001,5241
3001,5881
3001,5903
3001,5982
3001,6414
3001,6702
3001,7010
3001,7337
3001,7395
3001,7477
3002,1543
3002,1565
3002,2836
3002,6050
3002,7575
3002,7620
3003,593
3003,3183
3003,4262
3003,4384
3003,5296
3003,5438
3003,6825
3003,7385
3004,250
3004,515
3004,747
3004,2430
3004,2897
3004,3998
3004,4084
3004,4368
3004,4571
3004,5078
3004,5460
3004,7479
3005,88
3005,100
3005,146
3005,638
3005,648
3005,752
3005,761
3005,998
3005,1143
3005,1597
3005,1618
3005,1853
3005,1987
3005,2049
3005,2131
3005,2149
3005,2150
3005,2274
3005,2374
3005,2430
3005,2543
3005,2897
3005,2910
3005,3120
3005,3202
3005,3625
3005,3635
3005,3778
3005,3783
3005,3800
3005,3907
3005,4084
3005,4148
3005,4189
3005,4378
3005,4454
3005,4577
3005,4687
3005,4817
3005,4887
3005,5004
3005,5009
3005,5175
3005,5226
3005,5248
3005,5765
3005,5778
3005,6048
3005,6108
3005,6114
3005,6258
3005,6592
3005,6651
3005,6729
3005,6766
3005,7304
3006,767
3006,1648
3006,1759
3006,1867
3006,2132
3006,2192
3006,2250
3006,2260
3006,2281
3006,2324
3006,2474
3006,2754
3006,3825
3006,3840
3006,3874
3006,4666
3006,4949
3006,4960
3006,5028
3006,5245
3006,5497
3006,5512
3006,6465
3006,6520
3006,6552
3006,7014
3006,7144
3006,7400
3006,7470
3007,139
3007,2252
3007,7251
3008,24
3008,89
3008,258
3008,482
3008,593
3008,710
3008,732
3008,906
3008,924
3008,1513
3008,1545
3008,1663
3008,1684
3008,1738
3008,1744
3008,1746
3008,1796
3008,1899
3008,2102
3008,2198
3008,2239
3008,2380
3008,2406
3008,2432
3008,2832
3008,3051
3008,3623
3008,3713
3008,3856
3008,4127
3008,4184
3008,4531
3008,4538
3008,4578
3008,4588
3008,4641
3008,4669
3008,5050
3008,5139
3008,5404
3008,5572
3008,5799
3008,5881
3008,5903
3008,5979
3008,6077
3008,6135
3008,6156
3008,6183
3008,6414
3008,6551
3008,6669
3008,6678
3008,6702
3008,6847
3008,6887
3008,6921
3008,7010
3008,7021
3008,7247
3008,7289
3008,7353
3008,7395
3008,7477
3008,7540
3008,7607
3009,310
3009,1346
3009,1425
3009,2505
3009,2712
3009,2867
3009,3085
3009,3400
3009,3472
3009,3490
3009,3690
3009,3865
3009,4410
3009,4752
3009,5994
3009,6070
3009,6367
3010,867
3010,1013
3010,2143
3010,3098
3010,3296
3010,3920
3010,5174
3010,5280
3010,7171
3010,7370
3011,2211
3011,2795
3011,3468
3011,4569
3012,5145
3013,1
3013,40
3013,143
3013,161
3013,393
3013,456
3013,490
3013,1066
3013,1820
3013,1904
3013,2113
3013,2298
3013,2415
3013,2438
3013,3077
3013,3179
3013,3275
3013,3339
3013,3503
3013,4173
3013,4259
3013,4294
3013,4735
3013,4940
3013,4987
3013,6369
3013,6452
3013,6563
3013,6777
3013,6878
3013,7359
3013,7550
3013,7602
3014,980
3014,2152
3014,5501
3014,5986
3014,6209
3014,6293
3014,6358
3014,6684
3014,6868
3014,6986
3014,7558
3014,7590
3015,593
3015,766
3015,1069
3015,1284
3015,1357
3015,1854
3015,2028
3015,2143
3015,2198
3015,2586
3015,2763
3015,2816
3015,3183
3015,3330
3015,3607
3015,3895
3015,4037
3015,4054
3015,4384
3015,5508
3015,5676
3015,5948
3015,7067
3015,7269
3015,7603
3016,6623
3017,5288
3018,1058
3018,3183
3018,4249
3018,4384
3018,5404
3018,5707
3018,6961
3019,784
3019,1062
3019,1424
3019,2239
3019,2958
3019,4329
3019,4805
3019,5301
3019,6865
3020,183
3020,484
3020,522
3020,593
3020,1236
3020,1517
3020,1744
3020,1797
3020,1899
3020,2095
3020,2198
3020,2206
3020,2262
3020,2432
3020,2553
3020,2598
3020,2649
3020,2689
3020,3051
3020,3081
3020,3138
3020,3373
3020,3623
3020,3683
3020,3704
3020,3720
3020,3721
3020,4074
3020,4848
3020,5148
3020,5518
3020,5543
3020,5734
3020,5769
3020,5780
3020,5853
3020,5897
3020,5904
3020,5979
3020,6381
3020,6414
3020,6526
3020,6673
3020,6688
3020,6702
3020,6759
3020,7215
3020,7289
3021,216
3021,324
3021,749
3021,1609
3021,1743
3021,2256
3021,2326
3021,2508
3021,2516
3021,2860
3021,3649
3021,3830
3021,4883
3021,4938
3021,5250
3021,5272
3021,5436
3021,5848
3021,5879
3021,6250
3021,6372
3021,6670
3021,6765
3021,6965
3021,7073
3022,73
3022,137
3022,305
3022,456
3022,803
3022,1280
3022,1700
3022,1877
3022,2306
3022,2332
3022,2586
3022,3072
3022,3664
3022,3698
3022,4055
3022,4406
3022,4479
3022,5146
3022,5614
3022,6078
3022,6572
3022,6815
3022,7305
3023,38
3023,569
3023,779
3023,1309
3023,1459
3023,1706
3023,1743
3023,2189
3023,2552
3023,3032
3023,3570
3023,5662
3024,36
3024,340
3024,478
3024,1243
3024,1389
3024,1732
3024,1827
3024,1867
3024,2250
3024,2754
3024,2822
3024,2854
3024,3164
3024,3326
3024,3371
3024,4274
3024,4958
3024,5245
3024,5628
3024,5658
3024,6099
3024,6479
3024,6552
3024,7014
3024,7241
3025,85
3025,103
3025,369
3025,789
3025,904
3025,1011
3025,1113
3025,1218
3025,1278
3025,1293
3025,1427
3025,1453
3025,1456
3025,1478
3025,1624
3025,1959
3025,2033
3025,2106
3025,2194
3025,2215
3025,2290
3025,2320
3025,2377
3025,2544
3025,2617
3025,2620
3025,2765
3025,2911
3025,2974
3025,3183
3025,3297
3025,3311
3025,3330
3025,3351
3025,3408
3025,3428
3025,3538
3025,3602
3025,3762
3025,3895
3025,3926
3025,3970
3025,4080
3025,4083
3025,4253
3025,4286
3025,4376
3025,4384
3025,4803
3025,4806
3025,4865
3025,4952
3025,5222
3025,5296
3025,5309
3025,5593
3025,5952
3025,6510
3025,6551
3025,6574
3025,6618
3025,6640
3025,6738
3025,6760
3025,7269
3025,7385
3025,7535
3025,7582
3026,852
3026,980
3026,2612
3026,2739
3026,4362
3026,4757
3026,5417
3026,5630
3026,5743
3026,6293
3026,6328
3026,6851
3026,7558
3027,593
3027,924
3027,1796
3027,1899
3027,2198
3027,2553
3027,5903
3027,5979
3027,6669
3027,6702
3027,7464
3028,730
3028,1262
3028,1676
3028,3231
3028,3879
3028,6401
3028,6718
3028,7230
3029,238
3029,406
3029,799
3029,915
3029,929
3029,1025
3029,1208
3029,2442
3029,2846
3029,4036
3029,4119
3029,4431
3029,4444
3029,4481
3029,5149
3029,6158
3029,6498
3030,315
3030,617
3030,686
3030,709
3030,884
3030,1791
3030,1920
3030,2064
3030,2154
3030,2251
3030,2292
3030,2779
3030,3231
3030,3366
3030,3494
3030,4181
3030,4292
3030,4615
3030,4925
3030,5793
3030,5877
3030,6002
3030,6130
3030,6221
3030,6712
3031,156
3031,2169
3031,2570
3031,2863
3031,3260
3031,4094
3031,4532
3031,4913
3031,5912
3031,6724
3032,38
3032,453
3032,529
3032,569
3032,779
3032,1309
3032,1459
3032,1558
3032,1706
3032,1743
3032,2189
3032,2552
3032,3023
3032,3570
3032,4342
3032,5662
3032,6275
3032,6602
3032,6965
3032,7368
3033,798
3033,1207
3033,1341
3033,1352
3033,1606
3033,1793
3033,1968
3033,2069
3033,2289
3033,2942
3033,3200
3033,3519
3033,3694
3033,3790
3033,4079
3033,4339
3033,5342
3033,5477
3033,5621
3033,5683
3033,5905
3033,5956
3033,6023
3033,6543
3033,6862
3033,6903
3033,7002
3033,7082
3033,7425
3034,505
3034,593
3034,1170
3034,5979
3034,6361
3035,485
3035,513
3035,644
3035,920
3035,931
3035,1347
3035,1353
3035,1457
3035,1458
3035,1610
3035,1633
3035,1714
3035,1905
3035,1930
3035,2561
3035,2746
3035,2871
3035,3054
3035,3310
3035,3605
3035,3787
3035,4033
3035,4152
3035,4464
3035,5209
3035,5343
3035,5437
3035,5496
3035,5661
3035,6450
3035,6572
3035,6730
3035,6807
3035,7365
3035,7406
3035,7526
3036,1863
3036,2419
3036,4728
3036,4956
3036,6679
3036,6997
3036,7124
3036,7380
3036,7402
3037,75
3037,2113
3037,2239
3037,3330
3037,3515
3037,3895
3037,4097
3037,4186
3037,4469
3037,4490
3037,4952
3037,4991
3037,5263
3037,5464
3037,6588
3037,6660
3037,7067
3037,7102
3038,150
3038,941
3038,988
3038,1107
3038,1331
3038,1452
3038,1463
3038,1534
3038,1674
3038,1856
3038,1964
3038,2136
3038,2477
3038,2505
3038,2524
3038,2646
3038,2662
3038,3154
3038,3233
3038,3267
3038,3327
3038,3495
3038,3705
3038,3993
3038,3995
3038,4051
3038,4698
3038,4875
3038,5172
3038,5838
3038,5885
3038,5913
3038,6337
3038,6504
3038,6689
3038,6817
3038,7019
3038,7427
3039,304
3039,369
3039,593
3039,1011
3039,1293
3039,1472
3039,1663
3039,1798
3039,2106
3039,2198
3039,2215
3039,2956
3039,3132
3039,3172
3039,3185
3039,3559
3039,3762
3039,3951
3039,4054
3039,4210
3039,4376
3039,4578
3039,4952
3039,5132
3039,5296
3039,6016
3039,6208
3039,6551
3039,6597
3039,6702
3039,6707
3039,6843
3039,7280
3039,7464
3039,7465
3039,7535
3039,7607
3040,95
3040,930
3040,1390
3040,1726
3040,1901
3040,2239
3040,2765
3040,2794
3040,3209
3040,3559
3040,3679
3040,3864
3040,3895
3040,4672
3040,4683
3040,4864
3040,5865
3040,5869
3040,6098
3040,6328
3040,6399
3040,6503
3040,6747
3040,6822
3040,7288
3040,7414
3040,7466
3041,29
3041,257
3041,439
3041,617
3041,773
3041,884
3041,1593
3041,1791
3041,2133
3041,2251
3041,3143
3041,3366
3041,3375
3041,3494
3041,3988
3041,4060
3041,4181
3041,4814
3041,4993
3041,5034
3041,5184
3041,5421
3041,5877
3041,6002
3041,6090
3041,6226
3041,6290
3041,6355
3041,6635
3041,6860
3041,7037
3041,7631
3042,229
3042,305
3042,1058
3042,3698
3042,4015
3042,4055
3042,4433
3042,5146
3042,5305
3042,5467
3042,5614
3042,6078
3042,6411
3042,6593
3043,4271
3043,5870
3043,6421
3044,492
3044,3095
3044,3387
3044,3483
3044,6241
3045,1486
3046,662
3046,912
3046,1386
3046,1629
3046,2347
3046,2473
3046,2492
3046,2680
3046,2702
3046,2840
3046,2891
3046,2994
3046,3425
3046,3823
3046,3957
3046,4051
3046,4804
3046,5596
3046,5605
3046,5802
3046,6509
3046,7025
3046,7031
3046,7063
3046,7145
3046,7606
3047,481
3047,3733
3047,4123
3047,4244
3047,6488
3048,7
3048,158
3048,247
3048,337
3048,399
3048,401
3048,491
3048,890
3048,1053
3048,1213
3048,1306
3048,1852
3048,2046
3048,2054
3048,2180
3048,2250
3048,2321
3048,2504
3048,2849
3048,3057
3048,3536
3048,3806
3048,3811
3048,3843
3048,4126
3048,4133
3048,4224
3048,4265
3048,5161
3048,5395
3048,5565
3048,5599
3048,5915
3048,6127
3048,6151
3048,6213
3048,6380
3048,6525
3048,6650
3048,6763
3048,6865
3048,6871
3048,7378
3049,3
3049,28
3049,41
3049,115
3049,116
3049,169
3049,170
3049,233
3049,235
3049,358
3049,400
3049,410
3049,438
3049,446
3049,476
3049,495
3049,552
3049,593
3049,638
3049,672
3049,760
3049,803
3049,809
3049,811
3049,832
3049,835
3049,836
3049,847
3049,945
3049,967
3049,1002
3049,1058
3049,1129
3049,1185
3049,1210
3049,1317
3049,1357
3049,1399
3049,1414
3049,1467
3049,1472
3049,1481
3049,1517
3049,1518
3049,1524
3049,1546
3049,1569
3049,1575
3049,1665
3049,1723
3049,1730
3049,1744
3049,1747
3049,1753
3049,1796
3049,1797
3049,1809
3049,1853
3049,1862
3049,1877
3049,1979
3049,2104
3049,2198
3049,2206
3049,2239
3049,2243
3049,2267
3049,2287
3049,2334
3049,2370
3049,2376
3049,2406
3049,2432
3049,2461
3049,2485
3049,2494
3049,2502
3049,2513
3049,2558
3049,2563
3049,2586
3049,2587
3049,2592
3049,2627
3049,2645
3049,2683
3049,2686
3049,2704
3049,2766
3049,2793
3049,2801
3049,2816
3049,2856
3049,2868
3049,2904
3049,2908
3049,2913
3049,2981
3049,3001
3049,3051
3049,3061
3049,3080
3049,3138
3049,3160
3049,3178
3049,3203
3049,3234
3049,3235
3049,3249
3049,3271
3049,3279
3049,3317
3049,3331
3049,3384
3049,3403
3049,3433
3049,3469
3049,3473
3049,3546
3049,3578
3049,3581
3049,3612
3049,3623
3049,3692
3049,3697
3049,3704
3049,3713
3049,3718
3049,3720
3049,3721
3049,3748
3049,3753
3049,3758
3049,3817
3049,3890
3049,3962
3049,3996
3049,4024
3049,4028
3049,4086
3049,4147
3049,4164
3049,4210
3049,4248
3049,4273
3049,4365
3049,4373
3049,4376
3049,4525
3049,4541
3049,4573
3049,4579
3049,4592
3049,4594
3049,4595
3049,4641
3049,4642
3049,4670
3049,4679
3049,4680
3049,4691
3049,4746
3049,4771
3049,4805
3049,4828
3049,4870
3049,4940
3049,5037
3049,5048
3049,5049
3049,5068
3049,5070
3049,5108
3049,5132
3049,5143
3049,5155
3049,5194
3049,5195
3049,5203
3049,5208
3049,5213
3049,5220
3049,5234
3049,5264
3049,5290
3049,5307
3049,5328
3049,5330
3049,5359
3049,5403
3049,5404
3049,5412
3049,5415
3049,5455
3049,5459
3049,5496
3049,5504
3049,5518
3049,5531
3049,5543
3049,5544
3049,5556
3049,5559
3049,5612
3049,5629
3049,5649
3049,5651
3049,5734
3049,5833
3049,5840
3049,5844
3049,5853
3049,5873
3049,5888
3049,5937
3049,6066
3049,6098
3049,6140
3049,6272
3049,6345
3049,6354
3049,6409
3049,6424
3049,6464
3049,6475
3049,6592
3049,6649
3049,6692
3049,6758
3049,6787
3049,6847
3049,6904
3049,6930
3049,6958
3049,7003
3049,7021
3049,7079
3049,7090
3049,7091
3049,7105
3049,7116
3049,7139
3049,7164
3049,7166
3049,7213
3049,7215
3049,7266
3049,7289
3049,7305
3049,7312
3049,7335
3049,7349
3049,7398
3049,7448
3049,7467
3049,7560
3049,7572
3049,7573
3050,320
3050,322
3050,456
3050,540
3050,593
3050,813
3050,1058
3050,1210
3050,1284
3050,1415
3050,1453
3050,1575
3050,1620
3050,1796
3050,2039
3050,2060
3050,2198
3050,2239
3050,2339
3050,2370
3050,2553
3050,2587
3050,2913
3050,3160
3050,3311
3050,3370
3050,3384
3050,3578
3050,3693
3050,3748
3050,4067
3050,4164
3050,4210
3050,4376
3050,4384
3050,4570
3050,4573
3050,4680
3050,4805
3050,5132
3050,5143
3050,5234
3050,5251
3050,5286
3050,5404
3050,5455
3050,5881
3050,6284
3050,6381
3050,6409
3050,6449
3050,6702
3050,6848
3050,6909
3050,6990
3050,7003
3050,7010
3050,7277
3050,7280
3050,7448
3050,7471
3050,7572
3051,23
3051,28
3051,33
3051,41
3051,77
3051,89
3051,98
3051,169
3051,183
3051,233
3051,258
3051,267
3051,322
3051,366
3051,431
3051,479
3051,534
3051,593
3051,599
3051,659
3051,722
3051,732
3051,774
3051,920
3051,924
3051,945
3051,963
3051,967
3051,1018
3051,1100
3051,1226
3051,1286
3051,1350
3051,1421
3051,1447
3051,1513
3051,1517
3051,1614
3051,1663
3051,1671
3051,1684
3051,1723
3051,1738
3051,1744
3051,1746
3051,1747
3051,1784
3051,1796
3051,1798
3051,1838
3051,1899
3051,1993
3051,2017
3051,2123
3051,2173
3051,2183
3051,2198
3051,2206
3051,2229
3051,2307
3051,2310
3051,2340
3051,2380
3051,2393
3051,2396
3051,2406
3051,2432
3051,2540
3051,2541
3051,2553
3051,2563
3051,2637
3051,2736
3051,2812
3051,2832
3051,2981
3051,3008
3051,3020
3051,3049
3051,3079
3051,3160
3051,3184
3051,3221
3051,3237
3051,3274
3051,3279
3051,3403
3051,3582
3051,3623
3051,3648
3051,3713
3051,3748
3051,3782
3051,3799
3051,3897
3051,3946
3051,3951
3051,4023
3051,4024
3051,4074
3051,4127
3051,4164
3051,4188
3051,4217
3051,4243
3051,4257
3051,4350
3051,4402
3051,4463
3051,4531
3051,4538
3051,4546
3051,4578
3051,4588
3051,4590
3051,4594
3051,4641
3051,4642
3051,4658
3051,4662
3051,4669
3051,4688
3051,4712
3051,4734
3051,4792
3051,4805
3051,4870
3051,4895
3051,4934
3051,4946
3051,5015
3051,5048
3051,5050
3051,5054
3051,5070
3051,5139
3051,5148
3051,5160
3051,5214
3051,5241
3051,5255
3051,5290
3051,5311
3051,5330
3051,5348
3051,5359
3051,5365
3051,5372
3051,5399
3051,5404
3051,5415
3051,5441
3051,5488
3051,5493
3051,5518
3051,5531
3051,5567
3051,5584
3051,5612
3051,5708
3051,5756
3051,5782
3051,5833
3051,5878
3051,5903
3051,5937
3051,5966
3051,5976
3051,5979
3051,5982
3051,6077
3051,6135
3051,6156
3051,6183
3051,6188
3051,6315
3051,6354
3051,6361
3051,6398
3051,6414
3051,6588
3051,6597
3051,6634
3051,6669
3051,6673
3051,6678
3051,6692
3051,6702
3051,6787
3051,6847
3051,6850
3051,6852
3051,6882
3051,6887
3051,6892
3051,6907
3051,6921
3051,6930
3051,6968
3051,6978
3051,7010
3051,7021
3051,7085
3051,7097
3051,7103
3051,7105
3051,7139
3051,7170
3051,7181
3051,7203
3051,7231
3051,7289
3051,7311
3051,7337
3051,7352
3051,7428
3051,7440
3051,7464
3051,7511
3051,7536
3051,7540
3051,7560
3051,7568
3051,7572
3051,7577
3051,7607
3052,308
3052,1189
3052,1321
3052,1325
3052,1432
3052,1566
3052,1979
3052,2143
3052,2258
3052,2490
3052,2586
3052,2625
3052,2907
3052,2993
3052,3433
3052,3567
3052,3578
3052,3732
3052,4054
3052,5386
3052,5781
3052,6172
3052,6470
3052,6675
3052,7125
3053,26
3053,134
3053,592
3053,2095
3053,2556
3053,2778
3053,2871
3053,2887
3053,4082
3053,4217
3053,4345
3053,4791
3053,5042
3053,5932
3053,6175
3053,6371
3053,7276
3053,7283
3053,7526
3054,40
3054,471
3054,536
3054,1182
3054,1353
3054,1627
3054,1633
3054,1777
3054,1930
3054,2070
3054,3035
3054,3310
3054,3577
3054,3698
3054,4033
3054,4854
3054,5068
3054,5114
3054,5191
3054,5500
3054,5615
3054,5843
3054,5953
3054,6085
3054,6572
3054,6600
3054,6807
3054,7392
3055,238
3055,354
3055,406
3055,452
3055,547
3055,565
3055,574
3055,792
3055,799
3055,823
3055,929
3055,1025
3055,1033
3055,1201
3055,1208
3055,1265
3055,1542
3055,1605
3055,1837
3055,1968
3055,1971
3055,2278
3055,2692
3055,2802
3055,2846
3055,2858
3055,3200
3055,3338
3055,3402
3055,3522
3055,3943
3055,4036
3055,4119
3055,4444
3055,4481
3055,4547
3055,5021
3055,5096
3055,5112
3055,5149
3055,5193
3055,5196
3055,5891
3055,6498
3055,6697
3055,6781
3055,6798
3055,6883
3055,6932
3055,6943
3055,6963
3055,7028
3055,7040
3055,7199
3055,7301
3055,7466
3056,1046
3056,1769
3056,3273
3056,4116
3056,4805
3056,5079
3056,5598
3056,6703
3056,7250
3057,7
3057,247
3057,464
3057,781
3057,935
3057,1213
3057,1306
3057,1471
3057,1636
3057,1852
3057,2180
3057,2255
3057,2591
3057,2957
3057,3048
3057,3315
3057,3489
3057,3843
3057,4035
3057,4126
3057,4133
3057,4265
3057,4363
3057,4623
3057,4644
3057,4648
3057,4795
3057,4897
3057,5147
3057,5236
3057,5274
3057,5393
3057,5427
3057,5600
3057,5977
3057,5995
3057,6255
3057,6607
3057,6650
3057,6687
3057,6763
3057,6891
3060,408
3060,1011
3060,2729
3060,2755
3060,2883
3060,3965
3060,4210
3060,4864
3060,5082
3060,5576
3060,5709
3060,5931
3060,5996
3060,6115
3060,6992
3060,7296
3060,7401
3061,552
3061,593
3061,1058
3061,1575
3061,1908
3061,2060
3061,2198
3061,2782
3061,2848
3061,3049
3061,3748
3061,4248
3061,4376
3061,4570
3061,5048
3061,6414
3061,6952
3061,7204
3062,212
3062,499
3062,526
3062,587
3062,593
3062,628
3062,655
3062,724
3062,728
3062,892
3062,921
3062,936
3062,956
3062,1196
3062,1291
3062,1448
3062,1493
3062,1539
3062,1739
3062,2215
3062,2525
3062,2536
3062,2567
3062,2655
3062,2703
3062,2903
3062,2945
3062,3134
3062,3246
3062,3296
3062,3506
3062,3510
3062,3539
3062,3559
3062,3839
3062,4067
3062,4153
3062,4210
3062,4503
3062,4584
3062,4707
3062,4806
3062,4917
3062,5132
3062,5556
3062,5775
3062,6026
3062,6029
3062,6412
3062,6427
3062,6538
3062,6610
3062,6909
3062,6952
3062,7077
3062,7130
3062,7322
3063,320
3063,419
3063,522
3063,592
3063,593
3063,658
3063,1105
3063,1194
3063,1517
3063,1561
3063,1591
3063,1744
3063,2095
3063,2239
3063,2380
3063,2819
3063,2823
3063,2979
3063,2981
3063,3257
3063,3364
3063,3438
3063,3768
3063,3844
3063,4082
3063,4156
3063,4182
3063,4217
3063,4267
3063,4650
3063,4828
3063,5048
3063,5061
3063,5199
3063,5372
3063,5703
3063,5764
3063,5932
3063,5958
3063,6759
3063,6790
3063,6887
3063,6890
3063,6968
3063,6983
3063,7003
3063,7181
3063,7276
3063,7398
3063,7534
3064,273
3064,284
3064,332
3064,758
3064,871
3064,965
3064,995
3064,1488
3064,1604
3064,2311
3064,2443
3064,3150
3064,3460
3064,3516
3064,3563
3064,3619
3064,3880
3064,3924
3064,3941
3064,4143
3064,4280
3064,4673
3064,4802
3064,5266
3064,5300
3064,5876
3064,5968
3064,6006
3064,6125
3064,6163
3064,6653
3064,7541
3065,517
3065,649
3065,1759
3065,2006
3065,2098
3065,2260
3065,2312
3065,2681
3065,2925
3065,3356
3065,3588
3065,3628
3065,3815
3065,3840
3065,3874
3065,4300
3065,4676
3065,4704
3065,4758
3065,4956
3065,5329
3065,5692
3065,6416
3065,6502
3065,6997
3066,1775
3066,1798
3066,2198
3066,3895
3066,3926
3066,4384
3066,5278
3066,6551
3066,6669
3067,564
3067,822
3067,908
3067,1490
3067,1580
3067,2061
3067,3314
3067,3660
3067,3986
3067,4327
3067,5570
3067,5636
3067,6869
3067,6927
3067,6950
3067,7393
3068,85
3068,123
3068,448
3068,1453
3068,1854
3068,2198
3068,3311
3068,3539
3068,3895
3068,4054
3068,4384
3068,4785
3068,4952
3068,5082
3068,5404
3068,5816
3068,6400
3068,6702
3068,6707
3068,6811
3068,7252
3069,85
3069,904
3069,1011
3069,1293
3069,4384
3069,4801
3069,4952
3070,192
3070,213
3070,260
3070,269
3070,476
3070,803
3070,863
3070,947
3070,1058
3070,1108
3070,1210
3070,1423
3070,1561
3070,1686
3070,1782
3070,1862
3070,1935
3070,1941
3070,1959
3070,2198
3070,2239
3070,2510
3070,2600
3070,2743
3070,2808
3070,2823
3070,3072
3070,3206
3070,3225
3070,3234
3070,3277
3070,3279
3070,3359
3070,3364
3070,3459
3070,3664
3070,3710
3070,3748
3070,3912
3070,4091
3070,4111
3070,4182
3070,4267
3070,4337
3070,4376
3070,4384
3070,4421
3070,4458
3070,4522
3070,4535
3070,4771
3070,4877
3070,5007
3070,5167
3070,5194
3070,5222
3070,5351
3070,5398
3070,5404
3070,5412
3070,5415
3070,5543
3070,5641
3070,5649
3070,5667
3070,5740
3070,5797
3070,5816
3070,5909
3070,6024
3070,6047
3070,6069
3070,6082
3070,6228
3070,6345
3070,6406
3070,6540
3070,6618
3070,6778
3070,6787
3070,7344
3070,7369
3070,7395
3070,7474
3070,7560
3070,7592
3071,82
3071,3308
3071,3752
3071,4192
3071,4678
3071,5800
3071,6056
3071,6695
3072,229
3072,766
3072,947
3072,1472
3072,1700
3072,1896
3072,2198
3072,2239
3072,2384
3072,3022
3072,3070
3072,3171
3072,3277
3072,3359
3072,4422
3072,4522
3072,5412
3072,5772
3072,6105
3072,6733
3072,6828
3072,7344
3072,7395
3072,7467
3073,474
3073,881
3073,1612
3073,1798
3073,2106
3073,3689
3073,3891
3073,4054
3073,4522
3073,5404
3073,5707
3073,5772
3073,5816
3073,5993
3073,6001
3073,6451
3073,6660
3073,6951
3073,7330
3074,42
3074,260
3074,593
3074,1017
3074,1058
3074,1097
3074,1152
3074,1178
3074,1210
3074,1415
3074,1513
3074,1663
3074,1744
3074,1796
3074,1899
3074,1993
3074,2115
3074,2198
3074,2239
3074,2370
3074,2471
3074,2553
3074,2571
3074,2573
3074,3720
3074,4071
3074,4164
3074,4376
3074,4608
3074,4641
3074,4642
3074,4805
3074,5042
3074,5070
3074,5132
3074,5194
3074,5234
3074,5251
3074,5258
3074,5404
3074,5415
3074,5649
3074,5707
3074,5734
3074,5740
3074,5816
3074,5881
3074,5904
3074,5982
3074,6149
3074,6315
3074,6409
3074,6414
3074,6669
3074,6702
3074,6847
3074,7003
3074,7071
3074,7105
3074,7395
3074,7572
3074,7607
3075,1141
3075,1283
3075,2862
3075,4124
3075,4643
3075,7115
3077,51
3077,107
3077,490
3077,1069
3077,1189
3077,1418
3077,1472
3077,2143
3077,2198
3077,2701
3077,2809
3077,3013
3077,3532
3077,3895
3077,4259
3077,4376
3077,4384
3077,4745
3077,4952
3077,5296
3077,5396
3077,6096
3077,6417
3077,6733
3077,7359
3077,7535
3078,212
3078,526
3078,713
3078,994
3078,1317
3078,1642
3078,1655
3078,1750
3078,1919
3078,2111
3078,2175
3078,2461
3078,2536
3078,2798
3078,2856
3078,3114
3078,3457
3078,3506
3078,3559
3078,3781
3078,3902
3078,3985
3078,4067
3078,4069
3078,4206
3078,4304
3078,4541
3078,4805
3078,5231
3078,5301
3078,5312
3078,5332
3078,5428
3078,6408
3078,6569
3078,6610
3078,6630
3078,6713
3078,6769
3078,6909
3078,6922
3078,7130
3078,7608
3079,23
3079,61
3079,192
3079,260
3079,593
3079,626
3079,766
3079,1058
3079,1102
3079,1113
3079,1268
3079,1330
3079,1415
3079,1453
3079,1513
3079,1712
3079,1796
3079,1798
3079,2013
3079,2198
3079,2239
3079,2406
3079,2580
3079,2730
3079,2846
3079,3051
3079,3183
3079,3428
3079,3459
3079,3671
3079,3713
3079,3748
3079,3895
3079,4037
3079,4080
3079,4164
3079,4376
3079,4768
3079,4806
3079,5015
3079,5194
3079,5241
3079,5278
3079,5404
3079,5641
3079,5732
3079,5816
3079,5979
3079,6075
3079,6098
3079,6308
3079,6678
3079,6702
3079,6707
3079,7003
3079,7085
3079,7147
3079,7266
3079,7296
3079,7464
3079,7572
3080,568
3080,1108
3080,1344
3080,1561
3080,2239
3080,2287
3080,3049
3080,3152
3080,3888
3080,4182
3080,4381
3080,4771
3080,4805
3080,5007
3080,5167
3080,5412
3080,5764
3080,6406
3080,6778
3081,24
3081,28
3081,446
3081,552
3081,593
3081,1838
3081,1999
3081,2115
3081,2198
3081,2336
3081,2553
3081,3020
3081,3648
3081,3704
3081,3799
3081,4578
3081,4670
3081,4805
3081,5013
3081,5132
3081,5241
3081,5255
3081,5348
3081,5441
3081,5493
3081,5881
3081,5903
3081,5937
3081,6409
3081,6673
3081,6678
3081,6702
3081,6847
3081,7464
3081,7477
3081,7607
3082,1728
3082,2249
3082,4655
3082,4748
3082,5025
3082,6217
3082,7229
3083,212
3083,326
3083,382
3083,584
3083,628
3083,724
3083,936
3083,1196
3083,1252
3083,1275
3083,1287
3083,1291
3083,1521
3083,1624
3083,1733
3083,1739
3083,1810
3083,1984
3083,2059
3083,2215
3083,2325
3083,2579
3083,2673
3083,2703
3083,2809
3083,2903
3083,2945
3083,3404
3083,3506
3083,3539
3083,3559
3083,3702
3083,3781
3083,3784
3083,3978
3083,4067
3083,4069
3083,4153
3083,4584
3083,4917
3083,5722
3083,5775
3083,5798
3083,5917
3083,6026
3083,6029
3083,6036
3083,6243
3083,6296
3083,6427
3083,6699
3083,6713
3083,6909
3083,6920
3083,7131
3083,7149
3083,7512
3083,7569
3084,120
3084,256
3084,439
3084,745
3084,778
3084,884
3084,1061
3084,1326
3084,1400
3084,1593
3084,1702
3084,1791
3084,2456
3084,3127
3084,3143
3084,3424
3084,3431
3084,3447
3084,3494
3084,4443
3084,4647
3084,4814
3084,4974
3084,5034
3084,5480
3084,5618
3084,5793
3084,6094
3084,6130
3084,6206
3084,6598
3084,7098
3084,7388
3085,310
3085,586
3085,1454
3085,2218
3085,3009
3085,3136
3085,3173
3085,3400
3085,3690
3085,3770
3085,3865
3085,4200
3085,4383
3085,4410
3085,4752
3085,4783
3085,5367
3085,5387
3085,5901
3085,6312
3086,108
3086,394
3086,549
3086,1175
3086,1248
3086,1276
3086,1331
3086,1338
3086,1416
3086,2014
3086,2078
3086,2136
3086,2422
3086,2512
3086,2585
3086,2608
3086,2833
3086,2907
3086,3159
3086,3168
3086,3227
3086,3647
3086,3729
3086,3819
3086,3869
3086,3949
3086,4239
3086,4361
3086,4424
3086,4665
3086,4738
3086,4906
3086,5074
3086,5122
3086,5221
3086,5521
3086,5638
3086,6436
3086,6583
3086,6642
3086,7260
3086,7287
3086,7621
3087,255
3087,932
3087,1003
3087,1237
3087,2399
3087,2456
3087,2528
3087,3412
3087,3431
3087,3879
3087,3939
3087,4237
3087,4399
3087,5163
3087,6113
3087,6138
3087,7460
3087,7500
3087,7544
3088,1799
3088,6858
3088,6919
3089,929
3089,3541
3090,463
3090,516
3090,517
3090,786
3090,1391
3090,1504
3090,1630
3090,1732
3090,1759
3090,1849
3090,1947
3090,1969
3090,2114
3090,2260
3090,2281
3090,2327
3090,2387
3090,2389
3090,2622
3090,3167
3090,3528
3090,3874
3090,4281
3090,4300
3090,4539
3090,4566
3090,4583
3090,4614
3090,4619
3090,4666
3090,4728
3090,4741
3090,4759
3090,5448
3090,5497
3090,5512
3090,5588
3090,6046
3090,6383
3090,6465
3090,6534
3090,6679
3090,7013
3090,7014
3090,7255
3090,7366
3090,7407
3090,7566
3091,412
3091,570
3091,749
3091,1243
3091,1531
3091,1648
3091,1759
3091,1827
3091,2090
3091,2250
3091,2324
3091,2754
3091,2822
3091,2854
3091,2861
3091,2975
3091,3116
3091,3326
3091,3346
3091,3371
3091,3805
3091,4256
3091,4375
3091,4412
3091,4603
3091,4960
3091,5257
3091,5540
3091,5691
3091,5848
3091,5882
3091,6250
3091,6357
3091,7086
3092,593
3092,722
3092,1792
3092,2553
3092,3001
3092,3703
3092,4538
3092,5241
3092,6702
3092,7477
3093,23
3093,89
3093,269
3093,505
3093,593
3093,814
3093,1249
3093,1268
3093,1368
3093,1415
3093,1453
3093,1584
3093,1798
3093,1836
3093,1902
3093,2106
3093,2198
3093,2215
3093,2553
3093,3183
3093,3363
3093,3459
3093,3502
3093,3895
3093,4080
3093,4213
3093,4376
3093,4384
3093,4641
3093,4983
3093,5296
3093,6461
3093,6551
3093,6702
3093,7085
3093,7296
3093,7464
3093,7535
3093,7568
3093,7572
3093,7597
3094,681
3094,845
3094,1015
3094,1043
3094,1049
3094,1565
3094,2100
3094,2245
3094,2282
3094,2825
3094,2976
3094,3156
3094,3175
3094,3292
3094,3603
3094,3735
3094,4000
3094,4242
3094,4258
3094,4275
3094,4429
3094,4677
3094,4997
3094,5020
3094,5086
3094,5434
3094,5580
3094,5582
3094,5946
3094,6050
3094,6205
3094,6324
3094,6472
3094,6514
3094,6573
3094,6577
3094,6768
3094,7051
3094,7178
3094,7450
3094,7497
3094,7562
3094,7575
3094,7620
3095,151
3095,472
3095,492
3095,684
3095,1160
3095,1381
3095,1534
3095,1829
3095,2156
3095,2293
3095,2353
3095,2709
3095,2875
3095,3044
3095,3197
3095,3483
3095,4810
3095,6294
3095,6340
3095,7176
3096,3428
3096,4952
3096,6551
3097,156
3097,1290
3097,1950
3097,2288
3097,2463
3097,2863
3097,2880
3097,3327
3097,3358
3097,4654
3097,4762
3097,6663
3097,7304
3097,7418
3097,7498
3098,91
3098,461
3098,539
3098,766
3098,867
3098,953
3098,1014
3098,1267
3098,1418
3098,1426
3098,1532
3098,1673
3098,1794
3098,2143
3098,2258
3098,2427
3098,2522
3098,2664
3098,3010
3098,3270
3098,3421
3098,3520
3098,3671
3098,3695
3098,3922
3098,3925
3098,4358
3098,4863
3098,4890
3098,4902
3098,5378
3098,5941
3098,5948
3098,5949
3098,5987
3098,6098
3098,6308
3098,6770
3098,7478
3099,236
3099,442
3099,828
3099,850
3099,879
3099,1282
3099,1759
3099,1969
3099,2090
3099,2250
3099,2260
3099,2281
3099,2728
3099,2975
3099,4619
3099,4666
3099,4667
3099,4960
3099,5602
3099,5849
3099,5906
3099,6010
3099,6046
3099,6679
3099,7255
3100,1010
3100,1035
3100,3352
3100,3735
3100,4646
3100,4809
3100,5298
3100,5310
3100,7026
3101,305
3101,652
3101,1005
3101,1689
3101,1774
3101,1877
3101,1961
3101,2604
3101,3139
3101,3369
3101,3716
3101,3802
3101,4701
3101,5483
3101,5760
3101,6078
3101,6751
3101,7305
3102,349
3102,605
3102,981
3102,1334
3102,1696
3102,1736
3102,2435
3102,2777
3102,3415
3102,3711
3102,3717
3102,3749
3102,4740
3102,4829
3102,4992
3102,5852
3102,5868
3102,5929
3102,5939
3102,6357
3102,6665
3102,6876
3102,7348
3102,7437
3102,7458
3102,7513
3103,264
3103,835
3103,1956
3103,2149
3103,2317
3103,2345
3103,2907
3103,3273
3103,3578
3103,4670
3103,4805
3103,4967
3103,5052
3103,5664
3103,6325
3103,6703
3104,166
3104,520
3104,1061
3104,1438
3104,1455
3104,1537
3104,1762
3104,1824
3104,1923
3104,2064
3104,3759
3104,3915
3104,4925
3104,4978
3104,6130
3104,6247
3104,6362
3104,6598
3104,7291
3104,7460
3105,258
3105,431
3105,593
3105,659
3105,774
3105,849
3105,924
3105,1476
3105,1671
3105,1744
3105,1899
3105,2123
3105,2198
3105,2206
3105,2380
3105,2615
3105,3185
3105,3221
3105,3620
3105,3623
3105,3704
3105,3876
3105,4156
3105,4161
3105,4217
3105,4241
3105,4243
3105,4608
3105,4870
3105,4928
3105,4946
3105,5048
3105,5070
3105,5214
3105,5372
3105,5707
3105,5734
3105,6152
3105,6497
3105,6850
3105,6887
3105,7021
3105,7097
3105,7181
3105,7294
3105,7353
3106,1576
3106,3578
3106,7269
3107,239
3107,347
3107,394
3107,465
3107,530
3107,1035
3107,1190
3107,1242
3107,1450
3107,1629
3107,1964
3107,2078
3107,2316
3107,2379
3107,2492
3107,2496
3107,2585
3107,2702
3107,2748
3107,2749
3107,2840
3107,2994
3107,3303
3107,3425
3107,3571
3107,3586
3107,3647
3107,3661
3107,3833
3107,3972
3107,3975
3107,4020
3107,4051
3107,4209
3107,4260
3107,4323
3107,4445
3107,4582
3107,4646
3107,4677
3107,4738
3107,4804
3107,4850
3107,4907
3107,4961
3107,5047
3107,5106
3107,5119
3107,5134
3107,5260
3107,5310
3107,5337
3107,5391
3107,5400
3107,5414
3107,5563
3107,5656
3107,5684
3107,5690
3107,5802
3107,5861
3107,6031
3107,6049
3107,6109
3107,6120
3107,6515
3107,6583
3107,6599
3107,6642
3107,7026
3107,7145
3107,7260
3107,7292
3107,7316
3107,7447
3107,7613
3107,7622
3108,2077
3108,2126
3109,28
3109,40
3109,305
3109,456
3109,526
3109,751
3109,930
3109,1076
3109,1078
3109,1185
3109,1280
3109,1353
3109,1429
3109,1905
3109,2565
3109,2738
3109,2795
3109,2871
3109,3473
3109,3724
3109,3744
3109,3856
3109,3969
3109,4033
3109,4103
3109,4295
3109,4805
3109,5191
3109,6572
3109,6629
3109,6722
3109,6726
3110,281
3110,354
3110,452
3110,624
3110,799
3110,823
3110,929
3110,1147
3110,1201
3110,1208
3110,1265
3110,1366
3110,1576
3110,1713
3110,1754
3110,1837
3110,1968
3110,1971
3110,2029
3110,2203
3110,2278
3110,2578
3110,2580
3110,2846
3110,3254
3110,3338
3110,3402
3110,3522
3110,3943
3110,4119
3110,4481
3110,4547
3110,4568
3110,4977
3110,5021
3110,5073
3110,5149
3110,5196
3110,5246
3110,5590
3110,5712
3110,5766
3110,6158
3110,6204
3110,6292
3110,6498
3110,6659
3110,6697
3110,6863
3110,6883
3110,7028
3110,7148
3110,7301
3110,7571
3110,7625
3111,4440
3111,7581
3112,2053
3112,2815
3112,3175
3112,4275
3112,4646
3112,4720
3112,6205
3112,7575
3112,7620
3113,766
3113,4376
3113,5484
3114,41
3114,683
3114,776
3114,986
3114,1058
3114,1414
3114,1575
3114,1667
3114,1695
3114,1862
3114,1884
3114,2170
3114,2215
3114,2431
3114,2461
3114,2772
3114,3078
3114,3268
3114,3384
3114,4067
3114,4376
3114,4466
3114,4670
3114,4805
3114,5036
3114,5251
3114,5556
3114,5832
3114,6408
3114,6430
3114,6732
3114,6769
3114,6794
3114,6952
3114,7018
3114,7147
3114,7519
3115,576
3115,821
3115,832
3115,1058
3115,1062
3115,1414
3115,1481
3115,1790
3115,1875
3115,1990
3115,2287
3115,2440
3115,2513
3115,2587
3115,3202
3115,3203
3115,3304
3115,3384
3115,3545
3115,3753
3115,3817
3115,4120
3115,4365
3115,4371
3115,4376
3115,4573
3115,4592
3115,4670
3115,4714
3115,4805
3115,5068
3115,5070
3115,5141
3115,5251
3115,6272
3115,6486
3115,6636
3115,7448
3116,412
3116,537
3116,755
3116,767
3116,879
3116,926
3116,1054
3116,1434
3116,1531
3116,1616
3116,1672
3116,1734
3116,1785
3116,1827
3116,1969
3116,2099
3116,2114
3116,2147
3116,2260
3116,2596
3116,2609
3116,2775
3116,2854
3116,2861
3116,2895
3116,3091
3116,3346
3116,3523
3116,3529
3116,3805
3116,3843
3116,4070
3116,4236
3116,4264
3116,4496
3116,4566
3116,4619
3116,4704
3116,4949
3116,5028
3116,5465
3116,5706
3116,5848
3116,5849
3116,5978
3116,6091
3116,6099
3116,6416
3116,6465
3116,7086
3116,7118
3116,7241
3116,7308
3117,6139
3117,6334
3118,2198
3118,2913
3118,3698
3118,4805
3118,5132
3118,5286
3118,5455
3118,5881
3119,378
3119,401
3119,2472
3119,2503
3119,3797
3119,7645
3120,752
3120,1143
3120,1181
3120,1761
3120,2131
3120,2150
3120,2629
3120,3005
3120,3907
3120,4172
3120,4378
3120,4687
3120,4859
3120,5862
3120,6114
3121,209
3121,524
3121,1107
3121,1279
3121,2319
3121,2436
3121,2702
3121,3450
3121,3953
3121,3993
3121,4051
3121,4089
3121,4106
3121,4235
3121,5337
3121,5402
3121,5684
3121,6169
3121,6307
3121,6612
3121,6817
3121,7316
3121,7532
3122,64
3122,2168
3122,2874
3122,4744
3123,26
3123,134
3123,383
3123,592
3123,593
3123,739
3123,816
3123,1194
3123,1210
3123,1347
3123,1591
3123,2685
3123,2778
3123,2871
3123,2887
3123,3243
3123,3247
3123,3294
3123,3657
3123,4217
3123,4345
3123,4912
3123,5133
3123,5293
3123,5302
3123,5442
3123,6175
3123,6371
3123,6790
3123,6887
3123,7119
3123,7276
3123,7464
3123,7526
3123,7601
3124,73
3124,551
3124,1495
3124,1757
3124,3501
3124,3698
3124,4270
3124,4356
3124,5375
3124,5641
3124,7195
3125,85
3125,225
3125,260
3125,526
3125,584
3125,593
3125,921
3125,936
3125,986
3125,1291
3125,1293
3125,1521
3125,2106
3125,2198
3125,2215
3125,2673
3125,2703
3125,2903
3125,3506
3125,3513
3125,3559
3125,3920
3125,3978
3125,4067
3125,4153
3125,4376
3125,4584
3125,4680
3125,4707
3125,4917
3125,5132
3125,5641
3125,5722
3125,5775
3125,6059
3125,6296
3125,6358
3125,6412
3125,6843
3125,6909
3125,7077
3125,7093
3125,7131
3125,7322
3125,7512
3126,1059
3126,1207
3126,1307
3126,1341
3126,1405
3126,1971
3126,2085
3126,2242
3126,2942
3126,3519
3126,4299
3126,7199
3127,256
3127,740
3127,773
3127,871
3127,1537
3127,1804
3127,2790
3127,3084
3127,3143
3127,3424
3127,3759
3127,3905
3127,4292
3127,5153
3127,5697
3127,6090
3127,6130
3127,6376
3127,6652
3127,6855
3128,144
3128,391
3128,567
3128,1124
3128,1311
3128,2720
3128,3231
3128,4512
3128,4613
3128,7243
3128,7317
3128,7356
3129,330
3129,636
3129,1008
3129,1216
3129,1921
3129,2119
3129,2301
3129,5770
3129,6643
3129,7192
3130,338
3130,399
3130,1694
3130,3730
3130,3811
3130,4224
3130,7027
3131,707
3131,934
3131,1655
3131,2314
3131,2505
3131,3329
3131,3368
3131,3521
3131,3650
3131,4216
3131,4362
3131,4376
3131,4725
3131,5301
3131,6193
3131,6769
3131,7600
3132,260
3132,345
3132,435
3132,1113
3132,1592
3132,2128
3132,2981
3132,3039
3132,3538
3132,3951
3132,4787
3132,5612
3132,6016
3132,6024
3132,6492
3132,6613
3132,7044
3132,7071
3133,522
3133,3182
3133,5442
3133,7083
3134,5
3134,71
3134,352
3134,526
3134,655
3134,785
3134,808
3134,956
3134,1521
3134,1532
3134,1967
3134,2059
3134,2172
3134,2404
3134,2664
3134,3062
3134,3270
3134,3296
3134,3506
3134,3510
3134,3520
3134,3559
3134,3742
3134,3784
3134,4503
3134,4811
3134,5174
3134,5378
3134,5722
3134,6029
3134,6067
3134,6296
3134,6547
3134,6879
3134,6909
3134,7250
3134,7512
3135,249
3135,297
3135,355
3135,376
3135,1115
3135,1149
3135,1151
3135,1304
3135,1445
3135,2168
3135,2217
3135,2413
3135,2874
3135,3486
3135,4005
3135,4202
3135,4322
3135,4611
3135,4744
3135,5046
3135,5803
3135,6113
3135,6144
3135,6524
3135,6988
3135,7220
3135,7408
3135,7449
3135,7509
3136,310
3136,2867
3136,3085
3136,3400
3136,3490
3136,3865
3136,4383
3136,4752
3136,5387
3136,5994
3136,6367
3137,2876
3137,2984
3137,4032
3137,5580
3137,6122
3137,6463
3137,7379
3137,7545
3138,28
3138,183
3138,309
3138,319
3138,358
3138,455
3138,456
3138,469
3138,484
3138,534
3138,593
3138,622
3138,900
3138,906
3138,1097
3138,1100
3138,1280
3138,1421
3138,1429
3138,1796
3138,1798
3138,1838
3138,2198
3138,2239
3138,2336
3138,2380
3138,2396
3138,2553
3138,2615
3138,3020
3138,3049
3138,3578
3138,3648
3138,3704
3138,3799
3138,3856
3138,3946
3138,4347
3138,4350
3138,4376
3138,4380
3138,4388
3138,4538
3138,4688
3138,4805
3138,4934
3138,5013
3138,5037
3138,5070
3138,5132
3138,5234
3138,5241
3138,5255
3138,5399
3138,5415
3138,5441
3138,5493
3138,5584
3138,5734
3138,5833
3138,5881
3138,5903
3138,5982
3138,6361
3138,6409
3138,6597
3138,6673
3138,6702
3138,6807
3138,6847
3138,6978
3138,7003
3138,7036
3138,7164
3138,7337
3138,7477
3138,7568
3138,7577
3139,162
3139,487
3139,1961
3139,2304
3139,2996
3139,3101
3139,3507
3139,3698
3139,3802
3139,4033
3139,4318
3139,4440
3139,6341
3140,149
3140,1544
3140,1961
3140,4064
3140,4091
3140,6039
3140,6297
3140,6551
3140,6702
3141,462
3141,1290
3141,2386
3141,4136
3141,4178
3141,4507
3141,5253
3141,5318
3141,5501
3141,5535
3141,5907
3141,7200
3141,7591
3142,1906
3142,6307
3142,7064
3143,256
3143,439
3143,617
3143,709
3143,783
3143,884
3143,1162
3143,1326
3143,1791
3143,1824
3143,2251
3143,2666
3143,2900
3143,3041
3143,3084
3143,3127
3143,3366
3143,3375
3143,3424
3143,3494
3143,4075
3143,4088
3143,4214
3143,4925
3143,5127
3143,5283
3143,5581
3143,5618
3143,5877
3143,5973
3143,6002
3143,6130
3143,6206
3143,6226
3143,6681
3143,6855
3143,7001
3143,7198
3143,7282
3144,327
3144,452
3144,1201
3144,1602
3144,2936
3144,3917
3144,4749
3144,6267
3144,6833
3144,7083
3144,7381
3145,108
3145,150
3145,241
3145,514
3145,545
3145,613
3145,1009
3145,1057
3145,1075
3145,1500
3145,1653
3145,1832
3145,1952
3145,2034
3145,2051
3145,2135
3145,2288
3145,2416
3145,2422
3145,2539
3145,3159
3145,3186
3145,3233
3145,3265
3145,3344
3145,3453
3145,3524
3145,3746
3145,3823
3145,4346
3145,4486
3145,4560
3145,4705
3145,4762
3145,4906
3145,5238
3145,5527
3145,6606
3145,6674
3145,6888
3146,6799
3147,249
3147,297
3147,307
3147,355
3147,422
3147,730
3147,932
3147,996
3147,1149
3147,1151
3147,1445
3147,1692
3147,1740
3147,1807
3147,2168
3147,2217
3147,2413
3147,2874
3147,2947
3147,3214
3147,3231
3147,3494
3147,3511
3147,4005
3147,4202
3147,4237
3147,4322
3147,4744
3147,4796
3147,5046
3147,5104
3147,5803
3147,6130
3147,6144
3147,6988
3147,7108
3147,7449
3147,7460
3147,7472
3147,7509
3148,1393
3148,3841
3148,4437
3148,4690
3148,4898
3148,5407
3148,6346
3148,6995
3148,7074
3149,260
3149,479
3149,735
3149,1058
3149,1067
3149,1293
3149,1798
3149,2198
3149,3456
3149,3459
3149,3616
3149,3866
3149,4376
3149,4768
3149,5404
3149,5707
3149,5816
3149,5881
3149,5955
3149,6414
3149,6702
3149,6892
3149,6933
3149,6971
3149,7003
3149,7464
3150,965
3150,995
3150,1073
3150,1604
3150,2311
3150,2443
3150,2757
3150,3064
3150,3376
3150,3460
3150,3516
3150,4280
3150,4492
3150,4673
3150,4899
3150,5266
3150,5754
3150,5774
3150,6052
3150,6125
3150,6163
3150,6653
3150,7236
3151,19
3151,3924
3151,4351
3151,4984
3151,5094
3151,5300
3151,5444
3151,6623
3152,0
3152,3
3152,28
3152,41
3152,188
3152,192
3152,269
3152,276
3152,389
3152,476
3152,518
3152,582
3152,669
3152,731
3152,774
3152,920
3152,945
3152,947
3152,1022
3152,1058
3152,1105
3152,1108
3152,1178
3152,1195
3152,1344
3152,1423
3152,1439
3152,1485
3152,1551
3152,1658
3152,1661
3152,1686
3152,1711
3152,1744
3152,1782
3152,1875
3152,1905
3152,1929
3152,1941
3152,2058
3152,2068
3152,2108
3152,2183
3152,2198
3152,2229
3152,2239
3152,2287
3152,2342
3152,2380
3152,2381
3152,2401
3152,2484
3152,2494
3152,2502
3152,2541
3152,2598
3152,2614
3152,2619
3152,2621
3152,2645
3152,2736
3152,2743
3152,2772
3152,2814
3152,2823
3152,2829
3152,2857
3152,2913
3152,2950
3152,2991
3152,3080
3152,3282
3152,3353
3152,3359
3152,3419
3152,3438
3152,3578
3152,3582
3152,3670
3152,3683
3152,3704
3152,3710
3152,3723
3152,3744
3152,3856
3152,3910
3152,3931
3152,3973
3152,4026
3152,4039
3152,4111
3152,4159
3152,4182
3152,4196
3152,4290
3152,4307
3152,4337
3152,4344
3152,4366
3152,4376
3152,4458
3152,4473
3152,4508
3152,4514
3152,4522
3152,4559
3152,4573
3152,4580
3152,4586
3152,4682
3152,4771
3152,4948
3152,5007
3152,5056
3152,5108
3152,5155
3152,5167
3152,5213
3152,5258
3152,5330
3152,5398
3152,5404
3152,5412
3152,5471
3152,5505
3152,5531
3152,5543
3152,5545
3152,5554
3152,5585
3152,5629
3152,5807
3152,5840
3152,5844
3152,5853
3152,5888
3152,5904
3152,5909
3152,5924
3152,5945
3152,6069
3152,6078
3152,6330
3152,6345
3152,6354
3152,6381
3152,6406
3152,6467
3152,6468
3152,6485
3152,6526
3152,6527
3152,6582
3152,6664
3152,6704
3152,6723
3152,6775
3152,6778
3152,6807
3152,6852
3152,6880
3152,6895
3152,7097
3152,7105
3152,7127
3152,7167
3152,7289
3152,7344
3152,7363
3152,7364
3152,7395
3152,7440
3152,7510
3152,7523
3152,7526
3152,7537
3152,7592
3152,7619
3153,2083
3153,5232
3153,6757
3154,93
3154,150
3154,195
3154,621
3154,1087
3154,1452
3154,1463
3154,1503
3154,1534
3154,1674
3154,1856
3154,2121
3154,2136
3154,2162
3154,2236
3154,2477
3154,2505
3154,2646
3154,2662
3154,2833
3154,3038
3154,3233
3154,3267
3154,3495
3154,3630
3154,3995
3154,4108
3154,4239
3154,4272
3154,5440
3154,5466
3154,5885
3154,5913
3154,6314
3154,6329
3154,6556
3154,6621
3154,6689
3154,6817
3154,7019
3154,7224
3155,28
3155,495
3155,764
3155,1280
3155,1429
3155,1496
3155,2740
3155,3295
3155,3331
3155,3433
3155,3578
3155,4693
3155,4805
3155,5114
3155,5141
3155,5664
3155,6807
3155,7467
3156,157
3156,880
3156,1015
3156,1288
3156,1543
3156,1565
3156,1588
3156,1756
3156,1822
3156,1953
3156,2035
3156,2282
3156,2836
3156,2966
3156,3094
3156,3409
3156,3571
3156,3603
3156,3852
3156,4275
3156,4291
3156,4332
3156,4471
3156,4657
3156,4677
3156,4720
3156,4843
3156,4963
3156,5548
3156,5558
3156,5578
3156,5789
3156,5854
3156,5960
3156,6049
3156,6573
3156,6577
3156,6819
3156,7450
3156,7497
3156,7516
3156,7562
3156,7575
3156,7620
3157,72
3157,262
3157,456
3157,471
3157,1058
3157,1098
3157,1185
3157,1280
3157,1409
3157,1585
3157,1911
3157,2062
3157,2070
3157,2738
3157,4680
3157,4731
3157,5289
3157,6947
3157,7298
3158,583
3158,1407
3158,1817
3158,2058
3158,2089
3158,3578
3158,7467
3158,7486
3159,66
3159,394
3159,941
3159,988
3159,1416
3159,1556
3159,2056
3159,2412
3159,2608
3159,2662
3159,2803
3159,2833
3159,3086
3159,3145
3159,3222
3159,3227
3159,3244
3159,3425
3159,3437
3159,3442
3159,3467
3159,3819
3159,3869
3159,4305
3159,4501
3159,4628
3159,4665
3159,4738
3159,4935
3159,5035
3159,5074
3159,5221
3159,5260
3159,5454
3159,5517
3159,5638
3159,5794
3159,5817
3159,6050
3159,6549
3159,6642
3159,6735
3159,6813
3159,7594
3160,42
3160,304
3160,320
3160,446
3160,456
3160,540
3160,552
3160,593
3160,731
3160,770
3160,1058
3160,1097
3160,1210
3160,1254
3160,1357
3160,1399
3160,1453
3160,1467
3160,1472
3160,1513
3160,1620
3160,1671
3160,1690
3160,1705
3160,1744
3160,1796
3160,1797
3160,1875
3160,1959
3160,1997
3160,2198
3160,2206
3160,2239
3160,2336
3160,2406
3160,2432
3160,2553
3160,2615
3160,2736
3160,2772
3160,2848
3160,2881
3160,3049
3160,3050
3160,3051
3160,3177
3160,3178
3160,3185
3160,3279
3160,3514
3160,3713
3160,3748
3160,3750
3160,3799
3160,3895
3160,4071
3160,4080
3160,4160
3160,4164
3160,4376
3160,4388
3160,4570
3160,4573
3160,4670
3160,4680
3160,4805
3160,4857
3160,4895
3160,4954
3160,5058
3160,5070
3160,5108
3160,5132
3160,5148
3160,5155
3160,5316
3160,5348
3160,5404
3160,5415
3160,5543
3160,5551
3160,5641
3160,5649
3160,5651
3160,5734
3160,5878
3160,5937
3160,5979
3160,6354
3160,6414
3160,6702
3160,6707
3160,6847
3160,6961
3160,6990
3160,7091
3160,7203
3160,7320
3160,7369
3160,7440
3160,7471
3160,7582
3161,564
3161,3478
3161,5486
3161,5636
3161,6555
3162,583
3162,1346
3162,1817
3162,2058
3162,2977
3162,3887
3162,4376
3162,5957
3162,7467
3162,7486
3163,2366
3163,2528
3163,3361
3163,4399
3163,5271
3163,5429
3163,7460
3163,7483
3163,7500
3164,167
3164,890
3164,1053
3164,1243
3164,1280
3164,1389
3164,1411
3164,1613
3164,1827
3164,2250
3164,2324
3164,2854
3164,3024
3164,3326
3164,3371
3164,3562
3164,3931
3164,4265
3164,4956
3164,5393
3164,5628
3164,5783
3164,6099
3164,6151
3164,6255
3164,6479
3164,6761
3164,6764
3164,6784
3164,7035
3164,7457
3165,2139
3165,5810
3166,577
3166,7613
3167,541
3167,556
3167,649
3167,786
3167,937
3167,1038
3167,1221
3167,1272
3167,1504
3167,1630
3167,1864
3167,2281
3167,2357
3167,2643
3167,3090
3167,3392
3167,3553
3167,3575
3167,3815
3167,4583
3167,4666
3167,4741
3167,4758
3167,5306
3167,5588
3167,5825
3167,6679
3167,6997
3167,7075
3167,7124
3167,7255
3167,7366
3167,7566
3167,7630
3167,7648
3168,66
3168,195
3168,202
3168,530
3168,941
3168,988
3168,1276
3168,1556
3168,2056
3168,2412
3168,2428
3168,2453
3168,3086
3168,3227
3168,3303
3168,3437
3168,3682
3168,4235
3168,4413
3168,4452
3168,4628
3168,4633
3168,6418
3168,6621
3168,6813
3168,6970
3168,7155
3168,7433
3168,7641
3169,4470
3169,7161
3170,305
3170,1058
3170,1745
3170,2505
3170,4376
3170,4805
3170,5301
3170,6272
3170,6741
3170,7376
3170,7600
3171,73
3171,92
3171,103
3171,149
3171,450
3171,616
3171,639
3171,762
3171,843
3171,881
3171,1006
3171,1184
3171,1349
3171,1427
3171,1444
3171,1495
3171,1510
3171,1551
3171,1563
3171,1735
3171,1778
3171,2040
3171,2043
3171,2086
3171,2106
3171,2166
3171,2194
3171,2205
3171,2239
3171,2290
3171,2294
3171,2320
3171,2479
3171,2621
3171,2663
3171,2831
3171,3072
3171,3334
3171,3359
3171,3394
3171,3602
3171,3698
3171,3712
3171,3844
3171,3926
3171,4049
3171,4080
3171,4083
3171,4174
3171,4228
3171,4384
3171,4386
3171,4406
3171,4420
3171,4422
3171,4469
3171,4803
3171,4806
3171,4865
3171,4952
3171,5218
3171,5222
3171,5296
3171,5351
3171,5661
3171,5772
3171,5807
3171,6297
3171,6331
3171,6437
3171,6485
3171,6487
3171,6518
3171,6618
3171,6631
3171,6638
3171,6738
3171,7173
3171,7182
3171,7295
3171,7374
3171,7395
3171,7599
3171,7633
3172,345
3172,1058
3172,1210
3172,1357
3172,1592
3172,2129
3172,2370
3172,2406
3172,2410
3172,2981
3172,3039
3172,3683
3172,4787
3172,5070
3172,5195
3172,5404
3172,5612
3172,5707
3172,5881
3172,6024
3172,6066
3172,6492
3172,6787
3172,7003
3172,7070
3172,7091
3172,7210
3172,7289
3172,7369
3172,7578
3173,310
3173,2867
3173,3085
3173,3400
3173,3472
3173,3490
3173,3705
3173,3865
3173,4200
3173,4410
3173,4752
3173,5994
3173,6070
3173,6367
3173,7004
3174,4033
3175,37
3175,84
3175,135
3175,157
3175,193
3175,531
3175,577
3175,637
3175,664
3175,738
3175,880
3175,1015
3175,1039
3175,1242
3175,1440
3175,1543
3175,1565
3175,1588
3175,1756
3175,1822
3175,1953
3175,2035
3175,2245
3175,2282
3175,2496
3175,2825
3175,2836
3175,2876
3175,2976
3175,3094
3175,3112
3175,3222
3175,3409
3175,3417
3175,3429
3175,3571
3175,3603
3175,3661
3175,3852
3175,3975
3175,4000
3175,4104
3175,4275
3175,4291
3175,4332
3175,4361
3175,4471
3175,4625
3175,4657
3175,4677
3175,4720
3175,4843
3175,4850
3175,4963
3175,4997
3175,5276
3175,5326
3175,5434
3175,5462
3175,5520
3175,5548
3175,5578
3175,5789
3175,5854
3175,5960
3175,6025
3175,6031
3175,6044
3175,6049
3175,6443
3175,6573
3175,6591
3175,6755
3175,6819
3175,6875
3175,7034
3175,7049
3175,7051
3175,7261
3175,7421
3175,7434
3175,7450
3175,7497
3175,7562
3175,7575
3175,7620
3175,7622
3176,429
3176,525
3176,548
3176,2462
3176,2997
3176,3709
3176,4172
3176,4823
3176,5183
3176,5499
3176,5501
3176,7087
3177,69
3177,85
3177,201
3177,345
3177,473
3177,593
3177,841
3177,942
3177,1058
3177,1210
3177,1268
3177,1357
3177,1368
3177,1453
3177,1798
3177,1862
3177,1984
3177,2106
3177,2198
3177,2239
3177,2370
3177,2377
3177,2441
3177,2587
3177,2639
3177,2911
3177,2974
3177,3160
3177,3183
3177,3351
3177,3370
3177,3384
3177,3538
3177,3616
3177,3718
3177,3748
3177,4067
3177,4164
3177,4269
3177,4320
3177,4362
3177,4376
3177,4384
3177,4570
3177,4608
3177,4680
3177,4694
3177,4805
3177,4864
3177,5101
3177,5132
3177,5258
3177,5296
3177,5404
3177,5455
3177,5707
3177,5816
3177,5881
3177,5961
3177,6040
3177,6707
3177,6760
3177,6794
3177,6959
3177,6961
3177,7044
3177,7289
3177,7296
3177,7369
3177,7572
3177,7582
3178,260
3178,431
3178,552
3178,1058
3178,1178
3178,1453
3178,1524
3178,1621
3178,1798
3178,2129
3178,2198
3178,2215
3178,2239
3178,2339
3178,2370
3178,2881
3178,2981
3178,3049
3178,3160
3178,3311
3178,3334
3178,3370
3178,3713
3178,3748
3178,4086
3178,4376
3178,4408
3178,4983
3178,5037
3178,5132
3178,5404
3178,5412
3178,5415
3178,5455
3178,5641
3178,5881
3178,5952
3178,5979
3178,6098
3178,6354
3178,6669
3178,6952
3178,7289
3178,7296
3178,7305
3178,7572
3178,7582
3179,51
3179,217
3179,248
3179,262
3179,471
3179,964
3179,1139
3179,1245
3179,1429
3179,1757
3179,1777
3179,1911
3179,2062
3179,2070
3179,2084
3179,2239
3179,2801
3179,3013
3179,3577
3179,4031
3179,4098
3179,4376
3179,4745
3179,5321
3179,5368
3179,5433
3179,5504
3179,5664
3179,5843
3179,5997
3179,6079
3179,6119
3179,6269
3179,6572
3179,7409
3179,7596
3180,444
3180,481
3180,510
3180,679
3180,688
3180,812
3180,855
3180,992
3180,1086
3180,1096
3180,1292
3180,1466
3180,1477
3180,1529
3180,1562
3180,1622
3180,1637
3180,1683
3180,1889
3180,1944
3180,2067
3180,2073
3180,2238
3180,2259
3180,2444
3180,2468
3180,2489
3180,2491
3180,2786
3180,2827
3180,2873
3180,2896
3180,2926
3180,3211
3180,3393
3180,3399
3180,3411
3180,3435
3180,3449
3180,3452
3180,4117
3180,4123
3180,4151
3180,4244
3180,4475
3180,4478
3180,4487
3180,4494
3180,4498
3180,4524
3180,4564
3180,4604
3180,4607
3180,4663
3180,4681
3180,4873
3180,5270
3180,5405
3180,5489
3180,5573
3180,5737
3180,5784
3180,6033
3180,6083
3180,6092
3180,6103
3180,6168
3180,6227
3180,6288
3180,6488
3180,6508
3180,6829
3180,6972
3180,7024
3180,7110
3180,7263
3180,7324
3180,7361
3180,7444
3182,281
3182,1201
3182,3133
3182,3522
3182,6782
3182,6917
3182,7083
3183,23
3183,85
3183,103
3183,170
3183,220
3183,240
3183,320
3183,353
3183,415
3183,421
3183,446
3183,473
3183,500
3183,527
3183,538
3183,540
3183,552
3183,593
3183,614
3183,683
3183,693
3183,726
3183,776
3183,789
3183,795
3183,810
3183,813
3183,903
3183,904
3183,916
3183,930
3183,939
3183,942
3183,958
3183,973
3183,986
3183,1011
3183,1030
3183,1040
3183,1058
3183,1070
3183,1091
3183,1104
3183,1106
3183,1113
3183,1133
3183,1210
3183,1211
3183,1218
3183,1249
3183,1284
3183,1293
3183,1330
3183,1370
3183,1378
3183,1415
3183,1421
3183,1430
3183,1453
3183,1456
3183,1478
3183,1545
3183,1563
3183,1590
3183,1610
3183,1621
3183,1624
3183,1665
3183,1705
3183,1708
3183,1711
3183,1735
3183,1798
3183,1854
3183,1860
3183,1907
3183,1908
3183,1965
3183,1996
3183,2021
3183,2033
3183,2039
3183,2040
3183,2106
3183,2194
3183,2198
3183,2207
3183,2215
3183,2290
3183,2320
3183,2339
3183,2377
3183,2441
3183,2479
3183,2549
3183,2571
3183,2573
3183,2600
3183,2617
3183,2620
3183,2657
3183,2659
3183,2719
3183,2744
3183,2745
3183,2765
3183,2770
3183,2808
3183,2852
3183,2855
3183,2888
3183,2911
3183,2913
3183,2938
3183,2956
3183,2958
3183,2974
3183,2991
3183,3003
3183,3015
3183,3018
3183,3025
3183,3079
3183,3093
3183,3177
3183,3264
3183,3311
3183,3312
3183,3347
3183,3362
3183,3370
3183,3377
3183,3394
3183,3406
3183,3408
3183,3427
3183,3502
3183,3538
3183,3593
3183,3602
3183,3659
3183,3671
3183,3692
3183,3713
3183,3734
3183,3758
3183,3762
3183,3782
3183,3796
3183,3844
3183,3895
3183,3897
3183,3898
3183,3926
3183,3948
3183,3950
3183,3958
3183,3970
3183,3990
3183,3996
3183,3999
3183,4062
3183,4067
3183,4080
3183,4083
3183,4091
3183,4096
3183,4157
3183,4174
3183,4177
3183,4184
3183,4228
3183,4233
3183,4253
3183,4257
3183,4286
3183,4303
3183,4313
3183,4366
3183,4376
3183,4381
3183,4384
3183,4392
3183,4420
3183,4465
3183,4466
3183,4490
3183,4525
3183,4535
3183,4556
3183,4608
3183,4737
3183,4785
3183,4801
3183,4803
3183,4811
3183,4865
3183,4952
3183,4983
3183,5039
3183,5095
3183,5132
3183,5194
3183,5203
3183,5212
3183,5218
3183,5222
3183,5223
3183,5259
3183,5261
3183,5278
3183,5286
3183,5292
3183,5296
3183,5351
3183,5471
3183,5490
3183,5507
3183,5510
3183,5513
3183,5551
3183,5557
3183,5561
3183,5593
3183,5626
3183,5641
3183,5661
3183,5709
3183,5730
3183,5732
3183,5855
3183,5888
3183,5941
3183,5952
3183,5961
3183,5975
3183,6001
3183,6017
3183,6026
3183,6047
3183,6054
3183,6075
3183,6086
3183,6202
3183,6216
3183,6228
3183,6242
3183,6259
3183,6284
3183,6287
3183,6303
3183,6335
3183,6400
3183,6449
3183,6466
3183,6484
3183,6507
3183,6553
3183,6578
3183,6582
3183,6618
3183,6640
3183,6660
3183,6704
3183,6705
3183,6707
3183,6738
3183,6760
3183,6778
3183,6779
3183,6810
3183,6811
3183,6848
3183,6933
3183,6952
3183,6961
3183,6981
3183,6984
3183,6989
3183,7046
3183,7079
3183,7085
3183,7101
3183,7147
3183,7163
3183,7197
3183,7219
3183,7239
3183,7252
3183,7296
3183,7320
3183,7331
3183,7385
3183,7401
3183,7406
3183,7452
3183,7465
3183,7487
3183,7525
3183,7550
3183,7572
3183,7580
3183,7582
3183,7597
3183,7599
3183,7603
3183,7612
3183,7628
3183,7633
3184,23
3184,33
3184,124
3184,169
3184,304
3184,369
3184,479
3184,482
3184,593
3184,942
3184,1058
3184,1214
3184,1226
3184,1368
3184,1415
3184,1421
3184,1614
3184,1663
3184,1798
3184,1854
3184,1862
3184,1907
3184,2013
3184,2039
3184,2106
3184,2129
3184,2198
3184,2290
3184,2313
3184,2432
3184,2521
3184,2540
3184,2571
3184,2575
3184,2981
3184,3051
3184,3221
3184,3363
3184,3377
3184,3895
3184,4037
3184,4074
3184,4157
3184,4243
3184,4333
3184,4384
3184,4594
3184,4658
3184,4806
3184,4864
3184,4952
3184,5048
3184,5160
3184,5195
3184,5404
3184,5612
3184,5707
3184,5756
3184,5881
3184,5966
3184,5979
3184,6156
3184,6414
3184,6551
3184,6673
3184,6678
3184,6702
3184,6714
3184,6849
3184,7003
3184,7071
3184,7085
3184,7170
3184,7203
3184,7353
3184,7464
3184,7535
3184,7568
3184,7572
3184,7607
3185,24
3185,77
3185,85
3185,152
3185,258
3185,260
3185,304
3185,319
3185,344
3185,359
3185,369
3185,374
3185,562
3185,593
3185,629
3185,659
3185,711
3185,720
3185,774
3185,789
3185,795
3185,811
3185,939
3185,1018
3185,1100
3185,1113
3185,1152
3185,1268
3185,1281
3185,1350
3185,1415
3185,1447
3185,1467
3185,1746
3185,1838
3185,1840
3185,1874
3185,1899
3185,1908
3185,2030
3185,2102
3185,2106
3185,2198
3185,2239
3185,2307
3185,2377
3185,2380
3185,2396
3185,2406
3185,2407
3185,2586
3185,2600
3185,2614
3185,2661
3185,2832
3185,2882
3185,2921
3185,3039
3185,3105
3185,3160
3185,3251
3185,3277
3185,3538
3185,3547
3185,3620
3185,3756
3185,3758
3185,3859
3185,3897
3185,3946
3185,4023
3185,4024
3185,4127
3185,4161
3185,4184
3185,4203
3185,4241
3185,4243
3185,4290
3185,4350
3185,4376
3185,4380
3185,4384
3185,4402
3185,4453
3185,4483
3185,4484
3185,4510
3185,4511
3185,4590
3185,4608
3185,4641
3185,4658
3185,4682
3185,4688
3185,4870
3185,4928
3185,4946
3185,5006
3185,5008
3185,5013
3185,5037
3185,5050
3185,5082
3185,5160
3185,5199
3185,5203
3185,5213
3185,5214
3185,5251
3185,5330
3185,5362
3185,5365
3185,5372
3185,5385
3185,5399
3185,5441
3185,5442
3185,5493
3185,5518
3185,5626
3185,5707
3185,5730
3185,5797
3185,5799
3185,5816
3185,5881
3185,6024
3185,6077
3185,6082
3185,6156
3185,6208
3185,6322
3185,6397
3185,6449
3185,6497
3185,6551
3185,6566
3185,6678
3185,6702
3185,6705
3185,6707
3185,6787
3185,6847
3185,6850
3185,6887
3185,6890
3185,6921
3185,6930
3185,6968
3185,7021
3185,7071
3185,7079
3185,7097
3185,7103
3185,7181
3185,7247
3185,7280
3185,7294
3185,7395
3185,7536
3185,7607
3186,21
3186,93
3186,150
3186,200
3186,872
3186,1107
3186,1161
3186,1556
3186,1964
3186,2136
3186,2293
3186,2315
3186,2316
3186,2875
3186,3145
3186,3354
3186,3396
3186,3622
3186,3746
3186,3993
3186,4051
3186,4137
3186,4328
3186,4346
3186,4533
3186,4698
3186,4906
3186,5026
3186,5358
3186,5466
3186,5583
3186,5644
3186,5723
3186,5913
3186,5918
3186,6504
3186,6674
3186,6813
3186,6817
3186,6821
3186,6991
3186,7019
3186,7427
3187,158
3187,461
3187,3851
3187,4631
3187,4702
3187,5755
3187,6764
3187,7457
3188,267
3188,593
3188,1798
3188,2396
3188,4157
3188,4350
3188,4590
3188,4971
3188,5799
3188,6551
3188,7003
3188,7537
3189,593
3189,1178
3189,3459
3189,4071
3189,4536
3189,4827
3189,5404
3189,5415
3189,5881
3189,6702
3189,7003
3190,75
3190,551
3190,601
3190,766
3190,793
3190,881
3190,1406
3190,1453
3190,1521
3190,2021
3190,2143
3190,2198
3190,2215
3190,2299
3190,2377
3190,2569
3190,3503
3190,3532
3190,3559
3190,3607
3190,3772
3190,3895
3190,4067
3190,4153
3190,4384
3190,4469
3190,4584
3190,5111
3190,5993
3190,6001
3190,6086
3190,6409
3190,6412
3190,6551
3190,7131
3190,7330
3191,135
3191,404
3191,664
3191,1015
3191,1288
3191,1565
3191,1588
3191,1822
3191,2282
3191,2825
3191,4275
3191,4866
3191,4997
3191,5020
3191,5558
3191,5789
3191,6120
3191,6573
3191,6819
3191,6979
3191,7034
3191,7450
3191,7497
3191,7620
3192,140
3192,1200
3192,1398
3192,1451
3192,1547
3192,2167
3192,2178
3192,2429
3192,3200
3192,3639
3192,3679
3192,3696
3192,3971
3192,4018
3192,4134
3192,4374
3192,4652
3192,4815
3192,4929
3192,4996
3192,5516
3192,5805
3192,6167
3192,6326
3192,6809
3192,6820
3192,6862
3192,7089
3192,7199
3192,7439
3193,526
3193,1058
3193,2170
3193,4206
3193,4376
3193,4805
3194,106
3194,143
3194,211
3194,456
3194,629
3194,680
3194,881
3194,1185
3194,1603
3194,2113
3194,2145
3194,2415
3194,2438
3194,2586
3194,2626
3194,2801
3194,2831
3194,3207
3194,3277
3194,3302
3194,3339
3194,3856
3194,3889
3194,3983
3194,3990
3194,4029
3194,4031
3194,4154
3194,4173
3194,4294
3194,4373
3194,4422
3194,4522
3194,4565
3194,4735
3194,4987
3194,5181
3194,5993
3194,5997
3194,6159
3194,6210
3194,6369
3194,6379
3194,6594
3194,7020
3194,7032
3194,7290
3195,47
3195,2714
3195,4338
3195,6546
3195,7456
3196,260
3196,369
3196,593
3196,1798
3196,2198
3196,2239
3196,2377
3196,2921
3196,3359
3196,3408
3196,3459
3196,3748
3196,4080
3196,4376
3196,4384
3196,4952
3196,5707
3196,6039
3196,6551
3197,13
3197,139
3197,545
3197,650
3197,765
3197,878
3197,1075
3197,1153
3197,1160
3197,1280
3197,1403
3197,1429
3197,1541
3197,1816
3197,1879
3197,1924
3197,2083
3197,2293
3197,2709
3197,2764
3197,3095
3197,3483
3197,3989
3197,4051
3197,4656
3197,4810
3197,5121
3197,5314
3197,5400
3197,5539
3197,6241
3197,6418
3197,6493
3197,6556
3197,6599
3197,6900
3197,7386
3197,7442
3198,1128
3198,1656
3198,3526
3198,4240
3199,73
3199,551
3199,919
3199,1070
3199,1707
3199,2371
3199,3762
3199,4427
3199,5000
3199,5420
3199,5467
3199,5650
3199,5665
3200,140
3200,282
3200,368
3200,371
3200,396
3200,437
3200,574
3200,608
3200,798
3200,799
3200,979
3200,1059
3200,1085
3200,1135
3200,1200
3200,1207
3200,1208
3200,1257
3200,1352
3200,1384
3200,1387
3200,1398
3200,1405
3200,1451
3200,1490
3200,1547
3200,1605
3200,1606
3200,1719
3200,1793
3200,1848
3200,1968
3200,2004
3200,2020
3200,2069
3200,2085
3200,2167
3200,2178
3200,2242
3200,2289
3200,2351
3200,2429
3200,2459
3200,2501
3200,2519
3200,2851
3200,3033
3200,3055
3200,3192
3200,3228
3200,3390
3200,3414
3200,3505
3200,3519
3200,3535
3200,3609
3200,3639
3200,3679
3200,3694
3200,3696
3200,3790
3200,3863
3200,3921
3200,3935
3200,3971
3200,4018
3200,4036
3200,4079
3200,4134
3200,4299
3200,4339
3200,4364
3200,4374
3200,4401
3200,4597
3200,4652
3200,4793
3200,4794
3200,4815
3200,4929
3200,4996
3200,5096
3200,5450
3200,5477
3200,5516
3200,5570
3200,5579
3200,5621
3200,5670
3200,5683
3200,5776
3200,5800
3200,5805
3200,5850
3200,5900
3200,5905
3200,5956
3200,6080
3200,6150
3200,6167
3200,6248
3200,6285
3200,6317
3200,6326
3200,6456
3200,6529
3200,6543
3200,6674
3200,6727
3200,6742
3200,6781
3200,6809
3200,6820
3200,6862
3200,6875
3200,6903
3200,6932
3200,6934
3200,6977
3200,7002
3200,7040
3200,7082
3200,7089
3200,7138
3200,7185
3200,7199
3200,7315
3200,7326
3200,7327
3200,7358
3200,7429
3200,7439
3200,7567
3200,7605
3201,54
3201,204
3201,581
3201,968
3201,1003
3201,1099
3201,1115
3201,1146
3201,1237
3201,1326
3201,1728
3201,2399
3201,2528
3201,2538
3201,2605
3201,3361
3201,3412
3201,3719
3201,3736
3201,3879
3201,3939
3201,4197
3201,4237
3201,4399
3201,4497
3201,4534
3201,4618
3201,4861
3201,4924
3201,5124
3201,5279
3201,5762
3201,6094
3201,6113
3201,6374
3201,7275
3201,7405
3201,7460
3201,7491
3201,7544
3202,1063
3202,1181
3202,2049
3202,2198
3202,2374
3202,2431
3202,2997
3202,3005
3202,3115
3202,4148
3202,4378
3202,4462
3202,4805
3202,5550
3202,6592
3202,7087
3202,7414
3203,113
3203,116
3203,194
3203,308
3203,461
3203,495
3203,528
3203,576
3203,766
3203,821
3203,952
3203,1058
3203,1414
3203,1494
3203,1546
3203,1575
3203,1631
3203,1651
3203,1667
3203,1673
3203,1753
3203,1790
3203,1875
3203,1884
3203,1962
3203,1990
3203,2198
3203,2372
3203,2595
3203,2763
3203,2816
3203,2977
3203,3049
3203,3115
3203,3295
3203,3381
3203,3384
3203,3527
3203,3545
3203,3578
3203,3672
3203,3753
3203,3817
3203,3866
3203,3895
3203,3922
3203,3925
3203,4216
3203,4324
3203,4371
3203,4376
3203,4562
3203,4570
3203,4670
3203,4743
3203,4805
3203,4851
3203,4863
3203,5068
3203,5132
3203,5251
3203,5287
3203,5304
3203,5378
3203,5455
3203,5513
3203,5664
3203,5758
3203,6098
3203,6193
3203,6197
3203,6211
3203,6994
3203,7005
3203,7151
3203,7164
3203,7216
3203,7226
3203,7349
3203,7446
3203,7467
3203,7481
3203,7553
3203,7632
3204,158
3204,491
3204,645
3204,890
3204,1213
3204,1306
3204,1411
3204,1564
3204,1613
3204,1852
3204,2054
3204,2250
3204,2504
3204,3315
3204,3536
3204,3843
3204,4126
3204,4133
3204,4648
3204,5275
3204,5395
3204,5427
3204,5599
3204,5915
3204,6127
3204,6380
3204,6525
3204,6763
3204,6871
3204,7378
3205,195
3205,496
3205,630
3205,941
3205,1087
3205,1338
3205,1441
3205,1534
3205,1556
3205,1964
3205,2077
3205,2236
3205,3227
3205,3244
3205,3303
3205,3495
3205,3630
3205,4106
3205,4232
3205,4587
3205,4628
3205,4646
3205,4810
3205,4867
3205,4906
3205,5185
3205,5699
3205,5885
3205,6433
3205,6689
3205,7019
3206,526
3206,552
3206,986
3206,1058
3206,1472
3206,1521
3206,2170
3206,2198
3206,2339
3206,2370
3206,3070
3206,3748
3206,4067
3206,5132
3206,5404
3206,6409
3206,7320
3206,7481
3206,7572
3207,106
3207,248
3207,680
3207,2586
3207,3194
3207,3866
3207,4031
3207,4991
3207,5474
3207,5997
3207,6159
3207,6210
3207,7032
3207,7420
3208,67
3208,150
3208,282
3208,361
3208,373
3208,440
3208,826
3208,873
3208,2025
3208,2252
3208,2367
3208,2505
3208,2619
3208,4664
3208,4793
3208,4939
3208,5805
3208,5988
3208,5991
3208,6065
3208,6304
3208,6694
3208,7132
3208,7329
3209,526
3209,1521
3209,1663
3209,1901
3209,2215
3209,2632
3209,3040
3209,3506
3209,3559
3209,4067
3209,4153
3209,4578
3209,4584
3209,4683
3209,5652
3209,5719
3209,5851
3209,5869
3209,6196
3209,6747
3209,7296
3210,1903
3210,2943
3210,4149
3210,4287
3210,4813
3210,5256
3210,6453
3211,147
3211,221
3211,398
3211,425
3211,444
3211,481
3211,561
3211,578
3211,618
3211,746
3211,782
3211,837
3211,943
3211,1086
3211,1223
3211,1292
3211,1365
3211,1466
3211,1509
3211,1529
3211,1646
3211,1683
3211,1858
3211,2012
3211,2073
3211,2444
3211,2449
3211,2489
3211,2491
3211,2499
3211,2786
3211,2873
3211,2983
3211,3180
3211,3255
3211,3411
3211,3449
3211,3479
3211,3733
3211,4117
3211,4123
3211,4191
3211,4244
3211,4252
3211,4411
3211,4423
3211,4491
3211,4494
3211,4564
3211,4607
3211,4663
3211,4708
3211,4711
3211,4873
3211,5345
3211,5357
3211,5489
3211,5573
3211,5609
3211,5751
3211,5896
3211,5972
3211,5974
3211,6103
3211,6168
3211,6311
3211,6488
3211,6508
3211,6609
3211,6625
3211,6924
3211,7015
3211,7324
3211,7383
3211,7426
3211,7444
3211,7489
3211,7502
3211,7531
3211,7598
3212,229
3212,305
3212,1133
3212,1999
3212,3944
3212,4080
3212,4141
3212,4384
3212,5375
3212,5467
3212,5614
3212,6411
3212,7196
3212,7330
3213,2198
3213,2205
3213,2793
3213,5234
3213,5678
3213,5735
3213,6592
3213,6729
3214,249
3214,307
3214,355
3214,996
3214,1304
3214,2168
3214,2413
3214,2874
3214,3147
3214,3511
3214,4005
3214,5046
3214,5104
3214,7108
3214,7449
3214,7509
3216,92
3216,389
3216,411
3216,1098
3216,1661
3216,1872
3216,2062
3216,2198
3216,2239
3216,2572
3216,3359
3216,3561
3216,4154
3216,4422
3216,4670
3216,4822
3216,5289
3216,5404
3216,6210
3216,7054
3216,7290
3216,7298
3216,7395
3217,174
3217,649
3217,937
3217,1630
3217,2389
3217,2806
3217,3392
3217,3575
3217,4300
3217,4539
3217,4666
3217,4728
3217,5668
3217,6091
3217,6104
3217,6465
3217,6603
3217,6648
3217,6679
3217,7075
3217,7255
3217,7566
3217,7630
3218,308
3218,1472
3218,2372
3218,3578
3218,4054
3218,4670
3218,4805
3218,5664
3218,7467
3219,45
3219,56
3219,691
3219,912
3219,1175
3219,1385
3219,1869
3219,2126
3219,2347
3219,2373
3219,2473
3219,2594
3219,2924
3219,3675
3219,3972
3219,4272
3219,4852
3219,5596
3219,5617
3219,5725
3219,5894
3219,6509
3219,6698
3219,7031
3219,7112
3219,7261
3219,7606
3220,216
3220,324
3220,529
3220,1157
3220,1309
3220,1706
3220,1743
3220,2189
3220,2516
3220,4999
3220,5272
3220,5879
3220,6250
3220,6275
3220,6670
3220,6965
3221,26
3221,28
3221,522
3221,592
3221,593
3221,633
3221,868
3221,1513
3221,1744
3221,1899
3221,2173
3221,2198
3221,2294
3221,2586
3221,2685
3221,2738
3221,2859
3221,2871
3221,3051
3221,3105
3221,3184
3221,4156
3221,4352
3221,4768
3221,4791
3221,4805
3221,5372
3221,5799
3221,5979
3221,6077
3221,6551
3221,6658
3221,6702
3221,6800
3221,7280
3221,7607
3222,53
3222,496
3222,1164
3222,1288
3222,1340
3222,1403
3222,1515
3222,2347
3222,2412
3222,2433
3222,2608
3222,2840
3222,3159
3222,3175
3222,3227
3222,3292
3222,3425
3222,3442
3222,3823
3222,3957
3222,3972
3222,4235
3222,4646
3222,4850
3222,5020
3222,6109
3222,6318
3222,6514
3222,6813
3222,6970
3222,7063
3222,7575
3222,7594
3223,91
3223,308
3223,336
3223,432
3223,583
3223,766
3223,771
3223,784
3223,1069
3223,1094
3223,1337
3223,1339
3223,1418
3223,1426
3223,1432
3223,1494
3223,1519
3223,1546
3223,1572
3223,1608
3223,1753
3223,1802
3223,1817
3223,1966
3223,2028
3223,2031
3223,2143
3223,2202
3223,2418
3223,2427
3223,2490
3223,2522
3223,2577
3223,2977
3223,2993
3223,3330
3223,3578
3223,3607
3223,3672
3223,3691
3223,3695
3223,3866
3223,3871
3223,3887
3223,3895
3223,3922
3223,3925
3223,3959
3223,4042
3223,4223
3223,4519
3223,4670
3223,4692
3223,4722
3223,4851
3223,4890
3223,4985
3223,5080
3223,5143
3223,5378
3223,5505
3223,5676
3223,5749
3223,5936
3223,5948
3223,5962
3223,5998
3223,6012
3223,6098
3223,6211
3223,6536
3223,6815
3223,6892
3223,7018
3223,7022
3223,7222
3223,7269
3223,7310
3223,7452
3223,7467
3223,7486
3224,40
3224,143
3224,161
3224,305
3224,456
3224,803
3224,1185
3224,1280
3224,1429
3224,1911
3224,1948
3224,2070
3224,2346
3224,2415
3224,2586
3224,2738
3224,2795
3224,2801
3224,2835
3224,3339
3224,3382
3224,3585
3224,4033
3224,4294
3224,4297
3224,4301
3224,4373
3224,4940
3224,5001
3224,5376
3224,5504
3224,5708
3224,5997
3224,6105
3224,6282
3224,6369
3224,6382
3224,6403
3224,6451
3224,6494
3224,6852
3224,6947
3224,7032
3224,7305
3224,7589
3225,85
3225,103
3225,240
3225,304
3225,593
3225,789
3225,1058
3225,1113
3225,1293
3225,1330
3225,1453
3225,1472
3225,1524
3225,1798
3225,1999
3225,2129
3225,2198
3225,2239
3225,2339
3225,2370
3225,2377
3225,2571
3225,2620
3225,3070
3225,3311
3225,3698
3225,3756
3225,4086
3225,4210
3225,4384
3225,4578
3225,4608
3225,4680
3225,4864
3225,4952
3225,5132
3225,5286
3225,5404
3225,5641
3225,5816
3225,6313
3225,6437
3225,6551
3225,6811
3225,7296
3225,7395
3225,7535
3225,7580
3226,23
3226,192
3226,220
3226,260
3226,479
3226,593
3226,726
3226,780
3226,813
3226,865
3226,1058
3226,1113
3226,1210
3226,1232
3226,1284
3226,1330
3226,1368
3226,1415
3226,1453
3226,1575
3226,1634
3226,1712
3226,1798
3226,1847
3226,1948
3226,1959
3226,1999
3226,2013
3226,2039
3226,2173
3226,2198
3226,2206
3226,2239
3226,2370
3226,2549
3226,2571
3226,2772
3226,3311
3226,3710
3226,3756
3226,3758
3226,3895
3226,4080
3226,4095
3226,4164
3226,4376
3226,4384
3226,4535
3226,4556
3226,4806
3226,5132
3226,5139
3226,5281
3226,5296
3226,5350
3226,5404
3226,5626
3226,5641
3226,5649
3226,5707
3226,5714
3226,5816
3226,5955
3226,5976
3226,6208
3226,6313
3226,6518
3226,6551
3226,6702
3226,6707
3226,6848
3226,6961
3226,7023
3226,7071
3226,7231
3226,7353
3226,7464
3226,7465
3226,7572
3226,7582
3226,7607
3227,31
3227,43
3227,108
3227,195
3227,241
3227,244
3227,347
3227,394
3227,549
3227,704
3227,791
3227,1035
3227,1039
3227,1164
3227,1175
3227,1248
3227,1276
3227,1288
3227,1295
3227,1340
3227,1403
3227,1416
3227,1535
3227,1626
3227,1681
3227,1691
3227,1930
3227,1952
3227,2014
3227,2034
3227,2056
3227,2078
3227,2160
3227,2308
3227,2412
3227,2428
3227,2512
3227,2608
3227,2702
3227,2785
3227,2799
3227,2840
3227,3086
3227,3159
3227,3168
3227,3205
3227,3222
3227,3244
3227,3281
3227,3409
3227,3429
3227,3453
3227,3533
3227,3571
3227,3624
3227,3645
3227,3647
3227,3729
3227,3792
3227,3819
3227,3823
3227,3852
3227,3869
3227,3934
3227,3953
3227,3975
3227,4209
3227,4272
3227,4445
3227,4449
3227,4471
3227,4485
3227,4521
3227,4560
3227,4582
3227,4660
3227,4677
3227,4705
3227,4738
3227,4907
3227,4961
3227,4963
3227,5057
3227,5074
3227,5221
3227,5239
3227,5288
3227,5331
3227,5349
3227,5411
3227,5434
3227,5533
3227,5578
3227,5617
3227,5638
3227,5684
3227,5701
3227,5838
3227,5854
3227,6031
3227,6169
3227,6318
3227,6554
3227,6583
3227,6642
3227,6813
3227,6888
3227,6998
3227,7051
3227,7237
3227,7287
3227,7292
3227,7423
3227,7433
3227,7447
3227,7538
3227,7594
3227,7620
3227,7622
3228,451
3228,547
3228,766
3228,1071
3228,1387
3228,1968
3228,1971
3228,2242
3228,2692
3228,2846
3228,3200
3228,3505
3228,4036
3228,4444
3228,5112
3228,5149
3228,5196
3228,6932
3228,7301
3228,7567
3229,887
3229,2436
3229,2963
3229,2966
3229,2984
3229,3934
3229,4239
3229,4272
3229,5065
3229,5624
3229,6433
3229,6656
3229,7030
3229,7367
3231,96
3231,122
3231,144
3231,204
3231,222
3231,350
3231,409
3231,550
3231,567
3231,667
3231,699
3231,729
3231,730
3231,773
3231,824
3231,932
3231,997
3231,1055
3231,1124
3231,1262
3231,1311
3231,1354
3231,1410
3231,1422
3231,1433
3231,1533
3231,1638
3231,1676
3231,1807
3231,1823
3231,1868
3231,1920
3231,2109
3231,2140
3231,2168
3231,2181
3231,2182
3231,2318
3231,2333
3231,2391
3231,2409
3231,2413
3231,2439
3231,2530
3231,2710
3231,2720
3231,2788
3231,2790
3231,2877
3231,2949
3231,2951
3231,3028
3231,3030
3231,3128
3231,3147
3231,3266
3231,3366
3231,3464
3231,3482
3231,3601
3231,3755
3231,3774
3231,3788
3231,3801
3231,3873
3231,3875
3231,3879
3231,3885
3231,3919
3231,4005
3231,4144
3231,4145
3231,4443
3231,4512
3231,4599
3231,4613
3231,4896
3231,4923
3231,4925
3231,4950
3231,5011
3231,5030
3231,5140
3231,5271
3231,5297
3231,5410
3231,5429
3231,5537
3231,5611
3231,5673
3231,5754
3231,5759
3231,5803
3231,5815
3231,5911
3231,6095
3231,6144
3231,6153
3231,6173
3231,6199
3231,6401
3231,6419
3231,6428
3231,6550
3231,6653
3231,6718
3231,6791
3231,6816
3231,6855
3231,6899
3231,6937
3231,6948
3231,7011
3231,7165
3231,7230
3231,7243
3231,7264
3231,7268
3231,7317
3231,7356
3231,7460
3232,331
3232,1036
3232,1359
3232,1610
3232,1926
3232,2000
3232,2068
3232,2349
3232,2795
3232,3329
3232,3368
3232,4320
3232,4725
3232,5014
3232,5604
3232,5971
3232,5992
3232,6198
3232,7153
3232,7300
3232,7375
3232,7579
3233,67
3233,200
3233,373
3233,621
3233,1087
3233,1338
3233,1452
3233,1463
3233,1497
3233,1534
3233,1674
3233,1856
3233,1964
3233,2121
3233,2338
3233,2505
3233,2585
3233,3038
3233,3145
3233,3154
3233,3495
3233,3995
3233,4118
3233,4621
3233,5137
3233,5466
3233,6191
3233,6274
3233,6277
3233,6433
3233,6473
3233,6689
3233,6817
3233,6916
3233,7019
3233,7281
3233,7427
3233,7441
3234,260
3234,304
3234,552
3234,593
3234,1058
3234,1178
3234,1210
3234,1266
3234,1415
3234,1634
3234,1798
3234,1862
3234,1959
3234,2106
3234,2198
3234,2239
3234,2370
3234,2406
3234,2410
3234,2981
3234,3049
3234,3070
3234,3370
3234,3693
3234,3748
3234,3758
3234,4080
3234,4164
3234,4376
3234,4466
3234,4578
3234,4608
3234,4805
3234,5132
3234,5251
3234,5296
3234,5404
3234,5415
3234,5641
3234,5649
3234,5707
3234,5740
3234,5816
3234,5881
3234,6354
3234,6464
3234,6702
3234,6707
3234,6847
3234,6933
3234,7003
3234,7021
3234,7085
3234,7289
3234,7369
3234,7572
3234,7582
3234,7607
3235,260
3235,345
3235,479
3235,706
3235,1517
3235,1592
3235,2128
3235,2340
3235,2649
3235,2981
3235,3049
3235,3748
3235,3768
3235,4578
3235,4787
3235,5195
3235,5251
3235,5371
3235,5404
3235,5518
3235,6024
3235,6492
3235,6787
3235,6968
3235,7044
3235,7210
3236,204
3236,279
3236,332
3236,563
3236,581
3236,999
3236,1587
3236,2341
3236,2426
3236,2813
3236,3741
3236,3845
3236,3903
3236,3924
3236,4181
3236,4357
3236,4414
3236,4557
3236,4789
3236,5094
3236,5131
3236,5757
3236,6006
3236,6088
3236,6587
3236,6623
3236,6712
3236,6753
3237,23
3237,260
3237,482
3237,593
3237,1058
3237,1178
3237,1226
3237,1421
3237,1663
3237,1744
3237,1798
3237,1899
3237,2115
3237,2198
3237,2239
3237,3051
3237,4376
3237,4384
3237,4669
3237,5015
3237,5296
3237,5881
3237,5966
3237,6211
3237,6414
3237,6673
3237,6702
3237,7003
3237,7085
3237,7464
3237,7568
3237,7607
3238,797
3238,2420
3238,3465
3238,3596
3238,4856
3238,5686
3239,160
3239,202
3239,1175
3239,1295
3239,1386
3239,2078
3239,2165
3239,2416
3239,2872
3239,3524
3239,3824
3239,4232
3239,4239
3239,5074
3239,5423
3239,5521
3239,5616
3239,6352
3239,6501
3239,7112
3239,7594
3240,223
3240,224
3240,250
3240,747
3240,1261
3240,1275
3240,1335
3240,2049
3240,2213
3240,2430
3240,2431
3240,2574
3240,2793
3240,2897
3240,3351
3240,3566
3240,3731
3240,3937
3240,4282
3240,4368
3240,4571
3240,4767
3240,4823
3240,4889
3240,5078
3240,5550
3240,5571
3240,6015
3240,6123
3240,6165
3240,6558
3240,6651
3240,6954
3240,7087
3240,7479
3241,26
3241,383
3241,1418
3241,2871
3241,3242
3241,3559
3241,4217
3241,4848
3241,5293
3241,5302
3241,7119
3241,7283
3241,7464
3242,26
3242,42
3242,134
3242,2239
3242,2871
3242,3241
3242,4952
3242,5404
3242,5568
3242,6759
3242,7276
3242,7464
3243,26
3243,419
3243,522
3243,899
3243,1002
3243,1024
3243,1092
3243,1194
3243,1236
3243,2095
3243,2117
3243,2173
3243,2309
3243,2819
3243,2871
3243,2887
3243,3123
3243,3247
3243,3257
3243,3657
3243,3807
3243,4013
3243,4217
3243,4650
3243,4791
3243,4812
3243,4828
3243,4848
3243,5061
3243,5133
3243,5327
3243,5442
3243,5595
3243,5932
3243,6289
3243,6759
3243,7276
3243,7398
3244,43
3244,84
3244,108
3244,195
3244,205
3244,241
3244,270
3244,387
3244,394
3244,549
3244,716
3244,738
3244,765
3244,791
3244,918
3244,941
3244,1175
3244,1248
3244,1480
3244,1535
3244,1626
3244,1710
3244,1933
3244,2014
3244,2034
3244,2074
3244,2078
3244,2160
3244,2184
3244,2188
3244,2344
3244,2353
3244,2422
3244,2702
3244,2748
3244,2761
3244,2840
3244,3159
3244,3205
3244,3227
3244,3352
3244,3429
3244,3453
3244,3534
3244,3645
3244,3729
3244,3792
3244,3819
3244,3869
3244,3934
3244,4002
3244,4053
3244,4150
3244,4239
3244,4424
3244,4445
3244,4449
3244,4521
3244,4560
3244,4574
3244,4625
3244,4656
3244,4665
3244,4756
3244,4804
3244,4867
3244,4906
3244,4907
3244,4926
3244,5059
3244,5134
3244,5185
3244,5221
3244,5238
3244,5239
3244,5298
3244,5331
3244,5411
3244,5617
3244,5638
3244,5723
3244,5725
3244,5746
3244,5841
3244,6031
3244,6084
3244,6307
3244,6316
3244,6415
3244,6420
3244,6432
3244,6436
3244,6469
3244,6493
3244,6495
3244,6515
3244,6642
3244,6674
3244,6755
3244,6757
3244,6795
3244,7030
3244,7049
3244,7155
3244,7190
3244,7224
3244,7237
3244,7292
3244,7386
3244,7447
3244,7482
3244,7618
3244,7622
3245,260
3245,304
3245,552
3245,593
3245,1058
3245,1210
3245,1665
3245,2198
3245,3758
3245,4164
3245,4376
3245,4384
3245,4570
3245,4714
3245,5194
3245,5296
3245,5404
3245,5641
3245,6047
3245,6952
3245,7147
3245,7582
3246,785
3246,911
3246,1091
3246,1291
3246,1337
3246,1549
3246,1733
3246,1739
3246,1978
3246,2059
3246,2122
3246,2202
3246,2231
3246,2325
3246,2368
3246,2418
3246,2488
3246,2525
3246,2536
3246,3062
3246,3250
3246,3455
3246,3784
3246,4358
3246,4519
3246,4584
3246,4707
3246,5120
3246,5373
3246,5851
3246,5917
3246,5987
3246,6029
3246,6036
3246,6067
3246,6131
3246,6547
3246,6699
3246,6872
3246,7054
3246,7240
3246,7322
3247,419
3247,522
3247,899
3247,1002
3247,1024
3247,1197
3247,1236
3247,1591
3247,2095
3247,2117
3247,2173
3247,2294
3247,2309
3247,2685
3247,2819
3247,2859
3247,3123
3247,3243
3247,3257
3247,3294
3247,3438
3247,3621
3247,3807
3247,4217
3247,4650
3247,4812
3247,4828
3247,4848
3247,5061
3247,5293
3247,5327
3247,5442
3247,5568
3247,5595
3247,5734
3247,5932
3247,6175
3247,6289
3247,6343
3247,6759
3247,6983
3247,7276
3247,7398
3248,157
3248,347
3248,738
3248,1051
3248,1164
3248,1691
3248,2051
3248,2174
3248,2184
3248,2496
3248,2876
3248,4032
3248,4231
3248,4341
3248,4587
3248,4907
3248,5238
3248,5580
3248,5684
3248,5746
3248,6072
3248,6432
3248,6463
3248,7026
3248,7379
3248,7620
3249,264
3249,764
3249,835
3249,954
3249,1979
3249,2066
3249,2198
3249,2317
3249,2345
3249,2356
3249,3049
3249,3271
3249,3295
3249,3331
3249,3433
3249,3578
3249,3612
3249,3817
3249,3886
3249,4218
3249,4670
3249,4693
3249,4805
3249,4820
3249,4863
3249,5052
3249,5213
3249,5664
3249,6211
3249,7467
3250,352
3250,526
3250,728
3250,956
3250,1196
3250,1493
3250,1739
3250,2111
3250,2402
3250,2525
3250,3246
3250,3510
3250,3821
3250,4067
3250,4707
3250,5775
3250,6029
3250,6118
3250,6522
3250,6547
3250,6565
3250,6569
3250,6872
3250,7077
3250,7240
3251,89
3251,258
3251,260
3251,593
3251,633
3251,1796
3251,2198
3251,2239
3251,2661
3251,3185
3251,3277
3251,3698
3251,4184
3251,4641
3251,5797
3251,6551
3251,6702
3251,7097
3251,7280
3251,7395
3252,593
3252,726
3252,1058
3252,2107
3252,2198
3252,4787
3252,6843
3252,7582
3253,2198
3254,354
3254,451
3254,452
3254,547
3254,594
3254,624
3254,635
3254,1168
3254,1201
3254,1203
3254,1208
3254,1265
3254,1366
3254,1542
3254,1837
3254,1968
3254,1971
3254,2276
3254,2278
3254,2403
3254,2578
3254,2580
3254,2696
3254,2841
3254,2846
3254,3110
3254,3301
3254,3402
3254,3522
3254,3943
3254,4011
3254,4036
3254,4119
3254,4132
3254,4166
3254,4481
3254,4547
3254,4844
3254,4977
3254,4998
3254,5021
3254,5055
3254,5073
3254,5149
3254,5196
3254,5233
3254,5246
3254,5590
3254,5712
3254,5998
3254,6011
3254,6158
3254,6375
3254,6659
3254,6697
3254,6833
3254,6863
3254,6883
3254,6938
3254,6943
3254,7148
3254,7301
3254,7533
3254,7567
3254,7625
3255,147
3255,425
3255,481
3255,561
3255,746
3255,782
3255,837
3255,943
3255,1086
3255,1223
3255,1509
3255,1646
3255,1858
3255,2012
3255,2449
3255,2491
3255,2499
3255,2548
3255,2873
3255,3211
3255,3393
3255,3449
3255,3733
3255,4244
3255,4353
3255,4423
3255,4494
3255,4564
3255,4607
3255,4663
3255,4711
3255,5345
3255,5357
3255,5573
3255,5972
3255,5974
3255,6103
3255,6311
3255,6609
3255,6625
3255,6924
3255,7015
3255,7324
3255,7383
3255,7426
3255,7490
3255,7598
3256,149
3256,616
3256,1174
3256,1355
3256,1457
3256,1563
3256,1610
3256,1757
3256,1961
3256,3394
3256,3501
3256,3698
3256,3763
3256,3789
3256,4295
3256,5154
3256,5222
3256,5654
3256,5694
3256,5772
3256,6572
3257,26
3257,258
3257,383
3257,522
3257,592
3257,739
3257,1069
3257,1082
3257,1194
3257,1429
3257,1591
3257,2117
3257,2198
3257,2556
3257,2685
3257,2778
3257,2871
3257,2887
3257,3063
3257,3243
3257,3247
3257,3294
3257,3657
3257,3923
3257,4013
3257,4082
3257,4345
3257,4912
3257,5042
3257,5061
3257,5133
3257,5290
3257,5293
3257,6175
3257,6343
3257,6371
3257,6759
3257,7119
3257,7283
3257,7398
3257,7601
3257,7607
3258,256
3258,314
3258,581
3258,817
3258,884
3258,932
3258,1065
3258,1247
3258,1502
3258,1791
3258,1804
3258,2064
3258,2292
3258,3530
3258,3656
3258,3754
3258,4143
3258,4146
3258,4237
3258,4382
3258,4937
3258,4943
3258,5153
3258,5169
3258,5432
3258,5697
3258,5793
3258,5877
3258,6042
3258,6090
3258,6130
3258,6200
3258,6550
3258,6598
3258,6806
3258,6993
3258,7052
3258,7460
3258,7491
3259,331
3259,1745
3259,3521
3259,4376
3259,4805
3259,5556
3260,829
3260,934
3260,1188
3260,1192
3260,2127
3260,2208
3260,2570
3260,2863
3260,3031
3260,3265
3260,3358
3260,3378
3260,3407
3260,3665
3260,3793
3260,4094
3260,4913
3260,5425
3260,5527
3260,5574
3260,5771
3260,5796
3260,5912
3260,6058
3260,6339
3260,6358
3260,6386
3260,6724
3261,593
3261,727
3261,1058
3261,1798
3261,2198
3261,2981
3261,3359
3261,3748
3261,4578
3261,5070
3261,5195
3261,5404
3261,5612
3261,5707
3261,5881
3261,6702
3261,7150
3262,258
3262,593
3262,1997
3262,2198
3262,2618
3262,5797
3262,6077
3262,6702
3262,7395
3263,158
3263,491
3263,1213
3263,1306
3263,1411
3263,2054
3263,2180
3263,2504
3263,4126
3263,6871
3264,184
3264,304
3264,353
3264,593
3264,789
3264,1058
3264,1104
3264,1293
3264,1415
3264,1621
3264,1735
3264,1798
3264,1862
3264,2013
3264,2039
3264,2042
3264,2106
3264,2198
3264,2239
3264,2377
3264,2571
3264,2911
3264,3183
3264,3394
3264,3748
3264,3895
3264,4153
3264,4164
3264,4210
3264,4253
3264,4366
3264,4376
3264,4384
3264,5132
3264,5251
3264,5296
3264,5404
3264,5641
3264,5881
3264,5979
3264,6551
3264,6702
3264,6760
3264,7280
3264,7330
3264,7462
3264,7525
3264,7572
3265,514
3265,613
3265,621
3265,829
3265,1052
3265,1181
3265,1653
3265,1832
3265,2016
3265,2041
3265,2153
3265,2254
3265,2390
3265,2465
3265,2863
3265,2879
3265,2880
3265,3145
3265,3260
3265,3778
3265,3793
3265,4762
3265,4869
3265,4913
3265,4939
3265,5063
3265,5284
3265,5777
3265,5787
3265,5796
3265,6481
3265,6916
3266,315
3266,355
3266,884
3266,1124
3266,2168
3266,2413
3266,2874
3266,3231
3266,3879
3266,4143
3266,4208
3266,4237
3266,5046
3266,5803
3266,6130
3266,6144
3266,6635
3266,6653
3266,6873
3266,7220
3266,7449
3266,7460
3266,7565
3267,150
3267,241
3267,927
3267,957
3267,1419
3267,1441
3267,1536
3267,1541
3267,1625
3267,1629
3267,1773
3267,1964
3267,1989
3267,2149
3267,2416
3267,2585
3267,2680
3267,2749
3267,2833
3267,3038
3267,3154
3267,3307
3267,3396
3267,3425
3267,3525
3267,3630
3267,3676
3267,3819
3267,3993
3267,4051
3267,4361
3267,4533
3267,4665
3267,4804
3267,4867
3267,5349
3267,5440
3267,5466
3267,5838
3267,5913
3267,5922
3267,6031
3267,6329
3267,6392
3267,6556
3267,6621
3267,6817
3267,6991
3267,7224
3267,7244
3267,7281
3268,2170
3268,2175
3268,2798
3268,3114
3268,4304
3268,4376
3268,4541
3268,4805
3268,5132
3268,5312
3268,5332
3268,6732
3268,6769
3268,7446
3269,85
3269,266
3269,369
3269,446
3269,552
3269,593
3269,905
3269,930
3269,942
3269,1058
3269,1069
3269,1330
3269,1472
3269,1650
3269,1927
3269,2021
3269,2039
3269,2198
3269,2205
3269,2239
3269,2294
3269,2703
3269,3311
3269,3370
3269,4080
3269,4376
3269,4768
3269,5082
3269,5132
3269,5222
3269,5689
3269,6409
3269,6572
3269,6702
3269,7107
3269,7252
3269,7288
3270,5
3270,526
3270,551
3270,629
3270,785
3270,867
3270,911
3270,942
3270,956
3270,1188
3270,1196
3270,1291
3270,1518
3270,1521
3270,1650
3270,1655
3270,2059
3270,2198
3270,2205
3270,2215
3270,2376
3270,2446
3270,2529
3270,2655
3270,2871
3270,3098
3270,3134
3270,3296
3270,3469
3270,3503
3270,3506
3270,3510
3270,3520
3270,3542
3270,3559
3270,3784
3270,3839
3270,3920
3270,4067
3270,4153
3270,4376
3270,4503
3270,5132
3270,5174
3270,5234
3270,5641
3270,5722
3270,5775
3270,6029
3270,6464
3270,6466
3270,6547
3270,6569
3270,6630
3270,6699
3270,6909
3270,7077
3270,7370
3271,28
3271,72
3271,403
3271,526
3271,536
3271,756
3271,966
3271,1182
3271,1280
3271,1429
3271,1585
3271,1627
3271,1744
3271,1777
3271,1905
3271,2239
3271,2286
3271,2740
3271,2960
3271,3049
3271,3249
3271,3510
3271,3577
3271,3578
3271,3585
3271,3849
3271,3916
3271,4390
3271,4805
3271,4854
3271,5063
3271,5114
3271,5191
3271,5364
3271,5372
3271,5437
3271,5500
3271,5543
3271,5615
3271,5963
3271,6078
3271,6176
3271,6282
3271,6338
3271,6569
3271,6572
3271,6600
3271,6807
3271,7351
3271,7430
3272,189
3272,316
3272,328
3272,463
3272,661
3272,801
3272,928
3272,1122
3272,1459
3272,1696
3272,1803
3272,1849
3272,1969
3272,1983
3272,2281
3272,2327
3272,2622
3272,2635
3272,2768
3272,3597
3272,4539
3272,4614
3272,4666
3272,4728
3272,4739
3272,5448
3272,5555
3272,5825
3272,6046
3272,6519
3272,6679
3272,7061
3272,7124
3272,7566
3272,7630
3273,835
3273,923
3273,1514
3273,1608
3273,1645
3273,1769
3273,1915
3273,2005
3273,2066
3273,2093
3273,2317
3273,2368
3273,3056
3273,3103
3273,3317
3273,3331
3273,3433
3273,4116
3273,4462
3273,5079
3273,5213
3273,5264
3273,5307
3273,5544
3273,5924
3273,6131
3273,6388
3273,6570
3273,7135
3273,7312
3274,183
3274,534
3274,593
3274,963
3274,1684
3274,1744
3274,1796
3274,1942
3274,1993
3274,2198
3274,2239
3274,2553
3274,3051
3274,4023
3274,4538
3274,4590
3274,5241
3274,5359
3274,5488
3274,5543
3274,5744
3274,5979
3274,6414
3274,6673
3274,6702
3274,6849
3274,7337
3274,7477
3274,7577
3275,495
3275,856
3275,919
3275,1361
3275,2588
3275,2701
3275,3013
3275,3643
3275,4186
3275,4784
3275,5012
3275,6096
3275,7445
3275,7556
3276,4471
3276,5225
3277,27
3277,28
3277,48
3277,89
3277,92
3277,106
3277,114
3277,211
3277,213
3277,248
3277,258
3277,259
3277,269
3277,319
3277,344
3277,375
3277,411
3277,469
3277,476
3277,562
3277,633
3277,639
3277,800
3277,803
3277,875
3277,947
3277,1094
3277,1098
3277,1105
3277,1467
3277,1494
3277,1561
3277,1586
3277,1658
3277,1661
3277,1700
3277,1711
3277,1782
3277,1831
3277,1872
3277,1941
3277,1975
3277,2024
3277,2030
3277,2042
3277,2087
3277,2166
3277,2171
3277,2197
3277,2198
3277,2212
3277,2239
3277,2241
3277,2247
3277,2307
3277,2330
3277,2348
3277,2380
3277,2407
3277,2418
3277,2427
3277,2447
3277,2484
3277,2572
3277,2586
3277,2614
3277,2661
3277,2663
3277,2689
3277,2738
3277,2743
3277,2750
3277,2761
3277,2820
3277,2847
3277,2882
3277,2905
3277,2950
3277,2979
3277,3070
3277,3072
3277,3185
3277,3194
3277,3251
3277,3320
3277,3359
3277,3373
3277,3403
3277,3488
3277,3498
3277,3532
3277,3550
3277,3561
3277,3578
3277,3585
3277,3667
3277,3670
3277,3683
3277,3686
3277,3710
3277,3832
3277,3834
3277,3844
3277,3859
3277,3910
3277,3983
3277,3987
3277,4041
3277,4154
3277,4161
3277,4196
3277,4203
3277,4230
3277,4243
3277,4289
3277,4307
3277,4415
3277,4417
3277,4422
3277,4453
3277,4476
3277,4510
3277,4511
3277,4522
3277,4579
3277,4662
3277,4682
3277,4731
3277,4734
3277,4768
3277,4771
3277,4822
3277,4946
3277,4991
3277,5007
3277,5008
3277,5029
3277,5199
3277,5214
3277,5247
3277,5273
3277,5289
3277,5372
3277,5398
3277,5463
3277,5474
3277,5500
3277,5505
3277,5534
3277,5543
3277,5797
3277,5844
3277,5864
3277,6069
3277,6077
3277,6078
3277,6085
3277,6176
3277,6210
3277,6228
3277,6322
3277,6345
3277,6381
3277,6397
3277,6403
3277,6437
3277,6485
3277,6497
3277,6526
3277,6527
3277,6578
3277,6582
3277,6604
3277,6614
3277,6620
3277,6664
3277,6775
3277,6787
3277,6803
3277,6850
3277,6854
3277,6887
3277,6890
3277,6930
3277,6947
3277,7044
3277,7097
3277,7104
3277,7247
3277,7262
3277,7290
3277,7294
3277,7295
3277,7298
3277,7339
3277,7357
3277,7395
3277,7510
3277,7524
3277,7548
3277,7551
3277,7592
3277,7610
3277,7617
3277,7619
3278,28
3278,36
3278,456
3278,485
3278,536
3278,920
3278,1280
3278,1429
3278,1899
3278,1929
3278,2113
3278,2738
3278,2795
3278,3578
3278,3856
3278,4033
3278,5097
3278,5708
3278,5963
3278,6807
3278,6852
3279,42
3279,85
3279,540
3279,552
3279,593
3279,836
3279,1058
3279,1210
3279,1472
3279,1575
3279,1620
3279,1723
3279,1796
3279,1798
3279,1959
3279,1990
3279,2198
3279,2370
3279,2432
3279,2553
3279,2755
3279,3049
3279,3051
3279,3070
3279,3160
3279,3713
3279,3748
3279,4071
3279,4257
3279,4376
3279,4388
3279,4573
3279,4670
3279,4805
3279,4806
3279,5070
3279,5132
3279,5286
3279,5404
3279,5415
3279,5531
3279,5641
3279,5649
3279,5651
3279,5676
3279,5937
3279,6098
3279,6183
3279,6354
3279,6414
3279,6702
3279,6707
3279,6847
3279,6990
3279,7003
3279,7305
3279,7320
3280,1676
3280,2528
3280,3361
3280,3569
3280,4208
3280,4221
3280,5815
3280,6133
3280,6199
3280,7230
3280,7403
3281,45
3281,101
3281,202
3281,402
3281,1340
3281,1454
3281,1952
3281,2453
3281,2924
3281,3227
3281,3437
3281,3461
3281,3662
3281,3949
3281,4232
3281,4449
3281,4452
3281,4527
3281,4628
3281,5035
3281,5074
3281,5633
3281,5663
3281,5872
3281,6223
3281,6554
3281,6813
3281,6970
3281,7160
3281,7217
3281,7538
3281,7641
3282,2198
3282,2239
3282,2823
3282,3152
3282,4771
3282,4948
3282,5132
3282,5167
3282,5404
3282,5909
3282,7067
3282,7395
3283,186
3283,897
3283,988
3283,1785
3283,1900
3283,2250
3283,2667
3283,2892
3283,2953
3283,3840
3283,3961
3283,4105
3283,4960
3283,5110
3283,5117
3283,7411
3284,23
3284,85
3284,173
3284,304
3284,552
3284,593
3284,1058
3284,1268
3284,1453
3284,2013
3284,2198
3284,2239
3284,2911
3284,3370
3284,3725
3284,3866
3284,4080
3284,4091
3284,4164
3284,4190
3284,4376
3284,4384
3284,4642
3284,4768
3284,4952
3284,5132
3284,5296
3284,5641
3284,5740
3284,5881
3284,5955
3284,6551
3284,6646
3284,6702
3284,6704
3284,6760
3284,6848
3284,6984
3284,7252
3284,7296
3284,7535
3284,7572
3284,7582
3285,1235
3285,1530
3285,1755
3285,2082
3285,2464
3285,3666
3285,4470
3285,6471
3285,7161
3286,68
3286,354
3286,451
3286,452
3286,547
3286,594
3286,624
3286,635
3286,792
3286,1147
3286,1154
3286,1201
3286,1203
3286,1366
3286,1387
3286,1542
3286,1605
3286,1779
3286,1837
3286,1968
3286,1971
3286,2203
3286,2276
3286,2278
3286,2392
3286,2403
3286,2578
3286,2580
3286,2642
3286,2696
3286,2716
3286,2841
3286,2846
3286,2919
3286,2937
3286,3301
3286,3402
3286,3522
3286,3943
3286,4036
3286,4119
3286,4132
3286,4166
3286,4481
3286,4547
3286,4550
3286,4927
3286,4977
3286,5021
3286,5055
3286,5196
3286,5246
3286,5590
3286,5712
3286,6011
3286,6158
3286,6375
3286,6455
3286,6659
3286,6697
3286,6833
3286,6863
3286,6883
3286,6938
3286,7301
3286,7455
3286,7533
3286,7567
3286,7625
3287,261
3287,593
3287,2198
3287,4816
3287,5054
3287,5679
3287,5979
3287,6702
3288,78
3288,206
3288,427
3288,459
3288,1332
3288,1781
3288,2022
3288,2139
3288,2369
3288,2842
3288,3350
3288,3416
3288,4515
3288,4911
3288,4965
3288,4981
3288,5113
3288,5300
3288,5416
3288,5607
3288,5681
3288,5831
3288,5954
3288,6018
3288,6220
3288,6239
3288,6273
3288,6559
3288,6865
3288,6918
3288,7554
3288,7645
3289,593
3289,1058
3289,1415
3289,1634
3289,2106
3289,2198
3289,2239
3289,3693
3289,4164
3289,4680
3289,4806
3289,5132
3289,5404
3289,5881
3289,6551
3289,6702
3290,1373
3290,3771
3291,189
3291,328
3291,442
3291,516
3291,661
3291,786
3291,1016
3291,1759
3291,1766
3291,1849
3291,1969
3291,2019
3291,2090
3291,2114
3291,2260
3291,2281
3291,2324
3291,2327
3291,2622
3291,3528
3291,3840
3291,4619
3291,4666
3291,4739
3291,4751
3291,5602
3291,5692
3291,6164
3291,6465
3291,6552
3291,6679
3291,6842
3291,7255
3292,135
3292,508
3292,1015
3292,1219
3292,1565
3292,1822
3292,1953
3292,2035
3292,2282
3292,2297
3292,2825
3292,2836
3292,2876
3292,2976
3292,3094
3292,3222
3292,3360
3292,3603
3292,3955
3292,4000
3292,4275
3292,4291
3292,4720
3292,4866
3292,4997
3292,5434
3292,5548
3292,5789
3292,5960
3292,6819
3292,7450
3292,7497
3292,7562
3292,7575
3292,7620
3293,740
3293,1446
3293,1649
3293,1804
3293,2168
3293,2291
3293,4146
3293,4943
3293,5169
3294,26
3294,419
3294,522
3294,739
3294,1002
3294,1024
3294,1236
3294,1591
3294,2095
3294,2117
3294,2294
3294,2309
3294,2556
3294,2778
3294,2819
3294,3123
3294,3247
3294,3257
3294,3923
3294,4013
3294,4217
3294,4650
3294,4812
3294,4828
3294,4848
3294,5133
3294,5442
3294,5568
3294,5595
3294,5932
3294,6175
3294,6353
3294,6759
3294,6790
3294,6983
3294,7276
3294,7398
3294,7601
3295,109
3295,308
3295,336
3295,358
3295,461
3295,495
3295,558
3295,612
3295,764
3295,821
3295,835
3295,847
3295,1209
3295,1241
3295,1250
3295,1280
3295,1343
3295,1426
3295,1484
3295,1496
3295,1520
3295,1573
3295,1595
3295,1667
3295,1794
3295,1795
3295,1929
3295,1966
3295,1990
3295,2005
3295,2089
3295,2092
3295,2239
3295,2372
3295,2400
3295,2509
3295,2559
3295,2583
3295,2627
3295,2640
3295,3155
3295,3203
3295,3249
3295,3331
3295,3381
3295,3466
3295,3480
3295,3492
3295,3545
3295,3578
3295,3723
3295,3743
3295,3866
3295,3942
3295,4194
3295,4207
3295,4371
3295,4409
3295,4438
3295,4508
3295,4601
3295,4693
3295,4805
3295,4835
3295,4863
3295,5150
3295,5213
3295,5287
3295,5524
3295,5549
3295,5589
3295,5664
3295,5758
3295,5880
3295,5889
3295,5981
3295,6211
3295,6531
3295,6864
3295,6980
3295,7042
3295,7106
3295,7142
3295,7226
3295,7307
3295,7456
3295,7467
3295,7584
3295,7587
3295,7649
3296,352
3296,655
3296,683
3296,808
3296,867
3296,1521
3296,1532
3296,2059
3296,2172
3296,2186
3296,2404
3296,2664
3296,3010
3296,3062
3296,3134
3296,3270
3296,3520
3296,3559
3296,3784
3296,3920
3296,4596
3296,4811
3296,4990
3296,5115
3296,5174
3296,6565
3296,7250
3297,85
3297,260
3297,304
3297,369
3297,593
3297,789
3297,1011
3297,1040
3297,1293
3297,1368
3297,1453
3297,1621
3297,1624
3297,1798
3297,1961
3297,2033
3297,3025
3297,3311
3297,3538
3297,3895
3297,4096
3297,4376
3297,4384
3297,4392
3297,4578
3297,4806
3297,5296
3297,5707
3297,5816
3297,5839
3297,6158
3297,6184
3297,6551
3297,6702
3297,6707
3297,6981
3297,7296
3297,7464
3297,7465
3297,7535
3297,7572
3298,73
3298,137
3298,149
3298,606
3298,2198
3298,2239
3298,2370
3298,2663
3298,3359
3298,3591
3298,3698
3298,3891
3298,4422
3298,4522
3298,4952
3298,5562
3298,6161
3298,6551
3298,7510
3298,7599
3299,4201
3299,4295
3300,893
3300,2052
3300,3331
3300,5454
3300,7190
3301,68
3301,281
3301,354
3301,452
3301,547
3301,792
3301,1147
3301,1154
3301,1201
3301,1542
3301,1557
3301,1837
3301,1968
3301,1971
3301,2203
3301,2276
3301,2278
3301,2578
3301,2580
3301,2696
3301,2846
3301,2936
3301,2937
3301,3254
3301,3286
3301,3402
3301,3522
3301,3943
3301,4036
3301,4166
3301,4481
3301,4550
3301,4568
3301,5021
3301,5196
3301,5353
3301,6158
3301,6455
3301,6782
3301,6833
3301,6863
3301,6883
3301,7083
3301,7148
3301,7301
3301,7533
3302,305
3302,1603
3302,2164
3302,2239
3302,3194
3302,3591
3302,5217
3302,6157
3302,6210
3302,6615
3302,7032
3302,7373
3302,7420
3303,66
3303,454
3303,1035
3303,1251
3303,1419
3303,1565
3303,1629
3303,2412
3303,2680
3303,2840
3303,3107
3303,3168
3303,3205
3303,3352
3303,3425
3303,3735
3303,3953
3303,3972
3303,4646
3303,4961
3303,5656
3303,5985
3303,6169
3303,6514
3303,6813
3303,7041
3303,7063
3303,7316
3303,7532
3303,7620
3304,2198
3304,2587
3304,2816
3304,3115
3304,4805
3305,189
3305,275
3305,316
3305,328
3305,787
3305,801
3305,828
3305,1122
3305,1696
3305,1759
3305,1849
3305,1969
3305,2114
3305,2260
3305,2281
3305,2324
3305,2474
3305,2622
3305,2768
3305,3597
3305,4467
3305,4614
3305,4739
3305,4960
3305,5245
3305,5848
3305,6212
3305,6391
3305,6465
3305,6679
3305,6842
3305,7272
3306,258
3306,593
3306,1472
3306,2198
3306,4352
3306,5008
3306,6077
3306,6887
3307,704
3307,3267
3308,82
3308,840
3308,1765
3308,2424
3308,2582
3308,3071
3308,3644
3308,3764
3308,4678
3308,4860
3308,5687
3308,5800
3308,6013
3308,6057
3308,6238
3308,6254
3308,6478
3308,6541
3308,6695
3308,6708
3309,2018
3309,3843
3309,4964
3310,36
3310,485
3310,536
3310,644
3310,751
3310,970
3310,1060
3310,1347
3310,1353
3310,1457
3310,1596
3310,1610
3310,1666
3310,1714
3310,1905
3310,1930
3310,1981
3310,2565
3310,2871
3310,3035
3310,3054
3310,3763
3310,4033
3310,4152
3310,4173
3310,4386
3310,4464
3310,5461
3310,5661
3310,5694
3310,5953
3310,5963
3310,6085
3310,6331
3310,6572
3310,6726
3310,7365
3310,7406
3310,7409
3310,7526
3310,7596
3311,3
3311,18
3311,69
3311,85
3311,123
3311,201
3311,220
3311,235
3311,240
3311,266
3311,304
3311,415
3311,538
3311,693
3311,726
3311,789
3311,795
3311,841
3311,857
3311,904
3311,916
3311,973
3311,986
3311,1011
3311,1058
3311,1097
3311,1113
3311,1211
3311,1266
3311,1330
3311,1368
3311,1414
3311,1430
3311,1453
3311,1478
3311,1546
3311,1551
3311,1621
3311,1624
3311,1854
3311,1860
3311,1862
3311,1880
3311,1996
3311,2010
3311,2021
3311,2033
3311,2106
3311,2194
3311,2198
3311,2320
3311,2339
3311,2370
3311,2377
3311,2537
3311,2549
3311,2617
3311,2736
3311,2744
3311,2763
3311,2765
3311,2770
3311,2772
3311,2852
3311,2881
3311,2911
3311,2956
3311,2958
3311,3025
3311,3050
3311,3068
3311,3178
3311,3183
3311,3225
3311,3226
3311,3269
3311,3297
3311,3312
3311,3334
3311,3347
3311,3362
3311,3370
3311,3384
3311,3394
3311,3406
3311,3408
3311,3502
3311,3538
3311,3659
3311,3672
3311,3693
3311,3758
3311,3762
3311,3895
3311,3926
3311,3948
3311,3970
3311,4080
3311,4096
3311,4097
3311,4164
3311,4177
3311,4228
3311,4233
3311,4269
3311,4286
3311,4303
3311,4313
3311,4376
3311,4384
3311,4466
3311,4570
3311,4595
3311,4737
3311,4785
3311,4803
3311,4805
3311,4865
3311,4871
3311,4919
3311,4952
3311,5058
3311,5091
3311,5132
3311,5212
3311,5222
3311,5259
3311,5278
3311,5296
3311,5350
3311,5446
3311,5455
3311,5459
3311,5507
3311,5557
3311,5593
3311,5623
3311,5641
3311,5650
3311,5707
3311,5714
3311,5730
3311,5816
3311,5840
3311,5855
3311,5888
3311,5952
3311,5975
3311,6208
3311,6242
3311,6284
3311,6303
3311,6315
3311,6551
3311,6576
3311,6640
3311,6705
3311,6723
3311,6760
3311,6794
3311,6811
3311,6848
3311,6933
3311,6961
3311,6981
3311,6984
3311,7046
3311,7079
3311,7101
3311,7143
3311,7159
3311,7197
3311,7252
3311,7296
3311,7331
3311,7352
3311,7385
3311,7448
3311,7465
3311,7535
3311,7580
3311,7599
3311,7612
3312,904
3312,2215
3312,2377
3312,3183
3312,3311
3312,3895
3312,4249
3312,4384
3313,331
3313,462
3313,585
3313,846
3313,980
3313,1036
3313,1522
3313,1764
3313,1984
3313,2000
3313,3557
3313,3573
3313,3913
3313,3952
3313,4178
3313,4320
3313,4362
3313,4725
3313,4757
3313,5535
3313,5604
3313,5992
3313,6293
3313,6298
3313,6328
3313,6358
3313,6544
3313,6719
3313,6868
3313,6967
3313,7153
3313,7191
3313,7375
3313,7576
3314,271
3314,281
3314,286
3314,354
3314,452
3314,564
3314,598
3314,2203
3314,3067
3314,3402
3314,3945
3314,5244
3314,5767
3314,6158
3315,158
3315,337
3315,491
3315,781
3315,890
3315,935
3315,1053
3315,1213
3315,1306
3315,1411
3315,1471
3315,1852
3315,2054
3315,2180
3315,2250
3315,2504
3315,3057
3315,3204
3315,3536
3315,3843
3315,4035
3315,4126
3315,4133
3315,4644
3315,4648
3315,5147
3315,5395
3315,5427
3315,5599
3315,6151
3315,6380
3315,6479
3315,6607
3315,6650
3315,6763
3315,6871
3315,7378
3316,324
3316,749
3316,828
3316,1609
3316,1648
3316,1759
3316,1827
3316,1969
3316,2250
3316,2260
3316,2516
3316,2822
3316,4666
3316,4728
3316,4960
3316,5250
3316,5465
3316,5602
3316,5848
3316,6250
3316,6357
3316,6363
3316,6372
3316,6416
3316,6465
3316,6670
3316,6965
3316,7348
3316,7614
3317,2066
3317,3049
3317,3273
3317,6224
3317,7300
3318,1571
3318,2580
3318,3541
3319,2239
3319,2241
3320,28
3320,39
3320,143
3320,287
3320,456
3320,881
3320,1310
3320,1904
3320,2113
3320,2299
3320,2586
3320,2626
3320,2738
3320,2801
3320,2809
3320,3277
3320,3382
3320,3503
3320,3532
3320,3990
3320,4301
3320,4490
3320,4522
3320,4904
3320,4940
3320,4987
3320,5936
3320,5993
3320,6063
3320,6112
3320,6276
3320,6281
3320,6588
3320,7032
3320,7330
3320,7556
3321,1553
3321,1577
3321,1844
3321,2188
3321,3541
3321,3568
3321,3694
3321,3853
3321,5892
3321,6415
3321,7358
3321,7499
3322,254
3322,446
3322,1652
3322,2198
3322,3692
3322,4680
3322,6409
3322,6774
3323,2239
3324,275
3324,316
3324,328
3324,463
3324,661
3324,801
3324,828
3324,1391
3324,1630
3324,1685
3324,1696
3324,1759
3324,1849
3324,1969
3324,2090
3324,2250
3324,2260
3324,2281
3324,2622
3324,2768
3324,3597
3324,3874
3324,4142
3324,4300
3324,4548
3324,4614
3324,4666
3324,4739
3324,5245
3324,5448
3324,5512
3324,5555
3324,5662
3324,5828
3324,6046
3324,6164
3324,6465
3324,6519
3324,6534
3324,6679
3324,6913
3324,7061
3324,7255
3324,7272
3325,25
3325,702
3325,838
3325,925
3325,949
3325,3699
3325,3899
3325,4686
3325,5964
3325,6902
3325,6940
3326,36
3326,412
3326,537
3326,1243
3326,1280
3326,1531
3326,1648
3326,1734
3326,1827
3326,2235
3326,2250
3326,2609
3326,2854
3326,2861
3326,2895
3326,3024
3326,3091
3326,3164
3326,3371
3326,3529
3326,3825
3326,4038
3326,4143
3326,6099
3326,6143
3326,6479
3326,6852
3326,7014
3326,7086
3326,7457
3327,223
3327,621
3327,872
3327,1087
3327,1166
3327,1463
3327,1534
3327,1541
3327,1856
3327,2121
3327,2218
3327,2254
3327,2422
3327,2465
3327,2505
3327,2662
3327,2833
3327,3038
3327,3097
3327,3525
3327,3995
3327,4025
3327,4118
3327,4410
3327,4665
3327,5172
3327,5284
3327,5440
3327,5454
3327,5918
3327,6051
3327,6504
3327,6549
3327,6556
3327,6689
3327,6821
3327,6836
3327,6838
3327,7019
3328,28
3328,262
3328,352
3328,456
3328,526
3328,1280
3328,1744
3328,1911
3328,2070
3328,2198
3328,2904
3328,3510
3328,4991
3328,6630
3328,6702
3328,6909
3329,86
3329,544
3329,585
3329,621
3329,707
3329,769
3329,980
3329,1032
3329,1036
3329,1217
3329,1239
3329,1359
3329,1657
3329,1870
3329,1934
3329,2000
3329,2068
3329,2210
3329,2254
3329,2303
3329,2583
3329,2613
3329,2741
3329,2978
3329,3131
3329,3232
3329,3557
3329,3573
3329,3589
3329,3842
3329,3847
3329,3911
3329,3913
3329,4027
3329,4078
3329,4118
3329,4308
3329,4314
3329,4482
3329,4507
3329,4555
3329,4725
3329,4757
3329,5014
3329,5284
3329,5604
3329,5839
3329,5907
3329,5971
3329,5986
3329,6005
3329,6179
3329,6186
3329,6198
3329,6263
3329,6274
3329,6293
3329,6298
3329,6328
3329,6358
3329,6544
3329,6575
3329,6684
3329,6719
3329,6741
3329,6836
3329,6946
3329,6967
3329,7191
3329,7200
3329,7376
3329,7377
3329,7441
3329,7548
3329,7579
3329,7591
3330,62
3330,73
3330,127
3330,185
3330,198
3330,226
3330,254
3330,346
3330,432
3330,551
3330,583
3330,715
3330,721
3330,766
3330,771
3330,904
3330,1014
3330,1030
3330,1069
3330,1070
3330,1091
3330,1133
3330,1377
3330,1418
3330,1430
3330,1432
3330,1483
3330,1499
3330,1566
3330,1572
3330,1682
3330,1794
3330,1802
3330,1843
3330,1854
3330,1958
3330,2028
3330,2143
3330,2198
3330,2299
3330,2434
3330,2450
3330,2486
3330,2490
3330,2577
3330,2588
3330,2676
3330,2729
3330,2763
3330,2765
3330,2967
3330,2974
3330,2977
3330,2993
3330,3015
3330,3025
3330,3037
3330,3223
3330,3421
3330,3503
3330,3607
3330,3613
3330,3616
3330,3671
3330,3672
3330,3691
3330,3695
3330,3762
3330,3781
3330,3866
3330,3871
3330,3895
3330,3925
3330,3959
3330,3970
3330,3990
3330,4006
3330,4037
3330,4046
3330,4054
3330,4097
3330,4223
3330,4253
3330,4286
3330,4343
3330,4349
3330,4398
3330,4490
3330,4523
3330,4764
3330,4871
3330,4890
3330,4892
3330,4987
3330,5098
3330,5171
3330,5211
3330,5218
3330,5292
3330,5366
3330,5455
3330,5464
3330,5508
3330,5541
3330,5650
3330,5676
3330,5749
3330,5785
3330,5941
3330,5948
3330,5957
3330,5987
3330,5998
3330,6001
3330,6017
3330,6063
3330,6086
3330,6098
3330,6308
3330,6395
3330,6518
3330,6560
3330,6581
3330,6611
3330,6660
3330,6770
3330,6815
3330,6830
3330,6892
3330,6966
3330,7032
3330,7054
3330,7067
3330,7079
3330,7101
3330,7102
3330,7151
3330,7171
3330,7174
3330,7222
3330,7269
3330,7370
3330,7452
3330,7480
3330,7511
3330,7603
3330,7623
3330,7632
3331,28
3331,109
3331,264
3331,489
3331,552
3331,579
3331,764
3331,835
3331,954
3331,1046
3331,1108
3331,1183
3331,1442
3331,1484
3331,1514
3331,1589
3331,1744
3331,1769
3331,1915
3331,1956
3331,2005
3331,2149
3331,2191
3331,2198
3331,2239
3331,2317
3331,2345
3331,2356
3331,2490
3331,2494
3331,2513
3331,2559
3331,2633
3331,2644
3331,2706
3331,2907
3331,3049
3331,3155
3331,3249
3331,3273
3331,3295
3331,3300
3331,3433
3331,3545
3331,3578
3331,3612
3331,3697
3331,3817
3331,4160
3331,4194
3331,4218
3331,4371
3331,4438
3331,4573
3331,4670
3331,4693
3331,4709
3331,4805
3331,5052
3331,5079
3331,5141
3331,5213
3331,5234
3331,5598
3331,5620
3331,5873
3331,5889
3331,6325
3331,6570
3331,6668
3331,6703
3331,7262
3331,7299
3331,7467
3332,2239
3332,3475
3332,5186
3332,7644
3333,6590
3334,85
3334,304
3334,305
3334,456
3334,552
3334,593
3334,1058
3334,1210
3334,1368
3334,1414
3334,1415
3334,1575
3334,1854
3334,2198
3334,2239
3334,2370
3334,2772
3334,3171
3334,3178
3334,3311
3334,3370
3334,3578
3334,3748
3334,4164
3334,4376
3334,4384
3334,4466
3334,4580
3334,4806
3334,5132
3334,5251
3334,5296
3334,5404
3334,5455
3334,5641
3334,5714
3334,5816
3334,6140
3334,6284
3334,6551
3334,6553
3334,6702
3334,6952
3334,7085
3334,7147
3334,7572
3335,1280
3335,1429
3335,1458
3335,2973
3335,4152
3335,4832
3335,5114
3335,6600
3335,6702
3335,6746
3335,6807
3336,111
3336,1130
3336,1764
3336,1934
3336,2254
3336,2629
3336,4078
3336,4136
3336,4178
3336,4320
3336,4482
3336,5907
3336,6328
3336,7200
3336,7576
3337,493
3337,1678
3337,2198
3337,2239
3338,68
3338,354
3338,452
3338,457
3338,594
3338,624
3338,799
3338,823
3338,929
3338,1033
3338,1203
3338,1208
3338,1265
3338,1713
3338,1837
3338,1968
3338,1971
3338,2029
3338,2278
3338,2403
3338,2578
3338,2580
3338,2642
3338,2841
3338,2846
3338,2858
3338,3055
3338,3110
3338,3402
3338,3522
3338,3943
3338,4011
3338,4036
3338,4119
3338,4132
3338,4139
3338,4166
3338,4319
3338,4481
3338,4977
3338,4998
3338,5021
3338,5055
3338,5073
3338,5233
3338,5246
3338,5590
3338,5766
3338,6158
3338,6292
3338,6498
3338,6659
3338,6697
3338,6863
3338,6883
3338,7148
3338,7301
3338,7625
3339,39
3339,106
3339,107
3339,211
3339,217
3339,248
3339,262
3339,456
3339,471
3339,474
3339,490
3339,680
3339,834
3339,911
3339,964
3339,1058
3339,1139
3339,1185
3339,1212
3339,1228
3339,1245
3339,1315
3339,1347
3339,1379
3339,1409
3339,1603
3339,1722
3339,1725
3339,1794
3339,1911
3339,1999
3339,2024
3339,2062
3339,2070
3339,2084
3339,2145
3339,2164
3339,2198
3339,2211
3339,2447
3339,2574
3339,2588
3339,2701
3339,3013
3339,3194
3339,3224
3339,3515
3339,3585
3339,3591
3339,3643
3339,4031
3339,4067
3339,4098
3339,4173
3339,4186
3339,4320
3339,4422
3339,4569
3339,4745
3339,4991
3339,5001
3339,5188
3339,5216
3339,5321
3339,5368
3339,5433
3339,5461
3339,5474
3339,5506
3339,5615
3339,5674
3339,5864
3339,5984
3339,5997
3339,6079
3339,6105
3339,6119
3339,6176
3339,6210
3339,6269
3339,6301
3339,6379
3339,6417
3339,6511
3339,6572
3339,6761
3339,6878
3339,6901
3339,6909
3339,6947
3339,7035
3339,7293
3339,7298
3339,7359
3339,7375
3339,7556
3339,7589
3339,7596
3340,5742
3341,73
3341,460
3341,551
3341,839
3341,881
3341,2198
3341,4384
3341,7330
3342,2295
3342,2385
3342,2686
3342,3578
3342,4338
3342,4489
3342,5123
3342,5354
3342,5682
3342,6012
3342,7456
3343,878
3343,3993
3343,4665
3343,5539
3343,6556
3343,6845
3343,6998
3343,7334
3343,7621
3344,684
3344,1052
3344,1181
3344,1560
3344,1653
3344,1829
3344,2465
3344,2631
3344,3145
3344,3396
3344,3767
3344,3956
3344,4336
3344,4451
3344,4627
3344,4859
3344,5044
3344,5379
3344,6378
3344,6504
3344,6556
3345,1636
3345,4780
3345,6891
3345,7207
3346,275
3346,328
3346,412
3346,537
3346,749
3346,755
3346,767
3346,828
3346,1054
3346,1531
3346,1696
3346,1759
3346,2090
3346,2103
3346,2147
3346,2260
3346,2775
3346,3091
3346,3116
3346,3523
3346,3640
3346,3714
3346,3722
3346,4070
3346,4236
3346,4412
3346,4496
3346,4739
3346,4758
3346,4881
3346,4938
3346,4960
3346,5409
3346,5602
3346,5753
3346,5848
3346,5856
3346,6164
3346,6250
3346,6765
3346,6771
3346,7073
3347,85
3347,260
3347,304
3347,593
3347,869
3347,951
3347,1011
3347,1058
3347,1067
3347,1113
3347,1268
3347,1284
3347,1368
3347,1415
3347,1453
3347,1592
3347,1663
3347,1668
3347,1798
3347,1833
3347,2106
3347,2129
3347,2198
3347,2370
3347,2571
3347,2711
3347,2956
3347,3183
3347,3311
3347,3646
3347,3693
3347,3748
3347,3958
3347,4158
3347,4376
3347,4384
3347,4578
3347,4669
3347,4680
3347,4768
3347,4787
3347,4806
3347,5132
3347,5404
3347,5707
3347,5740
3347,5816
3347,5859
3347,5881
3347,5976
3347,6492
3347,6551
3347,6673
3347,6702
3347,6804
3347,7003
3347,7044
3347,7071
3347,7280
3347,7353
3347,7464
3347,7535
3347,7568
3347,7607
3348,1058
3348,1316
3348,1415
3348,2198
3348,2471
3348,4384
3348,5251
3348,5404
3348,5816
3348,5881
3348,6702
3349,2254
3349,6263
3349,6491
3350,206
3350,401
3350,459
3350,1313
3350,1332
3350,1694
3350,1781
3350,2022
3350,2139
3350,2369
3350,2842
3350,3288
3350,3416
3350,4515
3350,4911
3350,4981
3350,5113
3350,5416
3350,5607
3350,5655
3350,5681
3350,5871
3350,5954
3350,6018
3350,6132
3350,6220
3350,6239
3350,6273
3350,6559
3350,6865
3350,7249
3350,7484
3350,7642
3350,7645
3351,40
3351,223
3351,329
3351,382
3351,648
3351,724
3351,747
3351,1030
3351,1078
3351,1252
3351,1261
3351,1275
3351,1335
3351,1394
3351,1596
3351,1669
3351,1731
3351,2081
3351,2113
3351,2213
3351,2214
3351,2218
3351,2221
3351,2277
3351,2392
3351,2414
3351,2430
3351,2527
3351,2574
3351,3025
3351,3177
3351,3240
3351,3566
3351,3671
3351,3731
3351,3781
3351,3937
3351,4255
3351,4282
3351,4301
3351,4356
3351,4404
3351,4406
3351,4555
3351,4605
3351,4767
3351,4823
3351,5315
3351,5550
3351,5571
3351,5765
3351,6123
3351,6142
3351,6452
3351,6548
3351,6558
3351,6590
3351,6713
3351,6740
3351,6967
3351,7045
3351,7107
3351,7191
3351,7195
3351,7267
3351,7406
3351,7479
3351,7480
3351,7588
3352,56
3352,108
3352,244
3352,531
3352,894
3352,1035
3352,1190
3352,3100
3352,3244
3352,3303
3352,3571
3352,3814
3352,3975
3352,4020
3352,4810
3352,4961
3352,5826
3352,5861
3352,6072
3352,6120
3352,6300
3352,6583
3352,6682
3352,6739
3352,7041
3352,7316
3352,7423
3352,7438
3352,7447
3352,7622
3353,89
3353,366
3353,593
3353,632
3353,906
3353,1011
3353,1663
3353,1684
3353,1744
3353,1796
3353,1885
3353,2198
3353,2271
3353,2376
3353,2541
3353,3152
3353,3720
3353,4067
3353,4176
3353,4578
3353,4588
3353,4641
3353,5799
3353,6414
3353,6551
3353,6702
3353,6866
3354,67
3354,93
3354,150
3354,241
3354,872
3354,1009
3354,1057
3354,1107
3354,1161
3354,1443
3354,2074
3354,2136
3354,2316
3354,2646
3354,2830
3354,2875
3354,3186
3354,3534
3354,3622
3354,3676
3354,3746
3354,3993
3354,4025
3354,4051
3354,4346
3354,4698
3354,4804
3354,5026
3354,5358
3354,5583
3354,5644
3354,6337
3354,6504
3354,6689
3354,6773
3354,6817
3354,6821
3354,6991
3354,7286
3355,6606
3356,649
3356,749
3356,2006
3356,2098
3356,2260
3356,2312
3356,2681
3356,2925
3356,3065
3356,4666
3356,4676
3356,4758
3356,5329
3356,6502
3356,6997
3356,7255
3357,475
3357,727
3357,1798
3357,1918
3357,2730
3357,2888
3357,4167
3357,4369
3357,5955
3357,6100
3357,6492
3357,6510
3357,6551
3358,301
3358,514
3358,764
3358,829
3358,1181
3358,1496
3358,1541
3358,1595
3358,1653
3358,2016
3358,2465
3358,2863
3358,2880
3358,3097
3358,3260
3358,3793
3358,4486
3358,4762
3358,4799
3358,4922
3358,5063
3358,5664
3358,5787
3358,6420
3358,6481
3358,6744
3358,6914
3358,7187
3359,20
3359,27
3359,61
3359,92
3359,127
3359,137
3359,149
3359,213
3359,235
3359,258
3359,259
3359,269
3359,276
3359,305
3359,306
3359,366
3359,375
3359,474
3359,475
3359,509
3359,593
3359,604
3359,616
3359,639
3359,711
3359,762
3359,803
3359,836
3359,839
3359,843
3359,860
3359,863
3359,881
3359,947
3359,1081
3359,1089
3359,1094
3359,1105
3359,1165
3359,1439
3359,1467
3359,1544
3359,1551
3359,1563
3359,1586
3359,1603
3359,1607
3359,1658
3359,1747
3359,1757
3359,1767
3359,1776
3359,1782
3359,1831
3359,1877
3359,1975
3359,2071
3359,2166
3359,2183
3359,2198
3359,2201
3359,2239
3359,2332
3359,2380
3359,2384
3359,2418
3359,2471
3359,2541
3359,2563
3359,2569
3359,2614
3359,2663
3359,2761
3359,2831
3359,2882
3359,3070
3359,3072
3359,3152
3359,3171
3359,3196
3359,3216
3359,3261
3359,3277
3359,3298
3359,3373
3359,3473
3359,3492
3359,3501
3359,3591
3359,3664
3359,3683
3359,3689
3359,3698
3359,3723
3359,3756
3359,3891
3359,3910
3359,3927
3359,3983
3359,3987
3359,4015
3359,4039
3359,4041
3359,4049
3359,4055
3359,4091
3359,4095
3359,4141
3359,4154
3359,4182
3359,4203
3359,4230
3359,4243
3359,4302
3359,4402
3359,4422
3359,4479
3359,4484
3359,4511
3359,4522
3359,4523
3359,4565
3359,4682
3359,4729
3359,4731
3359,4734
3359,4746
3359,4768
3359,4863
3359,4908
3359,5007
3359,5031
3359,5039
3359,5056
3359,5125
3359,5199
3359,5203
3359,5372
3359,5373
3359,5376
3359,5420
3359,5504
3359,5510
3359,5534
3359,5561
3359,5562
3359,5608
3359,5614
3359,5632
3359,5651
3359,5732
3359,5764
3359,5865
3359,6001
3359,6027
3359,6069
3359,6077
3359,6078
3359,6161
3359,6228
3359,6297
3359,6309
3359,6338
3359,6397
3359,6403
3359,6411
3359,6437
3359,6450
3359,6468
3359,6485
3359,6490
3359,6511
3359,6545
3359,6560
3359,6582
3359,6594
3359,6614
3359,6620
3359,6634
3359,6664
3359,6737
3359,6775
3359,6854
3359,6890
3359,6951
3359,7044
3359,7059
3359,7072
3359,7097
3359,7105
3359,7114
3359,7196
3359,7247
3359,7290
3359,7295
3359,7305
3359,7330
3359,7344
3359,7357
3359,7374
3359,7395
3359,7452
3359,7467
3359,7510
3359,7520
3359,7524
3359,7551
3359,7592
3360,280
3360,577
3360,805
3360,2769
3360,3292
3360,7620
3361,54
3361,177
3361,204
3361,581
3361,737
3361,932
3361,968
3361,1003
3361,1021
3361,1099
3361,1115
3361,1146
3361,1237
3361,1256
3361,1326
3361,1392
3361,1400
3361,1449
3361,1737
3361,1835
3361,2133
3361,2318
3361,2388
3361,2399
3361,2528
3361,2538
3361,2605
3361,2720
3361,2949
3361,3163
3361,3201
3361,3280
3361,3412
3361,3431
3361,3569
3361,3719
3361,3736
3361,3803
3361,3850
3361,3879
3361,3908
3361,3939
3361,4226
3361,4237
3361,4399
3361,4418
3361,4534
3361,4618
3361,4849
3361,4861
3361,4924
3361,5124
3361,5131
3361,5135
3361,5163
3361,5271
3361,5279
3361,5439
3361,5480
3361,5762
3361,5870
3361,6113
3361,6133
3361,6138
3361,6268
3361,6286
3361,6374
3361,6550
3361,7098
3361,7208
3361,7275
3361,7317
3361,7405
3361,7460
3361,7483
3361,7491
3361,7500
3361,7544
3362,85
3362,201
3362,260
3362,369
3362,479
3362,593
3362,1058
3362,1178
3362,1210
3362,1268
3362,1293
3362,1368
3362,1415
3362,1453
3362,1575
3362,1663
3362,2033
3362,2106
3362,2198
3362,2239
3362,2370
3362,2377
3362,2571
3362,2657
3362,3183
3362,3311
3362,3693
3362,3748
3362,3895
3362,3996
3362,4071
3362,4164
3362,4376
3362,4384
3362,4466
3362,4578
3362,4608
3362,4669
3362,4805
3362,4806
3362,5132
3362,5194
3362,5251
3362,5286
3362,5404
3362,5707
3362,5740
3362,5799
3362,5816
3362,5881
3362,5979
3362,6075
3362,6540
3362,6551
3362,6702
3362,7071
3362,7277
3362,7280
3362,7353
3362,7520
3362,7572
3362,7582
3362,7607
3363,23
3363,169
3363,260
3363,369
3363,593
3363,1058
3363,1113
3363,1214
3363,1226
3363,1415
3363,1421
3363,1614
3363,1798
3363,1899
3363,2013
3363,2115
3363,2198
3363,2239
3363,2313
3363,2340
3363,2380
3363,2406
3363,2575
3363,3093
3363,3184
3363,3377
3363,3748
3363,4157
3363,4376
3363,4384
3363,4465
3363,4658
3363,4768
3363,4806
3363,5015
3363,5132
3363,5139
3363,5296
3363,5404
3363,5518
3363,5756
3363,5816
3363,5881
3363,5945
3363,5955
3363,5966
3363,5979
3363,6024
3363,6414
3363,6492
3363,6551
3363,6673
3363,6702
3363,6706
3363,6707
3363,6787
3363,6933
3363,7003
3363,7071
3363,7085
3363,7103
3363,7180
3363,7464
3363,7568
3363,7572
3364,258
3364,469
3364,1105
3364,1561
3364,2166
3364,2198
3364,2239
3364,2380
3364,2614
3364,2979
3364,3063
3364,3070
3364,3594
3364,3710
3364,3768
3364,3844
3364,4267
3364,4306
3364,4682
3364,4870
3364,5039
3364,5199
3364,5309
3364,5372
3364,5404
3364,5412
3364,5510
3364,5797
3364,6077
3364,6582
3364,6887
3364,6890
3364,7097
3364,7289
3365,128
3365,252
3365,564
3365,908
3365,1358
3365,1435
3365,2044
3365,2094
3365,2263
3365,2378
3365,2707
3365,2944
3365,3478
3365,3484
3365,3555
3365,4277
3365,4882
3365,5118
3365,5192
3365,5486
3365,5625
3365,5636
3365,6162
3365,6555
3365,7094
3365,7235
3366,315
3366,709
3366,884
3366,932
3366,1303
3366,1737
3366,1920
3366,1923
3366,2064
3366,2168
3366,2182
3366,2251
3366,2439
3366,2943
3366,3030
3366,3041
3366,3143
3366,3231
3366,3375
3366,3601
3366,3900
3366,4060
3366,4237
3366,4292
3366,4599
3366,4925
3366,4980
3366,5011
3366,5419
3366,5421
3366,5877
3366,6130
3366,6173
3366,6194
3366,6550
3366,6635
3366,6712
3366,7037
3366,7291
3366,7460
3366,7530
3366,7565
3367,4384
3368,86
3368,544
3368,1239
3368,2000
3368,3131
3368,3232
3368,3521
3368,3557
3368,3913
3368,3952
3368,4118
3368,4362
3368,4482
3368,4725
3368,5604
3368,5907
3368,6544
3368,6575
3368,6719
3368,7153
3368,7375
3368,7441
3368,7579
3369,363
3369,751
3369,1345
3369,1905
3369,1961
3369,2304
3369,2758
3369,3101
3369,3386
3369,3600
3369,3716
3369,3802
3369,4187
3369,4318
3369,4395
3369,5173
3369,5484
3369,6586
3369,7038
3369,7374
3370,85
3370,304
3370,388
3370,527
3370,552
3370,593
3370,693
3370,789
3370,841
3370,973
3370,1011
3370,1058
3370,1211
3370,1224
3370,1293
3370,1330
3370,1368
3370,1370
3370,1414
3370,1415
3370,1427
3370,1453
3370,1619
3370,1831
3370,1860
3370,1954
3370,2106
3370,2194
3370,2198
3370,2202
3370,2320
3370,2339
3370,2370
3370,2377
3370,2479
3370,2573
3370,2620
3370,2763
3370,2765
3370,2770
3370,2808
3370,2888
3370,2911
3370,2956
3370,2991
3370,3050
3370,3177
3370,3178
3370,3183
3370,3234
3370,3269
3370,3284
3370,3311
3370,3334
3370,3502
3370,3748
3370,3758
3370,3796
3370,3808
3370,3895
3370,4080
3370,4083
3370,4086
3370,4164
3370,4177
3370,4376
3370,4384
3370,4427
3370,4466
3370,4549
3370,4570
3370,4773
3370,4785
3370,4806
3370,4865
3370,4919
3370,4952
3370,5082
3370,5120
3370,5132
3370,5212
3370,5222
3370,5259
3370,5286
3370,5296
3370,5381
3370,5404
3370,5455
3370,5464
3370,5593
3370,5623
3370,5626
3370,5651
3370,5707
3370,5714
3370,5816
3370,5858
3370,5937
3370,5952
3370,5961
3370,6017
3370,6027
3370,6308
3370,6537
3370,6551
3370,6618
3370,6638
3370,6705
3370,6706
3370,6760
3370,6811
3370,6880
3370,6981
3370,6984
3370,7046
3370,7090
3370,7096
3370,7101
3370,7147
3370,7209
3370,7252
3370,7296
3370,7321
3370,7365
3370,7376
3370,7465
3370,7568
3370,7577
3370,7582
3370,7597
3370,7607
3370,7612
3371,28
3371,36
3371,412
3371,478
3371,537
3371,890
3371,1243
3371,1280
3371,1346
3371,1389
3371,1429
3371,1531
3371,1616
3371,1648
3371,1709
3371,1734
3371,1827
3371,2250
3371,2260
3371,2508
3371,2609
3371,2728
3371,2822
3371,2854
3371,2861
3371,3024
3371,3091
3371,3164
3371,3326
3371,3489
3371,3805
3371,3825
3371,4038
3371,4265
3371,4274
3371,4348
3371,4375
3371,4496
3371,4603
3371,4956
3371,4960
3371,5540
3371,5691
3371,5753
3371,6099
3371,6127
3371,6479
3371,6520
3371,6552
3371,6648
3371,6763
3371,6764
3371,6807
3371,6852
3371,7013
3371,7014
3371,7086
3371,7124
3371,7402
3372,551
3372,1958
3372,5132
3372,6001
3373,24
3373,89
3373,260
3373,269
3373,319
3373,484
3373,593
3373,633
3373,766
3373,868
3373,1100
3373,1152
3373,1206
3373,1429
3373,1467
3373,1586
3373,1738
3373,1798
3373,1838
3373,2106
3373,2198
3373,2206
3373,2239
3373,2913
3373,3020
3373,3277
3373,3359
3373,3419
3373,3578
3373,3946
3373,4154
3373,4156
3373,4352
3373,4376
3373,4380
3373,4805
3373,5234
3373,5372
3373,5799
3373,5881
3373,6131
3373,6308
3373,6409
3373,6551
3373,6702
3373,6807
3373,6909
3373,7032
3373,7247
3373,7395
3373,7477
3373,7607
3374,1255
3374,1270
3374,1480
3374,2156
3374,4656
3374,4994
3374,5910
3374,6745
3374,7543
3375,29
3375,439
3375,602
3375,686
3375,773
3375,1593
3375,1791
3375,2251
3375,2647
3375,3041
3375,3143
3375,3366
3375,3424
3375,3494
3375,3900
3375,3988
3375,4060
3375,4814
3375,4925
3375,5184
3375,5421
3375,5877
3375,6002
3375,6130
3375,6290
3375,6355
3375,6635
3375,6796
3375,6860
3375,7037
3375,7355
3375,7559
3375,7631
3376,273
3376,284
3376,519
3376,554
3376,557
3376,758
3376,794
3376,965
3376,995
3376,1079
3376,1488
3376,1604
3376,1656
3376,1664
3376,1818
3376,2382
3376,2654
3376,2757
3376,2813
3376,3150
3376,3391
3376,3516
3376,3563
3376,3741
3376,3880
3376,3892
3376,3924
3376,3941
3376,4008
3376,4077
3376,4143
3376,4280
3376,4673
3376,5587
3376,5686
3376,6052
3376,6125
3376,6163
3376,6601
3376,6653
3376,7565
3377,23
3377,42
3377,85
3377,89
3377,366
3377,369
3377,593
3377,789
3377,1058
3377,1113
3377,1268
3377,1350
3377,1415
3377,1421
3377,1447
3377,1513
3377,1614
3377,1663
3377,1684
3377,1723
3377,1738
3377,1796
3377,1798
3377,1862
3377,1899
3377,1993
3377,2013
3377,2106
3377,2198
3377,2239
3377,2339
3377,2340
3377,2396
3377,2553
3377,2575
3377,2661
3377,3183
3377,3184
3377,3363
3377,3459
3377,3538
3377,3748
3377,3756
3377,4023
3377,4164
3377,4257
3377,4350
3377,4376
3377,4384
3377,4465
3377,4578
3377,4712
3377,4734
3377,4791
3377,4806
3377,4877
3377,4934
3377,4952
3377,5015
3377,5296
3377,5348
3377,5404
3377,5641
3377,5740
3377,5756
3377,5799
3377,5816
3377,5881
3377,5979
3377,5982
3377,6098
3377,6135
3377,6183
3377,6315
3377,6551
3377,6669
3377,6678
3377,6702
3377,6887
3377,7008
3377,7010
3377,7071
3377,7085
3377,7337
3377,7464
3377,7535
3377,7568
3377,7582
3377,7607
3378,1188
3378,2155
3378,2570
3378,2863
3378,2898
3378,3260
3378,3793
3378,4040
3378,4094
3378,4913
3378,5574
3378,5771
3378,5912
3378,6058
3378,6339
3378,6856
3379,89
3379,593
3379,710
3379,1744
3379,1899
3379,2832
3379,5050
3379,5903
3379,6702
3379,7440
3380,258
3380,359
3380,633
3380,659
3380,774
3380,1671
3380,1698
3380,1744
3380,1899
3380,2239
3380,2380
3380,3623
3380,4161
3380,4243
3380,4946
3380,5404
3380,6215
3380,6887
3380,7097
3381,28
3381,305
3381,764
3381,835
3381,847
3381,1241
3381,1250
3381,1343
3381,1595
3381,1795
3381,1962
3381,2372
3381,2494
3381,2559
3381,3203
3381,3295
3381,3433
3381,3466
3381,3480
3381,3578
3381,3856
3381,3866
3381,4207
3381,4573
3381,4805
3381,5664
3381,5880
3381,6864
3381,7142
3381,7467
3381,7584
3381,7587
3382,40
3382,456
3382,1185
3382,2211
3382,2701
3382,3224
3382,3320
3382,3515
3382,3895
3382,4259
3382,4301
3382,5368
3382,5433
3382,6079
3382,6119
3382,6301
3384,115
3384,576
3384,593
3384,1113
3384,1210
3384,1254
3384,1317
3384,1357
3384,1655
3384,1667
3384,1744
3384,1790
3384,1854
3384,2049
3384,2093
3384,2115
3384,2175
3384,2198
3384,2208
3384,2239
3384,2370
3384,2406
3384,2461
3384,2558
3384,2649
3384,2736
3384,2798
3384,2863
3384,2913
3384,2981
3384,3049
3384,3050
3384,3114
3384,3115
3384,3177
3384,3203
3384,3311
3384,3510
3384,3521
3384,3748
3384,4164
3384,4206
3384,4216
3384,4273
3384,4304
3384,4376
3384,4384
3384,4479
3384,4541
3384,4570
3384,4592
3384,4642
3384,4670
3384,4714
3384,4805
3384,5037
3384,5048
3384,5068
3384,5070
3384,5108
3384,5132
3384,5194
3384,5203
3384,5231
3384,5234
3384,5301
3384,5312
3384,5332
3384,5403
3384,5404
3384,5593
3384,5832
3384,5961
3384,6354
3384,6409
3384,6551
3384,6702
3384,6760
3384,6769
3384,6852
3384,6945
3384,7091
3384,7116
3384,7252
3384,7289
3384,7305
3384,7446
3384,7553
3385,28
3385,526
3385,994
3385,1429
3385,2904
3385,2988
3385,5063
3385,6481
3385,6569
3385,6834
3386,862
3386,1961
3386,2758
3386,2998
3386,3369
3386,3600
3386,5156
3386,5969
3387,413
3387,472
3387,558
3387,621
3387,684
3387,764
3387,954
3387,1160
3387,1181
3387,1829
3387,2041
3387,2156
3387,2177
3387,2233
3387,2686
3387,2880
3387,3044
3387,4501
3387,5063
3387,5494
3387,6270
3387,6294
3387,6438
3387,6481
3387,6504
3387,6821
3388,1561
3388,2198
3388,2239
3388,3698
3388,5404
3388,7330
3389,581
3389,932
3389,1772
3389,2528
3389,2949
3389,4237
3389,5131
3389,5163
3390,451
3390,1059
3390,1147
3390,1207
3390,1307
3390,1341
3390,1352
3390,1387
3390,1398
3390,1605
3390,1793
3390,1949
3390,1968
3390,1971
3390,2069
3390,2276
3390,2351
3390,3200
3390,3505
3390,3519
3390,3535
3390,3694
3390,3921
3390,4036
3390,4079
3390,4166
3390,4794
3390,5096
3390,5477
3390,5621
3390,5850
3390,5956
3390,6080
3390,6455
3390,6498
3390,6543
3390,6862
3390,6863
3390,6883
3390,6949
3390,6977
3390,7002
3390,7199
3390,7301
3390,7358
3390,7567
3390,7625
3391,22
3391,273
3391,554
3391,557
3391,1079
3391,1656
3391,1772
3391,2240
3391,2654
3391,2757
3391,3376
3391,3563
3391,3741
3391,3903
3391,3924
3391,3997
3391,4008
3391,4112
3391,4125
3391,4143
3391,4171
3391,4208
3391,4280
3391,4426
3391,4673
3391,5686
3391,6199
3391,6347
3391,6645
3391,6653
3391,6874
3391,7504
3391,7541
3391,7565
3392,328
3392,649
3392,1038
3392,1504
3392,1630
3392,1696
3392,1759
3392,1849
3392,2114
3392,2132
3392,2260
3392,2281
3392,2327
3392,2389
3392,2643
3392,2806
3392,3167
3392,3217
3392,3528
3392,3597
3392,3874
3392,4300
3392,4666
3392,4739
3392,4819
3392,5828
3392,6104
3392,6164
3392,6465
3392,6603
3392,6679
3392,6956
3392,7075
3392,7255
3393,147
3393,444
3393,481
3393,510
3393,561
3393,837
3393,992
3393,1086
3393,1223
3393,1622
3393,1646
3393,2012
3393,2444
3393,2468
3393,2491
3393,2499
3393,3180
3393,3255
3393,3504
3393,3733
3393,4151
3393,4191
3393,4244
3393,4411
3393,4485
3393,4564
3393,4663
3393,4968
3393,5357
3393,5573
3393,5737
3393,5750
3393,5974
3393,6106
3393,6311
3393,6488
3393,6609
3393,6625
3393,6829
3393,6924
3393,7383
3393,7489
3393,7598
3394,20
3394,103
3394,137
3394,149
3394,218
3394,305
3394,606
3394,616
3394,1174
3394,1510
3394,1551
3394,1563
3394,1757
3394,1778
3394,1938
3394,2194
3394,2621
3394,2901
3394,3171
3394,3183
3394,3256
3394,3264
3394,3311
3394,3408
3394,3427
3394,3501
3394,3591
3394,3602
3394,3698
3394,3712
3394,3891
3394,3948
3394,4080
3394,4091
3394,4228
3394,4253
3394,4302
3394,4384
3394,4952
3394,5222
3394,5694
3394,5923
3394,6297
3394,6527
3394,6618
3394,6624
3394,6828
3394,7195
3394,7305
3394,7374
3394,7582
3394,7599
3394,7633
3395,1497
3395,1534
3395,2505
3396,21
3396,117
3396,241
3396,347
3396,394
3396,765
3396,878
3396,1009
3396,1010
3396,1057
3396,1164
3396,1248
3396,1443
3396,1500
3396,1576
3396,1773
3396,1989
3396,2014
3396,2034
3396,2051
3396,2074
3396,2184
3396,2539
3396,2585
3396,2606
3396,3186
3396,3267
3396,3344
3396,3622
3396,3633
3396,3746
3396,4000
3396,4130
3396,4346
3396,4587
3396,5065
3396,5358
3396,5466
3396,5533
3396,5583
3396,5671
3396,5746
3396,5838
3396,5841
3396,5922
3396,6072
3396,6429
3396,6515
3396,6674
3396,6795
3396,6926
3396,6991
3396,7224
3396,7281
3396,7386
3396,7613
3397,156
3397,301
3397,1156
3397,2288
3397,2863
3397,3809
3397,4486
3397,4762
3397,4913
3397,5899
3397,5912
3397,6536
3397,6724
3397,6914
3398,3895
3398,4376
3398,4384
3399,147
3399,481
3399,561
3399,690
3399,746
3399,943
3399,1223
3399,1646
3399,2395
3399,2499
3399,2843
3399,3180
3399,4004
3399,4047
3399,4191
3399,4244
3399,4423
3399,4564
3399,4659
3399,4663
3399,4711
3399,4884
3399,5357
3399,5737
3399,5928
3399,5974
3399,6311
3399,6488
3399,6609
3399,6625
3399,6924
3399,7383
3399,7489
3399,7598
3400,310
3400,586
3400,1425
3400,1701
3400,2505
3400,2695
3400,2712
3400,2867
3400,3009
3400,3085
3400,3136
3400,3173
3400,3490
3400,3690
3400,3770
3400,3826
3400,3865
3400,4200
3400,4383
3400,4410
3400,4752
3400,4783
3400,4880
3400,5014
3400,5172
3400,5367
3400,5387
3400,6312
3400,6367
3400,6433
3400,6647
3400,6912
3400,7004
3400,7639
3401,1630
3401,1759
3401,2037
3401,2114
3401,2250
3401,2281
3401,2324
3401,2327
3401,2557
3401,4539
3401,4666
3401,4819
3401,5306
3401,5814
3401,5825
3401,6104
3401,6465
3401,6552
3401,6679
3401,7118
3401,7255
3401,7630
3402,68
3402,281
3402,348
3402,354
3402,406
3402,407
3402,416
3402,451
3402,452
3402,547
3402,594
3402,624
3402,635
3402,792
3402,799
3402,823
3402,915
3402,929
3402,1025
3402,1033
3402,1114
3402,1147
3402,1168
3402,1199
3402,1201
3402,1203
3402,1208
3402,1231
3402,1265
3402,1300
3402,1318
3402,1349
3402,1366
3402,1398
3402,1462
3402,1473
3402,1542
3402,1571
3402,1576
3402,1602
3402,1713
3402,1754
3402,1779
3402,1837
3402,1968
3402,1971
3402,2020
3402,2029
3402,2185
3402,2203
3402,2276
3402,2278
3402,2403
3402,2442
3402,2578
3402,2580
3402,2642
3402,2692
3402,2696
3402,2716
3402,2802
3402,2841
3402,2857
3402,2858
3402,2934
3402,3055
3402,3110
3402,3254
3402,3286
3402,3301
3402,3314
3402,3338
3402,3418
3402,3517
3402,3522
3402,3556
3402,3611
3402,3769
3402,3943
3402,4011
3402,4036
3402,4119
3402,4132
3402,4139
3402,4166
3402,4319
3402,4331
3402,4389
3402,4404
3402,4444
3402,4481
3402,4547
3402,4550
3402,4568
3402,4643
3402,4841
3402,4977
3402,4998
3402,5021
3402,5055
3402,5073
3402,5112
3402,5149
3402,5196
3402,5233
3402,5246
3402,5353
3402,5590
3402,5680
3402,5712
3402,5766
3402,6011
3402,6158
3402,6204
3402,6292
3402,6375
3402,6498
3402,6638
3402,6659
3402,6697
3402,6710
3402,6833
3402,6863
3402,6883
3402,6932
3402,6938
3402,6943
3402,6949
3402,6963
3402,7028
3402,7148
3402,7301
3402,7350
3402,7533
3402,7571
3402,7625
3403,304
3403,431
3403,536
3403,593
3403,841
3403,1058
3403,1492
3403,1796
3403,2198
3403,2215
3403,2239
3403,2406
3403,2427
3403,2553
3403,2571
3403,2740
3403,2913
3403,3049
3403,3051
3403,3277
3403,3748
3403,4067
3403,4376
3403,4578
3403,4680
3403,4805
3403,4806
3403,5070
3403,5114
3403,5296
3403,5344
3403,5415
3403,5437
3403,5615
3403,5881
3403,6354
3403,6414
3403,6492
3403,6551
3403,6702
3403,6707
3403,7289
3403,7296
3403,7369
3403,7568
3404,5
3404,8
3404,71
3404,308
3404,382
3404,953
3404,1196
3404,1442
3404,1794
3404,1922
3404,1967
3404,2028
3404,2258
3404,2363
3404,2529
3404,2893
3404,2993
3404,3083
3404,3701
3404,3702
3404,3784
3404,3821
3404,3827
3404,3887
3404,4500
3404,4634
3404,4692
3404,5280
3404,5775
3404,6547
3404,6610
3404,6960
3404,7149
3404,7222
3404,7624
3405,87
3405,111
3405,139
3405,253
3405,621
3405,985
3405,1159
3405,1990
3405,2593
3405,2613
3405,2629
3405,2880
3405,3654
3405,3739
3405,4172
3405,5863
3405,6283
3405,6422
3405,7332
3406,85
3406,1293
3406,1453
3406,1798
3406,2106
3406,2215
3406,2765
3406,3183
3406,3311
3406,3408
3406,3895
3406,3948
3406,4262
3406,4384
3406,4680
3406,4952
3406,5952
3406,6412
3406,6551
3406,6811
3406,6984
3406,7067
3406,7197
3406,7252
3406,7331
3406,7535
3407,495
3407,864
3407,1499
3407,2570
3407,2735
3407,2834
3407,2863
3407,3260
3407,4094
3407,4153
3407,4282
3407,4518
3407,4532
3407,4973
3407,5994
3407,6070
3407,6845
3407,7066
3408,23
3408,85
3408,103
3408,124
3408,240
3408,369
3408,431
3408,475
3408,479
3408,500
3408,509
3408,542
3408,762
3408,789
3408,795
3408,903
3408,904
3408,1011
3408,1067
3408,1113
3408,1167
3408,1218
3408,1249
3408,1293
3408,1330
3408,1421
3408,1453
3408,1456
3408,1478
3408,1540
3408,1621
3408,1624
3408,1668
3408,1684
3408,1735
3408,1778
3408,1798
3408,1860
3408,1880
3408,1918
3408,1945
3408,1965
3408,1991
3408,2013
3408,2106
3408,2159
3408,2194
3408,2290
3408,2521
3408,2882
3408,2883
3408,2888
3408,2911
3408,2974
3408,3025
3408,3183
3408,3196
3408,3311
3408,3394
3408,3406
3408,3428
3408,3502
3408,3593
3408,3708
3408,3734
3408,3898
3408,3926
3408,3958
3408,4080
3408,4083
3408,4091
3408,4096
3408,4174
3408,4184
3408,4190
3408,4262
3408,4303
3408,4384
3408,4420
3408,4474
3408,4556
3408,4616
3408,4785
3408,4803
3408,4839
3408,4865
3408,4871
3408,4952
3408,4983
3408,5095
3408,5222
3408,5261
3408,5278
3408,5381
3408,5463
3408,5471
3408,5525
3408,5623
3408,5714
3408,5756
3408,5859
3408,5931
3408,5955
3408,6039
3408,6121
3408,6265
3408,6297
3408,6462
3408,6487
3408,6507
3408,6551
3408,6618
3408,6640
3408,6646
3408,6707
3408,6738
3408,6760
3408,6802
3408,6810
3408,6906
3408,6984
3408,7197
3408,7296
3408,7464
3408,7465
3408,7487
3408,7535
3408,7537
3408,7580
3408,7593
3408,7597
3408,7599
3408,7628
3409,1543
3409,2465
3409,2492
3409,2497
3409,3156
3409,3175
3409,3227
3409,3437
3409,3571
3409,4058
3409,6433
3410,1070
3410,2460
3410,4228
3410,4469
3410,4987
3411,147
3411,444
3411,481
3411,561
3411,744
3411,837
3411,901
3411,943
3411,1086
3411,1223
3411,1509
3411,1529
3411,1622
3411,1646
3411,2491
3411,2499
3411,3180
3411,3211
3411,3449
3411,3452
3411,3733
3411,4191
3411,4244
3411,4411
3411,4485
3411,4494
3411,4498
3411,4524
3411,4564
3411,4663
3411,4711
3411,4873
3411,5357
3411,5974
3411,6092
3411,6106
3411,6311
3411,6488
3411,6625
3411,7383
3411,7489
3411,7598
3412,54
3412,255
3412,730
3412,932
3412,1003
3412,1021
3412,1237
3412,1303
3412,1392
3412,1449
3412,1675
3412,1728
3412,2151
3412,2204
3412,2366
3412,2388
3412,2399
3412,2528
3412,2538
3412,2605
3412,2885
3412,2949
3412,3087
3412,3201
3412,3361
3412,3572
3412,3719
3412,3879
3412,3939
3412,4197
3412,4237
3412,4335
3412,4399
3412,4418
3412,4534
3412,4618
3412,4861
3412,5163
3412,5279
3412,6935
3412,7405
3412,7460
3412,7500
3412,7544
3413,82
3413,2424
3413,4678
3413,6013
3413,6056
3413,6238
3413,6254
3414,608
3414,798
3414,1135
3414,1606
3414,2851
3414,3200
3414,3537
3414,4401
3414,5683
3414,6080
3414,6727
3414,6862
3414,6903
3414,7082
3415,10
3415,605
3415,1041
3415,1264
3415,1334
3415,1616
3415,1736
3415,1881
3415,1980
3415,2337
3415,2435
3415,2777
3415,3102
3415,3583
3415,3678
3415,3711
3415,3717
3415,3749
3415,3992
3415,4038
3415,4509
3415,4723
3415,4740
3415,4992
3415,5110
3415,5929
3415,5939
3415,6357
3415,6557
3415,7308
3415,7348
3415,7437
3415,7458
3415,7513
3416,78
3416,206
3416,427
3416,459
3416,932
3416,1332
3416,1694
3416,1781
3416,2022
3416,2139
3416,2369
3416,2503
3416,2842
3416,3288
3416,3350
3416,3797
3416,4099
3416,4515
3416,4911
3416,4981
3416,5005
3416,5113
3416,5242
3416,5252
3416,5416
3416,5607
3416,5655
3416,5681
3416,5871
3416,5954
3416,6018
3416,6132
3416,6220
3416,6239
3416,6273
3416,6559
3416,6865
3416,6918
3416,7249
3416,7431
3416,7484
3416,7642
3416,7645
3417,1953
3417,2035
3417,2100
3417,2756
3417,3175
3417,3892
3417,4143
3417,4280
3417,4646
3417,4673
3417,4843
3417,5642
3417,5686
3417,6205
3417,6653
3417,6819
3417,7575
3417,7620
3418,281
3418,354
3418,452
3418,564
3418,822
3418,908
3418,1201
3418,1300
3418,1358
3418,1837
3418,2027
3418,2044
3418,2203
3418,2263
3418,2707
3418,3402
3418,3522
3418,3660
3418,4119
3418,4327
3418,4769
3418,4882
3418,5192
3418,5196
3418,5353
3418,5486
3418,5636
3418,6158
3418,6292
3418,6555
3418,6638
3418,6955
3418,7094
3418,7393
3419,28
3419,89
3419,305
3419,593
3419,803
3419,966
3419,1034
3419,1228
3419,1429
3419,1467
3419,1470
3419,1585
3419,1744
3419,1899
3419,2239
3419,2250
3419,2286
3419,2447
3419,2740
3419,3152
3419,3373
3419,3578
3419,3585
3419,3623
3419,3683
3419,3856
3419,4805
3419,5114
3419,5364
3419,5404
3419,5437
3419,5543
3419,5615
3419,5708
3419,5734
3419,6085
3419,6397
3419,6414
3419,6568
3419,6702
3419,6746
3419,6807
3419,7395
3420,399
3420,401
3420,433
3420,441
3420,853
3420,890
3420,991
3420,1053
3420,1852
3420,2046
3420,2321
3420,3536
3420,3730
3420,3811
3420,3843
3420,4224
3420,5161
3420,5569
3420,5915
3420,6213
3420,6380
3420,6525
3420,6650
3420,6687
3420,6894
3421,49
3421,62
3421,308
3421,748
3421,766
3421,771
3421,1014
3421,1030
3421,1069
3421,1091
3421,1499
3421,1682
3421,1794
3421,1843
3421,2028
3421,2143
3421,2577
3421,2894
3421,2993
3421,3098
3421,3330
3421,3607
3421,3691
3421,3871
3421,3887
3421,3925
3421,3959
3421,4223
3421,4349
3421,4493
3421,4692
3421,4890
3421,4902
3421,5280
3421,5749
3421,5893
3421,5957
3421,6017
3421,7067
3421,7171
3421,7222
3421,7269
3421,7478
3421,7480
3421,7603
3421,7623
3422,593
3422,900
3422,1838
3422,1899
3422,2102
3422,2198
3422,3799
3422,5013
3422,5255
3422,5734
3422,6702
3423,932
3423,2366
3423,2528
3423,2605
3423,3431
3423,4399
3423,4534
3423,4647
3423,4861
3423,5124
3423,5163
3423,5279
3423,7460
3423,7544
3424,256
3424,615
3424,740
3424,871
3424,1502
3424,1804
3424,1903
3424,1909
3424,2291
3424,2328
3424,2534
3424,3084
3424,3127
3424,3143
3424,3375
3424,3494
3424,3905
3424,4145
3424,4146
3424,5034
3424,5153
3424,5419
3424,5697
3424,5867
3424,5927
3424,6090
3424,6130
3424,6376
3424,6453
3424,6652
3424,6681
3425,53
3425,394
3425,1035
3425,1556
3425,2056
3425,2412
3425,2433
3425,2492
3425,2608
3425,2680
3425,2840
3425,3046
3425,3107
3425,3159
3425,3222
3425,3267
3425,3303
3425,3442
3425,3525
3425,3953
3425,3967
3425,3972
3425,4738
3425,5057
3425,5260
3425,5414
3425,5578
3425,5733
3425,5817
3425,5872
3425,5913
3425,6169
3425,6813
3425,7063
3425,7205
3425,7260
3425,7261
3425,7316
3425,7575
3426,1273
3426,2219
3427,919
3427,1296
3427,2205
3427,2239
3427,3183
3427,3394
3427,3469
3427,4356
3427,4422
3427,5685
3427,6624
3427,6740
3427,7195
3428,89
3428,226
3428,240
3428,260
3428,593
3428,762
3428,811
3428,863
3428,1106
3428,1170
3428,1492
3428,1540
3428,1735
3428,1738
3428,1798
3428,2086
3428,2106
3428,2159
3428,2198
3428,2239
3428,2565
3428,2614
3428,2750
3428,2882
3428,3025
3428,3079
3428,3096
3428,3408
3428,3532
3428,3608
3428,3926
3428,4147
3428,4154
3428,4203
3428,4376
3428,4384
3428,4402
3428,4415
3428,4420
3428,4682
3428,4737
3428,4768
3428,4806
3428,4871
3428,4952
3428,5199
3428,5261
3428,5372
3428,5404
3428,5469
3428,5471
3428,5534
3428,5689
3428,5707
3428,5740
3428,5756
3428,5816
3428,5955
3428,6039
3428,6121
3428,6468
3428,6551
3428,6582
3428,6646
3428,6658
3428,6702
3428,6704
3428,6707
3428,6738
3428,6778
3428,6802
3428,7071
3428,7114
3428,7385
3428,7395
3428,7464
3428,7535
3428,7567
3428,7592
3428,7628
3429,385
3429,895
3429,941
3429,1440
3429,2458
3429,2608
3429,3175
3429,3227
3429,3244
3429,3626
3429,4445
3429,4625
3429,4646
3429,4810
3429,4906
3429,5043
3429,5684
3429,5720
3429,6169
3429,6433
3429,7586
3429,7620
3430,1189
3430,1289
3430,1361
3430,3760
3430,3878
3430,5845
3430,6027
3431,54
3431,177
3431,219
3431,222
3431,447
3431,745
3431,819
3431,1021
3431,1061
3431,1146
3431,1256
3431,1303
3431,1326
3431,1354
3431,1400
3431,1449
3431,1675
3431,1728
3431,2196
3431,2204
3431,2343
3431,2366
3431,2439
3431,2456
3431,2528
3431,2877
3431,3084
3431,3087
3431,3361
3431,3423
3431,3569
3431,3939
3431,4399
3431,4443
3431,4530
3431,4534
3431,4611
3431,4647
3431,4974
3431,5128
3431,5163
3431,5480
3431,5815
3431,5934
3431,6113
3431,6133
3431,6423
3431,6718
3431,6937
3431,7388
3431,7500
3432,82
3432,840
3432,1765
3432,2424
3432,3644
3432,3764
3432,4678
3432,4860
3432,5800
3432,6013
3432,6238
3432,6254
3432,6478
3432,6541
3432,6695
3432,6708
3433,109
3433,264
3433,276
3433,489
3433,497
3433,579
3433,835
3433,1007
3433,1280
3433,1321
3433,1407
3433,1413
3433,1442
3433,1496
3433,1514
3433,1520
3433,1660
3433,1769
3433,1942
3433,1956
3433,1979
3433,2005
3433,2032
3433,2198
3433,2244
3433,2317
3433,2345
3433,2356
3433,2368
3433,2494
3433,2509
3433,2513
3433,2559
3433,2563
3433,2686
3433,2950
3433,3049
3433,3052
3433,3155
3433,3249
3433,3273
3433,3331
3433,3381
3433,3492
3433,3542
3433,3545
3433,3567
3433,3578
3433,3612
3433,3697
3433,3732
3433,3817
3433,3886
3433,4160
3433,4204
3433,4218
3433,4371
3433,4508
3433,4573
3433,4693
3433,4743
3433,4805
3433,4820
3433,4835
3433,4863
3433,5052
3433,5079
3433,5141
3433,5155
3433,5158
3433,5307
3433,5447
3433,5549
3433,5634
3433,5664
3433,5667
3433,5788
3433,5804
3433,5853
3433,5865
3433,5889
3433,5924
3433,6066
3433,6078
3433,6166
3433,6189
3433,6570
3433,6720
3433,6807
3433,6960
3433,7106
3433,7164
3433,7262
3433,7300
3433,7398
3433,7466
3433,7467
3433,7518
3433,7587
3434,1678
3434,2469
3434,2997
3435,837
3435,1622
3435,3180
3435,3733
3435,4244
3435,4411
3435,5270
3435,6106
3435,6488
3436,258
3436,2198
3436,2239
3436,5199
3436,6702
3437,43
3437,45
3437,168
3437,171
3437,704
3437,765
3437,791
3437,889
3437,1012
3437,1048
3437,1248
3437,1295
3437,1319
3437,1320
3437,1397
3437,1535
3437,1626
3437,1691
3437,1869
3437,1951
3437,1952
3437,1955
3437,2160
3437,2165
3437,2184
3437,2453
3437,2512
3437,2748
3437,2749
3437,2785
3437,2799
3437,2872
3437,2963
3437,3159
3437,3168
3437,3281
3437,3409
3437,3461
3437,3533
3437,3662
3437,3675
3437,3792
3437,3813
3437,3819
3437,3824
3437,3852
3437,3949
3437,4002
3437,4106
3437,4209
3437,4332
3437,4424
3437,4445
3437,4449
3437,4452
3437,4582
3437,4625
3437,4660
3437,4661
3437,4850
3437,4909
3437,4963
3437,4969
3437,4970
3437,5065
3437,5074
3437,5221
3437,5239
3437,5260
3437,5298
3437,5331
3437,5391
3437,5394
3437,5400
3437,5560
3437,5580
3437,5616
3437,5617
3437,5647
3437,5701
3437,5817
3437,5872
3437,5887
3437,6107
3437,6117
3437,6181
3437,6223
3437,6300
3437,6307
3437,6349
3437,6352
3437,6432
3437,6463
3437,6515
3437,6554
3437,6577
3437,6583
3437,6642
3437,6739
3437,6768
3437,6795
3437,7030
3437,7049
3437,7051
3437,7129
3437,7160
3437,7237
3437,7245
3437,7287
3437,7292
3437,7379
3437,7435
3437,7447
3437,7482
3437,7485
3437,7538
3437,7594
3437,7618
3438,26
3438,42
3438,469
3438,522
3438,593
3438,632
3438,924
3438,1002
3438,1004
3438,1024
3438,1127
3438,1178
3438,1236
3438,1513
3438,1579
3438,1663
3438,1744
3438,1796
3438,1899
3438,1993
3438,2173
3438,2198
3438,2206
3438,2239
3438,2294
3438,2553
3438,2556
3438,2645
3438,2859
3438,2871
3438,3063
3438,3152
3438,3247
3438,3439
3438,3657
3438,4071
3438,4213
3438,4217
3438,4688
3438,4791
3438,4805
3438,4848
3438,4870
3438,5042
3438,5070
3438,5136
3438,5234
3438,5327
3438,5372
3438,5404
3438,5568
3438,5703
3438,5734
3438,5878
3438,5881
3438,5903
3438,6054
3438,6175
3438,6183
3438,6215
3438,6409
3438,6414
3438,6500
3438,6638
3438,6678
3438,6702
3438,6790
3438,7003
3438,7276
3438,7398
3438,7464
3438,7526
3438,7601
3438,7607
3439,24
3439,61
3439,89
3439,319
3439,593
3439,710
3439,1028
3439,1744
3439,2198
3439,2239
3439,2689
3439,2832
3439,3438
3439,3856
3439,3946
3439,4033
3439,4127
3439,4588
3439,4641
3439,5006
3439,5050
3439,5441
3439,5799
3439,5903
3439,6702
3439,6887
3439,6921
3439,7247
3439,7395
3440,593
3440,1805
3440,1942
3440,3974
3440,6702
3440,6754
3441,481
3441,1622
3441,1830
3441,2499
3441,3904
3441,4244
3441,4485
3441,4498
3441,4663
3441,6488
3441,7383
3442,394
3442,1031
3442,2165
3442,2608
3442,2876
3442,3159
3442,3222
3442,3425
3442,3461
3442,3661
3442,3729
3442,3949
3442,4738
3442,5074
3442,5520
3442,5794
3442,5872
3442,6109
3442,6554
3442,7260
3442,7287
3442,7594
3443,526
3443,600
3443,631
3443,669
3443,684
3443,994
3443,1291
3443,1601
3443,1653
3443,1810
3443,2041
3443,2111
3443,2732
3443,2988
3443,3457
3443,3725
3443,4066
3443,4121
3443,4609
3443,5063
3443,5170
3443,5739
3443,6458
3443,6481
3443,6512
3443,6569
3443,6630
3443,6834
3443,6909
3443,6916
3443,7130
3444,593
3444,1634
3444,2198
3444,3734
3444,4158
3444,6702
3445,24
3445,593
3445,622
3445,1100
3445,1744
3445,1782
3445,1797
3445,1838
3445,2198
3445,2239
3445,3704
3445,4376
3445,4641
3445,4805
3445,5042
3445,5415
3445,5441
3445,5881
3445,5982
3445,6673
3445,6702
3445,6847
3445,7607
3446,552
3446,593
3446,1513
3446,1723
3446,1744
3446,1796
3446,1899
3446,2198
3446,2262
3446,2553
3446,4074
3446,4188
3446,4210
3446,4578
3446,4669
3446,5132
3446,5139
3446,5251
3446,5734
3446,5979
3446,6140
3446,6183
3446,6315
3446,6414
3446,6551
3446,6669
3446,6673
3446,6678
3446,6702
3446,7003
3446,7010
3446,7215
3446,7280
3446,7352
3446,7428
3447,3084
3447,3905
3447,5618
3447,6362
3449,147
3449,221
3449,398
3449,425
3449,444
3449,481
3449,561
3449,578
3449,679
3449,744
3449,746
3449,837
3449,943
3449,1086
3449,1096
3449,1223
3449,1466
3449,1477
3449,1509
3449,1622
3449,1646
3449,1683
3449,1889
3449,2067
3449,2073
3449,2468
3449,2499
3449,2853
3449,2873
3449,3180
3449,3211
3449,3255
3449,3411
3449,3733
3449,4191
3449,4244
3449,4411
3449,4423
3449,4485
3449,4494
3449,4498
3449,4524
3449,4607
3449,4663
3449,4873
3449,5270
3449,5357
3449,5405
3449,5609
3449,5784
3449,5928
3449,5974
3449,6103
3449,6168
3449,6311
3449,6488
3449,6609
3449,6625
3449,6972
3449,7015
3449,7110
3449,7324
3449,7383
3449,7489
3449,7598
3450,3121
3450,7613
3451,2907
3451,6446
3451,7518
3452,74
3452,147
3452,398
3452,444
3452,481
3452,561
3452,618
3452,685
3452,746
3452,837
3452,1086
3452,1223
3452,1509
3452,1529
3452,1562
3452,1683
3452,2073
3452,2395
3452,2449
3452,2491
3452,2499
3452,2786
3452,2853
3452,2983
3452,3180
3452,3411
3452,3584
3452,3733
3452,4117
3452,4244
3452,4411
3452,4475
3452,4478
3452,4485
3452,4524
3452,4564
3452,4585
3452,4663
3452,4711
3452,4873
3452,4884
3452,4921
3452,5016
3452,5072
3452,5357
3452,5489
3452,5609
3452,5718
3452,5737
3452,5751
3452,5896
3452,5974
3452,6103
3452,6106
3452,6168
3452,6227
3452,6311
3452,6488
3452,6508
3452,6609
3452,6625
3452,6829
3452,6924
3452,6972
3452,7361
3452,7383
3452,7444
3452,7469
3452,7489
3452,7531
3452,7598
3453,195
3453,3145
3453,3227
3453,3244
3453,4104
3453,4235
3453,4705
3453,6169
3453,6433
3453,6813
3454,2293
3454,4574
3454,6294
3455,212
3455,728
3455,1196
3455,1493
3455,1521
3455,1739
3455,1978
3455,2525
3455,2903
3455,2987
3455,3246
3455,3506
3455,3510
3455,4067
3455,4153
3455,4707
3455,5722
3455,5775
3455,6029
3455,6522
3455,6920
3455,7240
3456,260
3456,479
3456,735
3456,951
3456,1210
3456,1254
3456,1526
3456,1784
3456,1833
3456,2313
3456,2410
3456,2745
3456,2981
3456,3149
3456,3538
3456,3659
3456,3748
3456,3947
3456,4680
3456,4806
3456,5243
3456,6024
3456,6216
3456,6492
3456,6804
3456,6892
3456,6936
3456,6971
3456,7003
3456,7044
3456,7071
3456,7180
3456,7537
3456,7582
3457,30
3457,225
3457,526
3457,600
3457,628
3457,669
3457,896
3457,956
3457,986
3457,1084
3457,1196
3457,1291
3457,1300
3457,1448
3457,1521
3457,1601
3457,1739
3457,1761
3457,2026
3457,2041
3457,2059
3457,2093
3457,2111
3457,2279
3457,2402
3457,2567
3457,3078
3457,3443
3457,3510
3457,3725
3457,3742
3457,4115
3457,4206
3457,4456
3457,4503
3457,4609
3457,4805
3457,4990
3457,5047
3457,5115
3457,5170
3457,5264
3457,5556
3457,5739
3457,6038
3457,6512
3457,6569
3457,6630
3457,6715
3457,6909
3457,6916
3457,7077
3457,7250
3457,7328
3457,7608
3458,3560
3458,5773
3458,6623
3459,42
3459,69
3459,85
3459,115
3459,192
3459,201
3459,260
3459,269
3459,431
3459,542
3459,566
3459,593
3459,727
3459,731
3459,869
3459,1058
3459,1067
3459,1178
3459,1210
3459,1415
3459,1421
3459,1453
3459,1485
3459,1634
3459,1705
3459,1723
3459,1798
3459,1840
3459,1965
3459,2013
3459,2039
3459,2106
3459,2115
3459,2129
3459,2198
3459,2239
3459,2370
3459,2571
3459,2755
3459,2766
3459,2772
3459,2882
3459,2888
3459,2938
3459,3070
3459,3079
3459,3093
3459,3149
3459,3189
3459,3196
3459,3377
3459,3608
3459,3646
3459,3659
3459,3693
3459,3710
3459,3734
3459,3758
3459,3882
3459,3926
3459,4017
3459,4071
3459,4080
3459,4091
3459,4162
3459,4167
3459,4376
3459,4384
3459,4392
3459,4510
3459,4535
3459,4608
3459,4616
3459,4787
3459,4803
3459,4806
3459,4952
3459,4983
3459,5042
3459,5070
3459,5195
3459,5222
3459,5278
3459,5296
3459,5316
3459,5344
3459,5385
3459,5404
3459,5471
3459,5551
3459,5577
3459,5641
3459,5649
3459,5707
3459,5740
3459,5799
3459,5816
3459,5859
3459,5888
3459,5945
3459,5955
3459,6039
3459,6075
3459,6188
3459,6228
3459,6462
3459,6540
3459,6551
3459,6658
3459,6702
3459,6707
3459,6933
3459,7008
3459,7071
3459,7091
3459,7147
3459,7231
3459,7280
3459,7289
3459,7294
3459,7464
3459,7487
3459,7535
3459,7568
3459,7572
3459,7582
3459,7593
3460,758
3460,965
3460,995
3460,1488
3460,1604
3460,2443
3460,3064
3460,3150
3460,3516
3460,3563
3460,3880
3460,4125
3460,4280
3460,4673
3460,4802
3460,5266
3460,5300
3460,5968
3460,6163
3460,6653
3460,6874
3460,7314
3461,45
3461,1556
3461,1814
3461,1952
3461,1955
3461,2165
3461,2453
3461,2607
3461,2872
3461,3281
3461,3437
3461,3442
3461,3633
3461,3662
3461,3729
3461,3869
3461,3949
3461,4106
3461,4424
3461,4452
3461,4665
3461,5035
3461,5074
3461,5794
3461,5817
3461,5872
3461,6307
3461,6352
3461,6554
3461,6813
3461,6970
3461,7160
3461,7287
3461,7538
3461,7594
3462,766
3462,1634
3462,1663
3462,2198
3462,4164
3462,4376
3462,5404
3462,6702
3462,6990
3463,3972
3463,4646
3463,7063
3464,3231
3464,4923
3465,797
3465,3238
3465,3526
3465,3596
3465,4856
3465,5830
3466,111
3466,495
3466,1069
3466,1120
3466,1426
3466,1802
3466,1817
3466,1966
3466,1979
3466,2427
3466,2563
3466,2977
3466,3295
3466,3381
3466,3578
3466,3743
3466,3922
3466,3925
3466,3994
3466,4851
3466,4863
3466,5150
3466,5589
3466,5676
3466,5880
3466,5943
3466,5948
3466,6098
3466,7022
3466,7125
3466,7142
3466,7226
3466,7467
3467,549
3467,912
3467,993
3467,1338
3467,1816
3467,1952
3467,2315
3467,2422
3467,3159
3467,3524
3467,3729
3467,3869
3467,4410
3467,4867
3467,5894
3467,6044
3467,6436
3467,6501
3467,6549
3467,6757
3467,6838
3467,7160
3467,7334
3467,7442
3467,7621
3468,2795
3468,3011
3468,5455
3469,26
3469,77
3469,134
3469,245
3469,352
3469,410
3469,593
3469,629
3469,696
3469,760
3469,785
3469,808
3469,809
3469,835
3469,953
3469,1058
3469,1097
3469,1103
3469,1184
3469,1357
3469,1418
3469,1518
3469,1581
3469,1607
3469,1612
3469,1634
3469,1650
3469,1673
3469,1682
3469,1797
3469,1912
3469,1915
3469,1927
3469,2032
3469,2066
3469,2198
3469,2205
3469,2208
3469,2215
3469,2239
3469,2243
3469,2370
3469,2375
3469,2490
3469,2650
3469,2683
3469,2738
3469,2793
3469,2801
3469,2931
3469,3049
3469,3270
3469,3427
3469,3542
3469,3548
3469,3574
3469,3581
3469,3618
3469,3641
3469,3697
3469,3713
3469,3761
3469,3784
3469,4198
3469,4376
3469,4570
3469,4595
3469,4696
3469,4715
3469,4722
3469,4805
3469,4889
3469,4894
3469,4982
3469,4986
3469,5091
3469,5132
3469,5155
3469,5171
3469,5234
3469,5378
3469,5455
3469,5543
3469,5559
3469,5568
3469,5629
3469,5667
3469,5820
3469,5853
3469,5891
3469,5936
3469,5993
3469,6024
3469,6064
3469,6166
3469,6171
3469,6219
3469,6328
3469,6451
3469,6464
3469,6466
3469,6486
3469,6880
3469,6911
3469,7003
3469,7164
3469,7239
3469,7464
3469,7560
3471,2054
3471,3562
3471,4363
3471,5393
3471,7378
3471,7457
3472,310
3472,3009
3472,3173
3472,4200
3473,28
3473,352
3473,575
3473,750
3473,766
3473,1280
3473,1862
3473,2565
3473,2871
3473,2988
3473,3049
3473,3109
3473,3359
3473,3578
3473,3698
3473,4959
3473,5191
3473,5664
3473,6572
3473,6593
3473,6629
3473,6722
3473,7374
3474,4
3474,1624
3474,4379
3474,5421
3474,6635
3475,2330
3475,3332
3475,3491
3475,4033
3475,7644
3476,593
3476,789
3476,1058
3476,1415
3476,1453
3476,1621
3476,1668
3476,1798
3476,2106
3476,2198
3476,2370
3476,2377
3476,4384
3476,4680
3476,4787
3476,4806
3476,5404
3476,5816
3476,6551
3476,6702
3476,6760
3476,7269
3476,7395
3476,7464
3476,7535
3476,7572
3477,297
3477,355
3477,996
3477,2168
3477,2413
3477,2874
3477,5104
3478,128
3478,169
3478,252
3478,278
3478,564
3478,796
3478,908
3478,1358
3478,1435
3478,1888
3478,2044
3478,2094
3478,2096
3478,2263
3478,2378
3478,2665
3478,2707
3478,2944
3478,3161
3478,3365
3478,3484
3478,3555
3478,3706
3478,4024
3478,4430
3478,4594
3478,4882
3478,5192
3478,5486
3478,5625
3478,5636
3478,6162
3478,6555
3478,6702
3478,7094
3478,7235
3479,147
3479,425
3479,481
3479,561
3479,578
3479,690
3479,746
3479,943
3479,1223
3479,1646
3479,2012
3479,2395
3479,2499
3479,2853
3479,3211
3479,3733
3479,4004
3479,4191
3479,4244
3479,4663
3479,4711
3479,5357
3479,5489
3479,5972
3479,5974
3479,6311
3479,6488
3479,6609
3479,6625
3479,6924
3479,7015
3479,7489
3479,7598
3480,308
3480,804
3480,953
3480,1120
3480,1241
3480,1418
3480,1597
3480,1673
3480,1817
3480,1966
3480,1979
3480,2258
3480,2427
3480,2893
3480,3295
3480,3381
3480,3492
3480,3742
3480,3743
3480,3922
3480,3925
3480,4042
3480,4851
3480,4863
3480,5880
3480,5944
3480,6980
3480,7125
3480,7226
3480,7250
3480,7307
3480,7467
3481,890
3481,1053
3481,1460
3481,2046
3481,2180
3481,2321
3481,2957
3481,3536
3481,3843
3481,4133
3481,4334
3481,5600
3481,5915
3481,6127
3481,6213
3481,6525
3481,6650
3481,7378
3482,3231
3482,4237
3482,7230
3483,492
3483,1879
3483,2293
3483,3044
3483,3095
3483,3197
3483,4810
3483,7176
3484,128
3484,252
3484,564
3484,908
3484,1358
3484,1888
3484,2044
3484,2263
3484,2944
3484,3365
3484,3478
3484,3555
3484,4277
3484,4430
3484,5118
3484,5192
3484,5486
3484,5625
3484,5636
3484,6162
3484,7235
3485,429
3485,525
3485,548
3485,2515
3485,2705
3485,3740
3485,4121
3485,4172
3485,5388
3485,5499
3485,5763
3485,5890
3485,6005
3485,6356
3485,6905
3485,6908
3485,7057
3485,7078
3485,7253
3485,7332
3485,7529
3486,249
3486,307
3486,355
3486,2168
3486,2413
3486,2534
3486,2874
3486,3135
3486,4322
3486,5046
3486,7108
3486,7449
3487,179
3487,481
3487,855
3487,1622
3487,2067
3487,3904
3487,4244
3487,4459
3487,4663
3487,5038
3487,6106
3488,269
3488,1112
3488,1444
3488,2198
3488,3277
3488,3532
3488,3602
3488,4356
3488,4697
3488,4952
3488,6297
3488,6967
3489,491
3489,645
3489,890
3489,935
3489,1053
3489,1213
3489,1306
3489,1411
3489,1429
3489,1564
3489,1852
3489,2054
3489,2180
3489,2250
3489,2321
3489,2504
3489,3057
3489,3371
3489,3536
3489,3843
3489,4126
3489,4133
3489,5161
3489,5274
3489,5395
3489,5427
3489,5599
3489,6127
3489,6213
3489,6380
3489,6525
3489,6650
3489,6763
3489,6871
3489,7378
3490,310
3490,356
3490,370
3490,586
3490,766
3490,1425
3490,1662
3490,1701
3490,2221
3490,2712
3490,2867
3490,3009
3490,3136
3490,3173
3490,3400
3490,3690
3490,3770
3490,3826
3490,3865
3490,4200
3490,4383
3490,4410
3490,4752
3490,4783
3490,5367
3490,5387
3490,5901
3490,5994
3490,6312
3490,6314
3490,6367
3490,7175
3491,2952
3491,3475
3491,6387
3491,7644
3492,495
3492,614
3492,766
3492,867
3492,892
3492,1225
3492,1241
3492,1337
3492,1795
3492,2092
3492,2198
3492,2239
3492,2354
3492,2356
3492,2625
3492,2633
3492,2755
3492,2898
3492,3295
3492,3359
3492,3433
3492,3480
3492,3578
3492,3695
3492,3839
3492,3866
3492,3920
3492,4358
3492,4376
3492,4409
3492,4438
3492,4617
3492,4670
3492,4790
3492,4805
3492,4863
3492,5234
3492,5635
3492,5652
3492,5664
3492,5781
3492,5865
3492,5949
3492,5981
3492,6098
3492,6166
3492,6358
3492,6675
3492,6703
3492,6864
3492,6980
3492,7054
3492,7125
3492,7142
3492,7250
3492,7305
3492,7307
3492,7370
3492,7467
3492,7486
3492,7587
3492,7624
3493,85
3493,260
3493,1058
3493,1575
3493,1862
3493,2060
3493,2106
3493,2198
3493,2377
3493,2410
3493,2745
3493,3748
3493,3895
3493,4164
3493,4326
3493,4376
3493,4384
3493,4616
3493,4864
3493,5404
3493,5707
3493,5816
3493,6551
3493,6952
3493,7071
3493,7369
3494,70
3494,166
3494,219
3494,237
3494,439
3494,615
3494,620
3494,667
3494,686
3494,699
3494,741
3494,773
3494,783
3494,1061
3494,1149
3494,1162
3494,1438
3494,1815
3494,1824
3494,2168
3494,2251
3494,2292
3494,2333
3494,2413
3494,2790
3494,2850
3494,3030
3494,3041
3494,3084
3494,3143
3494,3147
3494,3375
3494,3424
3494,3759
3494,3774
3494,3905
3494,4145
3494,4201
3494,4276
3494,4292
3494,4379
3494,4443
3494,4599
3494,4610
3494,4776
3494,4814
3494,4925
3494,4976
3494,5011
3494,5034
3494,5104
3494,5107
3494,5184
3494,5283
3494,5361
3494,5419
3494,5444
3494,5553
3494,5803
3494,5877
3494,5884
3494,6002
3494,6130
3494,6144
3494,6226
3494,6355
3494,6590
3494,6796
3494,6855
3494,6860
3494,6873
3494,6937
3494,7037
3494,7268
3494,7282
3494,7355
3494,7449
3494,7461
3494,7472
3494,7530
3495,43
3495,148
3495,160
3495,402
3495,621
3495,676
3495,887
3495,1107
3495,1109
3495,1503
3495,1534
3495,1626
3495,1946
3495,2077
3495,2236
3495,2319
3495,2416
3495,2473
3495,2477
3495,2498
3495,2607
3495,2748
3495,2749
3495,2963
3495,2966
3495,2984
3495,3038
3495,3154
3495,3205
3495,3233
3495,3645
3495,3705
3495,3824
3495,3934
3495,4239
3495,4272
3495,4804
3495,5057
3495,5065
3495,5482
3495,5514
3495,5616
3495,5690
3495,5916
3495,5950
3495,6433
3495,6656
3495,7030
3495,7064
3495,7129
3495,7367
3495,7507
3495,7613
3496,807
3496,1385
3496,1403
3496,1950
3496,2215
3496,2218
3496,3662
3496,3865
3496,4518
3496,5422
3496,5506
3496,6367
3496,6408
3496,6554
3496,6556
3496,7153
3496,7442
3496,7498
3497,531
3497,1936
3497,2167
3497,2297
3497,4089
3497,4134
3497,4258
3497,4429
3497,4646
3497,4736
3497,4794
3497,5414
3497,5450
3497,5822
3497,6169
3497,6809
3497,7532
3498,3277
3498,4417
3498,4826
3499,487
3499,1961
3499,4318
3499,4406
3499,5502
3500,1830
3500,2656
3500,3904
3500,4673
3500,5383
3500,6185
3500,6488
3500,7214
3501,92
3501,143
3501,149
3501,218
3501,551
3501,606
3501,616
3501,930
3501,1064
3501,1278
3501,1310
3501,1563
3501,1586
3501,2011
3501,2663
3501,3124
3501,3256
3501,3359
3501,3394
3501,3698
3501,3832
3501,4039
3501,4302
3501,4384
3501,4422
3501,4904
3501,5222
3501,5661
3501,5772
3501,5984
3501,6014
3501,6779
3501,7374
3501,7633
3502,61
3502,85
3502,152
3502,192
3502,258
3502,290
3502,369
3502,553
3502,593
3502,687
3502,693
3502,789
3502,857
3502,1011
3502,1058
3502,1102
3502,1210
3502,1249
3502,1254
3502,1293
3502,1415
3502,1453
3502,1621
3502,1647
3502,1708
3502,1711
3502,1738
3502,1746
3502,1798
3502,1899
3502,2039
3502,2106
3502,2198
3502,2239
3502,2302
3502,2370
3502,2571
3502,2600
3502,3093
3502,3183
3502,3311
3502,3370
3502,3408
3502,3623
3502,3632
3502,3748
3502,3782
3502,3808
3502,3895
3502,4080
3502,4164
3502,4376
3502,4384
3502,4402
3502,4465
3502,4791
3502,4806
3502,4919
3502,4952
3502,4983
3502,5037
3502,5132
3502,5286
3502,5381
3502,5404
3502,5689
3502,5707
3502,5782
3502,5799
3502,5816
3502,5881
3502,6077
3502,6140
3502,6284
3502,6468
3502,6551
3502,6702
3502,6707
3502,6760
3502,6887
3502,6906
3502,6985
3502,7003
3502,7036
3502,7097
3502,7209
3502,7296
3502,7582
3502,7597
3502,7617
3503,39
3503,51
3503,73
3503,75
3503,198
3503,474
3503,483
3503,490
3503,551
3503,680
3503,705
3503,856
3503,1076
3503,1212
3503,1215
3503,1296
3503,1315
3503,1379
3503,1572
3503,1612
3503,1627
3503,1722
3503,1725
3503,1801
3503,1831
3503,1894
3503,2021
3503,2043
3503,2113
3503,2143
3503,2198
3503,2211
3503,2299
3503,2375
3503,2402
3503,2442
3503,2450
3503,2486
3503,2588
3503,2648
3503,2701
3503,2905
3503,2959
3503,3013
3503,3190
3503,3270
3503,3320
3503,3330
3503,3515
3503,3532
3503,3559
3503,3607
3503,3613
3503,3643
3503,3772
3503,3895
3503,3944
3503,4067
3503,4097
3503,4228
3503,4259
3503,4384
3503,4490
3503,4584
3503,4674
3503,4710
3503,4892
3503,4904
3503,4982
3503,4987
3503,4991
3503,5111
3503,5188
3503,5211
3503,5216
3503,5218
3503,5263
3503,5396
3503,5464
3503,5575
3503,5650
3503,5801
3503,5839
3503,6063
3503,6086
3503,6096
3503,6395
3503,6417
3503,6426
3503,6563
3503,6588
3503,6660
3503,6878
3503,6898
3503,6901
3503,7067
3503,7102
3503,7128
3503,7322
3503,7359
3503,7556
3504,425
3504,561
3504,688
3504,746
3504,943
3504,1223
3504,2395
3504,2398
3504,2843
3504,2853
3504,3393
3504,4151
3504,4252
3504,4564
3504,4663
3504,4703
3504,4708
3504,4884
3504,5230
3504,5357
3504,5737
3504,5928
3504,5974
3504,6222
3504,6488
3504,6609
3504,6625
3504,6725
3504,6924
3504,7383
3504,7463
3504,7598
3505,799
3505,929
3505,1059
3505,1147
3505,1154
3505,1265
3505,1307
3505,1352
3505,1398
3505,1605
3505,1606
3505,1793
3505,1837
3505,1949
3505,1968
3505,1971
3505,2085
3505,2242
3505,2278
3505,2403
3505,2580
3505,2846
3505,3200
3505,3228
3505,3390
3505,3522
3505,3535
3505,3943
3505,4036
3505,4481
3505,5021
3505,5096
3505,5477
3505,5621
3505,5956
3505,6158
3505,6455
3505,6498
3505,6863
3505,6883
3505,6903
3505,6949
3505,7002
3505,7199
3505,7301
3505,7567
3505,7625
3506,71
3506,212
3506,283
3506,341
3506,352
3506,382
3506,526
3506,538
3506,584
3506,655
3506,683
3506,724
3506,754
3506,808
3506,921
3506,1011
3506,1066
3506,1090
3506,1196
3506,1263
3506,1287
3506,1291
3506,1310
3506,1479
3506,1521
3506,1539
3506,1549
3506,1607
3506,1615
3506,1624
3506,1716
3506,1733
3506,1910
3506,1922
3506,1967
3506,1978
3506,2059
3506,2172
3506,2186
3506,2198
3506,2215
3506,2299
3506,2325
3506,2330
3506,2371
3506,2402
3506,2423
3506,2525
3506,2536
3506,2579
3506,2632
3506,2673
3506,2703
3506,2794
3506,2856
3506,2893
3506,2903
3506,2945
3506,3062
3506,3078
3506,3083
3506,3125
3506,3134
3506,3209
3506,3270
3506,3455
3506,3510
3506,3520
3506,3539
3506,3559
3506,3645
3506,3702
3506,3751
3506,3781
3506,3784
3506,3827
3506,4050
3506,4067
3506,4153
3506,4233
3506,4525
3506,4584
3506,4633
3506,4696
3506,4811
3506,4893
3506,4904
3506,4917
3506,5120
3506,5126
3506,5132
3506,5170
3506,5264
3506,5373
3506,5722
3506,5798
3506,5851
3506,5917
3506,6026
3506,6036
3506,6059
3506,6131
3506,6296
3506,6348
3506,6408
3506,6412
3506,6427
3506,6610
3506,6630
3506,6677
3506,6699
3506,6713
3506,6794
3506,6909
3506,6920
3506,7006
3506,7077
3506,7101
3506,7131
3506,7147
3506,7174
3506,7265
3506,7294
3506,7322
3506,7328
3506,7422
3506,7512
3506,7569
3506,7608
3507,305
3507,311
3507,363
3507,652
3507,862
3507,1961
3507,2519
3507,2604
3507,2700
3507,3139
3507,3802
3507,4440
3507,5268
3507,5483
3507,5657
3507,6341
3507,6751
3508,103
3508,7581
3509,528
3509,835
3509,2295
3509,2927
3509,3554
3509,3578
3509,4073
3509,4685
3509,5123
3509,5354
3510,5
3510,15
3510,30
3510,196
3510,225
3510,283
3510,352
3510,360
3510,438
3510,456
3510,526
3510,584
3510,587
3510,600
3510,628
3510,655
3510,669
3510,713
3510,724
3510,809
3510,898
3510,911
3510,921
3510,967
3510,971
3510,986
3510,1084
3510,1196
3510,1211
3510,1291
3510,1382
3510,1473
3510,1539
3510,1571
3510,1645
3510,1716
3510,1733
3510,1761
3510,1780
3510,1809
3510,1842
3510,1854
3510,1948
3510,1978
3510,1996
3510,2026
3510,2092
3510,2093
3510,2170
3510,2172
3510,2198
3510,2234
3510,2279
3510,2376
3510,2402
3510,2404
3510,2567
3510,2581
3510,2598
3510,2631
3510,2697
3510,2703
3510,2732
3510,2738
3510,2783
3510,2847
3510,2856
3510,2903
3510,2904
3510,2917
3510,2945
3510,2987
3510,3062
3510,3134
3510,3250
3510,3270
3510,3271
3510,3328
3510,3384
3510,3455
3510,3457
3510,3506
3510,3520
3510,3539
3510,3721
3510,3725
3510,3742
3510,3781
3510,3784
3510,3837
3510,3839
3510,3962
3510,3964
3510,4057
3510,4067
3510,4115
3510,4376
3510,4442
3510,4477
3510,4502
3510,4503
3510,4528
3510,4580
3510,4584
3510,4609
3510,4754
3510,4805
3510,4811
3510,4834
3510,4844
3510,4857
3510,4990
3510,5022
3510,5063
3510,5115
3510,5170
3510,5193
3510,5202
3510,5204
3510,5262
3510,5264
3510,5295
3510,5335
3510,5388
3510,5445
3510,5544
3510,5556
3510,5635
3510,5719
3510,5739
3510,5917
3510,6036
3510,6038
3510,6059
3510,6131
3510,6313
3510,6388
3510,6408
3510,6412
3510,6464
3510,6481
3510,6512
3510,6547
3510,6610
3510,6630
3510,6668
3510,6672
3510,6699
3510,6909
3510,6952
3510,6992
3510,7006
3510,7077
3510,7130
3510,7135
3510,7147
3510,7152
3510,7250
3510,7312
3510,7322
3510,7325
3510,7336
3510,7341
3510,7422
3510,7634
3511,64
3511,249
3511,355
3511,1149
3511,1151
3511,1692
3511,1808
3511,2168
3511,2413
3511,2534
3511,2874
3511,3147
3511,3214
3511,4005
3511,4093
3511,4202
3511,4322
3511,4744
3511,5104
3511,5803
3511,6144
3511,6988
3511,7472
3511,7509
3512,28
3512,920
3512,1174
3512,1280
3512,1429
3512,1744
3512,1899
3512,2796
3512,2804
3512,3856
3512,4100
3512,4295
3512,5136
3512,5154
3512,5209
3512,6807
3512,7453
3513,5
3513,8
3513,49
3513,71
3513,382
3513,748
3513,771
3513,1196
3513,1607
3513,1922
3513,2522
3513,2529
3513,2673
3513,3125
3513,3691
3513,3702
3513,3751
3513,4220
3513,4493
3513,4500
3513,4596
3513,4634
3513,4692
3513,4917
3513,5280
3513,6412
3513,6610
3513,6677
3513,7131
3513,7222
3513,7250
3513,7345
3513,7452
3513,7624
3513,7635
3514,540
3514,593
3514,1058
3514,1620
3514,1684
3514,2198
3514,2215
3514,3160
3514,4067
3514,4164
3514,4376
3514,4680
3514,4805
3514,5251
3514,5404
3514,5734
3514,6414
3514,6702
3514,7003
3514,7471
3515,40
3515,456
3515,601
3515,793
3515,881
3515,1189
3515,1479
3515,1725
3515,2113
3515,2299
3515,2415
3515,3037
3515,3339
3515,3382
3515,3503
3515,4097
3515,4301
3515,4490
3515,4735
3515,4940
3515,4987
3515,5022
3515,5211
3515,5218
3515,6086
3515,6210
3515,6369
3515,6588
3515,7032
3515,7330
3516,557
3516,682
3516,758
3516,965
3516,995
3516,1244
3516,1656
3516,1914
3516,2311
3516,2443
3516,2757
3516,3064
3516,3150
3516,3376
3516,3460
3516,3563
3516,4280
3516,4492
3516,4802
3516,5266
3516,5754
3516,5774
3516,6052
3516,6125
3516,6163
3516,6217
3516,6601
3516,6653
3517,238
3517,799
3517,929
3517,1025
3517,1208
3517,1265
3517,2442
3517,2858
3517,3402
3517,3943
3517,4119
3517,6158
3517,6498
3517,7199
3518,91
3518,1275
3518,2214
3518,2404
3518,2522
3518,2529
3518,2897
3518,3635
3518,3671
3518,4493
3518,4692
3518,4893
3518,5505
3518,5571
3518,5813
3518,5941
3518,5949
3518,6244
3518,6308
3518,7054
3518,7171
3518,7401
3518,7588
3518,7635
3519,368
3519,451
3519,1207
3519,1307
3519,1352
3519,1462
3519,1605
3519,1606
3519,1793
3519,1890
3519,1968
3519,2069
3519,2278
3519,2289
3519,2351
3519,2942
3519,3033
3519,3126
3519,3200
3519,3390
3519,3535
3519,3694
3519,3790
3519,4036
3519,4079
3519,4119
3519,4229
3519,4339
3519,4481
3519,5073
3519,5096
3519,5342
3519,5477
3519,5481
3519,5621
3519,5850
3519,5905
3519,5956
3519,6023
3519,6080
3519,6285
3519,6543
3519,6862
3519,7002
3519,7199
3519,7425
3520,5
3520,85
3520,212
3520,266
3520,352
3520,526
3520,584
3520,867
3520,911
3520,1188
3520,1291
3520,1493
3520,2198
3520,2215
3520,2529
3520,2703
3520,3098
3520,3134
3520,3270
3520,3296
3520,3506
3520,3510
3520,3559
3520,3748
3520,3784
3520,3920
3520,3978
3520,4067
3520,4153
3520,4376
3520,5132
3520,5174
3520,5234
3520,5296
3520,5641
3520,5772
3520,5775
3520,6029
3520,6412
3520,6547
3520,6909
3520,6920
3520,7147
3520,7296
3520,7370
3520,7572
3521,76
3521,251
3521,331
3521,852
3521,1058
3521,1414
3521,1688
3521,1745
3521,1862
3521,2772
3521,3131
3521,3259
3521,3368
3521,3384
3521,3952
3521,4320
3521,4376
3521,4549
3521,4573
3521,4670
3521,4805
3521,4944
3521,5251
3521,5301
3521,6197
3521,6619
3521,6741
3521,6954
3521,7376
3521,7600
3522,68
3522,104
3522,281
3522,304
3522,327
3522,348
3522,354
3522,416
3522,451
3522,452
3522,547
3522,574
3522,594
3522,624
3522,635
3522,792
3522,799
3522,823
3522,929
3522,1025
3522,1147
3522,1154
3522,1168
3522,1201
3522,1203
3522,1229
3522,1231
3522,1349
3522,1366
3522,1387
3522,1542
3522,1557
3522,1590
3522,1602
3522,1605
3522,1779
3522,1837
3522,1968
3522,1971
3522,2020
3522,2203
3522,2276
3522,2278
3522,2403
3522,2524
3522,2578
3522,2580
3522,2587
3522,2642
3522,2692
3522,2696
3522,2716
3522,2735
3522,2841
3522,2846
3522,2858
3522,2919
3522,2934
3522,2936
3522,2937
3522,3055
3522,3110
3522,3182
3522,3254
3522,3286
3522,3301
3522,3338
3522,3402
3522,3418
3522,3505
3522,3769
3522,3917
3522,3943
3522,4036
3522,4119
3522,4132
3522,4139
3522,4147
3522,4166
3522,4210
3522,4444
3522,4481
3522,4547
3522,4550
3522,4568
3522,4825
3522,4927
3522,4977
3522,4998
3522,5021
3522,5055
3522,5073
3522,5096
3522,5111
3522,5112
3522,5149
3522,5196
3522,5233
3522,5246
3522,5353
3522,5590
3522,5695
3522,5712
3522,5766
3522,6011
3522,6158
3522,6267
3522,6375
3522,6455
3522,6498
3522,6659
3522,6697
3522,6710
3522,6782
3522,6833
3522,6863
3522,6883
3522,6932
3522,6938
3522,6943
3522,7028
3522,7040
3522,7083
3522,7148
3522,7301
3522,7533
3522,7567
3522,7625
3523,442
3523,537
3523,755
3523,767
3523,926
3523,1672
3523,1696
3523,1759
3523,1867
3523,2114
3523,2260
3523,2754
3523,2775
3523,2849
3523,3116
3523,3346
3523,3840
3523,4236
3523,4566
3523,4619
3523,4666
3523,4751
3523,4949
3523,4960
3523,5028
3523,5465
3523,5512
3523,6091
3523,6257
3523,6383
3523,6465
3523,6840
3523,7060
3523,7118
3523,7255
3523,7407
3524,90
3524,202
3524,364
3524,381
3524,496
3524,993
3524,1166
3524,1340
3524,1906
3524,2121
3524,2411
3524,2505
3524,2524
3524,2695
3524,3145
3524,3239
3524,3467
3524,3674
3524,3902
3524,3960
3524,4232
3524,4336
3524,4633
3524,4838
3524,4880
3524,4922
3524,4994
3524,5172
3524,5458
3524,5633
3524,5885
3524,6245
3524,6283
3524,6433
3524,6460
3524,6516
3524,6838
3524,6886
3524,7200
3524,7417
3525,650
3525,1075
3525,1255
3525,1480
3525,1541
3525,1674
3525,2416
3525,2585
3525,2669
3525,2680
3525,2709
3525,2718
3525,2924
3525,3267
3525,3327
3525,3425
3525,4033
3525,4656
3525,5026
3525,5185
3525,5232
3525,5517
3525,5596
3525,5910
3525,5922
3525,5989
3525,6084
3525,6392
3525,6509
3525,6606
3525,7281
3526,797
3526,1815
3526,2420
3526,3198
3526,3465
3526,3771
3526,4101
3526,5830
3527,1058
3527,1103
3527,1429
3527,1575
3527,2170
3527,2253
3527,3203
3527,3578
3527,3753
3527,3817
3527,3866
3527,3895
3527,4067
3527,4371
3527,4376
3527,4573
3527,4670
3527,4805
3527,5251
3527,6197
3527,7467
3528,316
3528,463
3528,516
3528,517
3528,541
3528,556
3528,786
3528,928
3528,937
3528,1221
3528,1391
3528,1504
3528,1630
3528,1685
3528,1851
3528,1863
3528,1864
3528,2132
3528,2281
3528,2357
3528,2387
3528,2474
3528,2635
3528,3090
3528,3291
3528,3392
3528,3553
3528,3575
3528,4034
3528,4441
3528,4539
3528,4583
3528,4666
3528,4741
3528,4758
3528,4759
3528,5306
3528,5448
3528,5451
3528,5454
3528,5555
3528,5588
3528,5825
3528,6520
3528,6679
3528,6771
3528,6913
3528,6997
3528,7075
3528,7124
3528,7255
3528,7366
3528,7407
3528,7470
3528,7566
3528,7630
3528,7648
3529,412
3529,570
3529,787
3529,882
3529,1531
3529,1732
3529,1759
3529,1827
3529,1969
3529,1972
3529,2090
3529,2114
3529,2250
3529,2260
3529,2324
3529,2622
3529,2754
3529,2849
3529,2861
3529,3116
3529,3326
3529,4256
3529,4274
3529,4312
3529,4467
3529,4603
3529,4666
3529,5257
3529,5849
3529,6046
3529,6143
3529,6465
3529,6552
3530,256
3530,314
3530,695
3530,1065
3530,1523
3530,1804
3530,3258
3530,6090
3530,6130
3530,6138
3530,6482
3530,6806
3531,846
3531,980
3531,1669
3531,1764
3531,3631
3531,4320
3531,4362
3531,4725
3531,5535
3531,5743
3531,6293
3531,6298
3531,6328
3531,6572
3531,7153
3531,7375
3532,61
3532,92
3532,103
3532,106
3532,213
3532,226
3532,259
3532,377
3532,411
3532,450
3532,601
3532,680
3532,780
3532,875
3532,881
3532,1098
3532,1112
3532,1215
3532,1278
3532,1285
3532,1349
3532,1377
3532,1406
3532,1444
3532,1661
3532,1700
3532,1711
3532,1778
3532,1801
3532,1935
3532,1958
3532,2024
3532,2086
3532,2166
3532,2171
3532,2198
3532,2212
3532,2228
3532,2239
3532,2299
3532,2348
3532,2484
3532,2569
3532,2572
3532,2661
3532,2671
3532,2750
3532,2809
3532,2820
3532,2905
3532,2956
3532,2964
3532,3077
3532,3190
3532,3277
3532,3320
3532,3428
3532,3488
3532,3503
3532,3561
3532,3602
3532,3613
3532,3627
3532,3664
3532,3831
3532,3844
3532,3947
3532,4041
3532,4050
3532,4174
3532,4228
3532,4230
3532,4285
3532,4286
3532,4315
3532,4381
3532,4406
3532,4469
3532,4484
3532,4511
3532,4517
3532,4523
3532,4626
3532,4729
3532,4771
3532,4822
3532,4870
3532,4908
3532,4952
3532,4987
3532,5022
3532,5199
3532,5218
3532,5292
3532,5315
3532,5398
3532,5474
3532,5510
3532,5511
3532,5534
3532,5585
3532,5689
3532,5745
3532,5749
3532,5931
3532,5993
3532,6022
3532,6028
3532,6036
3532,6063
3532,6086
3532,6228
3532,6297
3532,6331
3532,6422
3532,6434
3532,6437
3532,6447
3532,6462
3532,6518
3532,6527
3532,6560
3532,6578
3532,6588
3532,6594
3532,6646
3532,6717
3532,6738
3532,6743
3532,6803
3532,6810
3532,6854
3532,7072
3532,7114
3532,7330
3532,7357
3532,7380
3532,7395
3532,7468
3532,7521
3533,195
3533,2428
3533,3227
3533,3437
3533,3682
3533,4007
3533,4209
3533,4906
3533,5093
3533,5185
3533,5260
3533,6307
3533,6433
3533,6813
3534,67
3534,93
3534,480
3534,872
3534,950
3534,1009
3534,1057
3534,1075
3534,1107
3534,1160
3534,2074
3534,2875
3534,3244
3534,3354
3534,3622
3534,4328
3534,4346
3534,4501
3534,4698
3534,5026
3534,5583
3534,5841
3534,5918
3534,6051
3534,6084
3534,6225
3534,6431
3534,6504
3534,6773
3534,6821
3535,451
3535,547
3535,1147
3535,1307
3535,1352
3535,1605
3535,1837
3535,1949
3535,1968
3535,1971
3535,2278
3535,2351
3535,2580
3535,2846
3535,3200
3535,3390
3535,3505
3535,3519
3535,4036
3535,4119
3535,4481
3535,4597
3535,5021
3535,5096
3535,5196
3535,5850
3535,5956
3535,6158
3535,6498
3535,6883
3535,7199
3535,7301
3535,7358
3536,7
3536,399
3536,433
3536,441
3536,853
3536,991
3536,1053
3536,1204
3536,1460
3536,2046
3536,2255
3536,2321
3536,2957
3536,3048
3536,3204
3536,3315
3536,3420
3536,3481
3536,3489
3536,3730
3536,3806
3536,3811
3536,3843
3536,4035
3536,4133
3536,4265
3536,5161
3536,5600
3536,6213
3536,6380
3536,6525
3536,6650
3536,6687
3536,6894
3536,7027
3537,608
3537,798
3537,1135
3537,1606
3537,2851
3537,3414
3537,4401
3537,5683
3537,6080
3537,6862
3537,6903
3537,7082
3537,7199
3538,23
3538,73
3538,85
3538,124
3538,138
3538,192
3538,260
3538,369
3538,421
3538,431
3538,475
3538,538
3538,552
3538,593
3538,789
3538,795
3538,810
3538,813
3538,904
3538,942
3538,1011
3538,1106
3538,1113
3538,1170
3538,1293
3538,1330
3538,1402
3538,1414
3538,1415
3538,1430
3538,1453
3538,1478
3538,1545
3538,1614
3538,1624
3538,1665
3538,1698
3538,1831
3538,1840
3538,1847
3538,1860
3538,1862
3538,1908
3538,1999
3538,2106
3538,2194
3538,2198
3538,2215
3538,2339
3538,2370
3538,2406
3538,2410
3538,2441
3538,2620
3538,2657
3538,2671
3538,2719
3538,2765
3538,2772
3538,2848
3538,2855
3538,2911
3538,2956
3538,2974
3538,3025
3538,3132
3538,3177
3538,3183
3538,3185
3538,3297
3538,3311
3538,3377
3538,3456
3538,3616
3538,3758
3538,3762
3538,3895
3538,3898
3538,3926
3538,3950
3538,3970
3538,3996
3538,4067
3538,4177
3538,4213
3538,4233
3538,4286
3538,4303
3538,4313
3538,4355
3538,4376
3538,4384
3538,4466
3538,4525
3538,4535
3538,4556
3538,4785
3538,4801
3538,4865
3538,4952
3538,4983
3538,5212
3538,5222
3538,5223
3538,5296
3538,5351
3538,5375
3538,5490
3538,5513
3538,5623
3538,5641
3538,5707
3538,5709
3538,5799
3538,5816
3538,5840
3538,5859
3538,5941
3538,5952
3538,5975
3538,6001
3538,6047
3538,6202
3538,6208
3538,6242
3538,6313
3538,6400
3538,6510
3538,6551
3538,6562
3538,6640
3538,6701
3538,6707
3538,6778
3538,6794
3538,6804
3538,6877
3538,6936
3538,6952
3538,6981
3538,7036
3538,7101
3538,7102
3538,7147
3538,7150
3538,7197
3538,7296
3538,7385
3538,7465
3538,7480
3538,7525
3538,7553
3538,7582
3538,7597
3539,212
3539,382
3539,397
3539,499
3539,526
3539,584
3539,587
3539,628
3539,655
3539,724
3539,728
3539,956
3539,1196
3539,1291
3539,1493
3539,1521
3539,1539
3539,1733
3539,2059
3539,2172
3539,2215
3539,2325
3539,2402
3539,2525
3539,2539
3539,2579
3539,2703
3539,2903
3539,3062
3539,3068
3539,3083
3539,3506
3539,3510
3539,3559
3539,3781
3539,4067
3539,4153
3539,4584
3539,5264
3539,5798
3539,5917
3539,6026
3539,6059
3539,6408
3539,6412
3539,6427
3539,6909
3539,6920
3540,934
3540,1058
3540,2155
3540,2587
3540,2772
3540,4376
3540,5251
3540,6230
3540,6339
3540,7084
3541,35
3541,44
3541,897
3541,915
3541,929
3541,1208
3541,1265
3541,1553
3541,1844
3541,2088
3541,2188
3541,3089
3541,3318
3541,3321
3541,3568
3541,3857
3541,4119
3541,4468
3541,5809
3541,5892
3541,6415
3541,6697
3541,7499
3542,593
3542,760
3542,1058
3542,1418
3542,1682
3542,1993
3542,2059
3542,2143
3542,2198
3542,2205
3542,2239
3542,2913
3542,3270
3542,3433
3542,3469
3542,3559
3542,3578
3542,3761
3542,4198
3542,4376
3542,4573
3542,4670
3542,4805
3542,4889
3542,5091
3542,5132
3542,5234
3542,5251
3542,5286
3542,5378
3542,5404
3542,5881
3542,5993
3542,6064
3542,6409
3542,6466
3542,6678
3542,6702
3542,7003
3542,7330
3543,57
3543,275
3543,570
3543,749
3543,787
3543,806
3543,828
3543,1583
3543,1696
3543,1743
3543,1759
3543,1849
3543,1969
3543,2090
3543,2103
3543,2134
3543,2260
3543,2326
3543,2622
3543,3597
3543,3640
3543,3649
3543,3663
3543,4070
3543,4467
3543,4739
3543,4960
3543,5110
3543,5448
3543,5602
3543,5662
3543,5848
3543,6046
3543,6250
3543,6357
3543,6793
3543,6965
3543,7073
3544,1686
3544,6387
3545,34
3545,116
3545,196
3545,489
3545,552
3545,835
3545,1667
3545,1790
3545,1796
3545,1899
3545,1915
3545,1929
3545,1979
3545,2198
3545,2233
3545,2440
3545,2559
3545,2627
3545,3115
3545,3203
3545,3295
3545,3331
3545,3433
3545,3578
3545,4216
3545,4273
3545,4338
3545,4376
3545,4409
3545,4592
3545,4670
3545,4693
3545,4805
3545,4863
3545,5068
3545,5158
3545,5234
3545,5304
3545,5332
3545,5734
3545,6098
3545,6702
3545,6945
3545,7116
3545,7215
3545,7277
3545,7467
3545,7553
3546,358
3546,2033
3546,2198
3546,2913
3546,3049
3546,4164
3546,4384
3546,4805
3546,5132
3546,6618
3546,6702
3546,7096
3546,7266
3546,7464
3547,261
3547,304
3547,377
3547,484
3547,593
3547,633
3547,868
3547,2115
3547,2198
3547,2239
3547,2340
3547,2571
3547,3185
3547,4578
3547,4630
3547,4816
3547,5054
3547,5132
3547,5234
3547,5679
3547,5734
3547,6551
3547,6702
3547,6787
3547,7067
3547,7150
3547,7280
3548,760
3548,1129
3548,1383
3548,2032
3548,2375
3548,3469
3548,3947
3548,5155
3548,5234
3548,5667
3548,5820
3548,6064
3548,6219
3548,6492
3548,6880
3548,7560
3549,155
3549,1322
3549,4084
3549,6126
3549,6592
3550,2239
3550,3277
3550,5273
3550,5734
3550,6012
3551,1744
3551,1796
3551,1899
3551,1993
3551,2198
3551,3623
3551,4895
3551,4954
3551,5234
3551,6702
3551,7021
3552,1929
3552,2509
3552,4194
3553,316
3553,463
3553,516
3553,661
3553,749
3553,1038
3553,1221
3553,1630
3553,1751
3553,1759
3553,1766
3553,1864
3553,1983
3553,2037
3553,2114
3553,2281
3553,2387
3553,2474
3553,2557
3553,3167
3553,3528
3553,4666
3553,4819
3553,5306
3553,5588
3553,6046
3553,6104
3553,6679
3553,6956
3553,7255
3553,7566
3554,100
3554,960
3554,1181
3554,1541
3554,1597
3554,2374
3554,3509
3554,3676
3554,3783
3554,4378
3554,4400
3554,4551
3554,4577
3554,4685
3554,4687
3554,4817
3554,5484
3554,6009
3554,6114
3554,6258
3554,6627
3554,6651
3554,6766
3555,128
3555,252
3555,564
3555,908
3555,1358
3555,1435
3555,1550
3555,1888
3555,2044
3555,2094
3555,2263
3555,2944
3555,3365
3555,3478
3555,3484
3555,4024
3555,4277
3555,4430
3555,4594
3555,4769
3555,4882
3555,5118
3555,5192
3555,5486
3555,5625
3555,7094
3555,7235
3556,354
3556,452
3556,495
3556,799
3556,929
3556,1201
3556,1407
3556,1576
3556,2278
3556,2580
3556,2858
3556,3402
3556,3578
3556,3943
3556,4119
3556,4222
3556,4738
3556,6158
3556,6292
3556,6415
3556,6697
3556,6926
3556,7467
3557,86
3557,393
3557,544
3557,585
3557,707
3557,769
3557,784
3557,980
3557,1239
3557,1275
3557,1285
3557,1359
3557,1657
3557,1669
3557,1700
3557,2000
3557,2068
3557,2210
3557,2228
3557,2241
3557,2612
3557,2956
3557,3313
3557,3329
3557,3368
3557,3573
3557,3631
3557,3650
3557,3664
3557,3831
3557,3847
3557,3911
3557,4027
3557,4178
3557,4314
3557,4320
3557,4362
3557,4381
3557,4482
3557,4549
3557,4555
3557,4725
3557,4908
3557,5014
3557,5039
3557,5301
3557,5392
3557,5604
3557,5630
3557,5813
3557,5839
3557,5971
3557,6179
3557,6198
3557,6298
3557,6314
3557,6328
3557,6358
3557,6434
3557,6544
3557,6575
3557,6719
3557,6867
3557,6868
3557,6946
3557,6967
3557,7039
3557,7191
3557,7375
3557,7376
3557,7441
3557,7548
3557,7576
3557,7579
3558,174
3558,316
3558,517
3558,537
3558,1630
3558,1685
3558,1867
3558,2260
3558,2281
3558,2324
3558,2768
3558,4300
3558,4539
3558,4666
3558,4728
3558,4758
3558,5245
3558,5588
3558,5668
3558,6091
3558,6465
3558,6603
3558,6679
3558,7043
3558,7118
3558,7566
3558,7630
3559,15
3559,71
3559,212
3559,283
3559,341
3559,352
3559,382
3559,522
3559,526
3559,584
3559,600
3559,629
3559,655
3559,683
3559,696
3559,724
3559,777
3559,785
3559,808
3559,867
3559,903
3559,921
3559,986
3559,1013
3559,1070
3559,1090
3559,1102
3559,1196
3559,1287
3559,1291
3559,1479
3559,1518
3559,1521
3559,1549
3559,1607
3559,1624
3559,1716
3559,1733
3559,1810
3559,1873
3559,1922
3559,1978
3559,2007
3559,2047
3559,2059
3559,2172
3559,2186
3559,2205
3559,2215
3559,2273
3559,2299
3559,2325
3559,2371
3559,2376
3559,2488
3559,2525
3559,2529
3559,2536
3559,2579
3559,2620
3559,2632
3559,2655
3559,2673
3559,2703
3559,2903
3559,3039
3559,3040
3559,3062
3559,3078
3559,3083
3559,3125
3559,3134
3559,3190
3559,3209
3559,3241
3559,3270
3559,3296
3559,3503
3559,3506
3559,3520
3559,3539
3559,3542
3559,3574
3559,3641
3559,3702
3559,3725
3559,3751
3559,3762
3559,3781
3559,3898
3559,3920
3559,3926
3559,4062
3559,4067
3559,4097
3559,4153
3559,4177
3559,4262
3559,4301
3559,4313
3559,4384
3559,4490
3559,4584
3559,4696
3559,4811
3559,4889
3559,4892
3559,4917
3559,4982
3559,4987
3559,5111
3559,5120
3559,5132
3559,5174
3559,5204
3559,5218
3559,5334
3559,5513
3559,5626
3559,5650
3559,5704
3559,5722
3559,5739
3559,5798
3559,5851
3559,5869
3559,5917
3559,5926
3559,6026
3559,6027
3559,6029
3559,6036
3559,6059
3559,6086
3559,6296
3559,6348
3559,6369
3559,6395
3559,6412
3559,6427
3559,6466
3559,6547
3559,6610
3559,6660
3559,6677
3559,6699
3559,6713
3559,6895
3559,6909
3559,6911
3559,6920
3559,6971
3559,7006
3559,7077
3559,7093
3559,7102
3559,7131
3559,7197
3559,7239
3559,7322
3559,7512
3559,7569
3559,7580
3560,871
3560,3458
3560,5300
3560,5773
3561,114
3561,143
3561,411
3561,456
3561,590
3561,881
3561,1776
3561,1872
3561,1975
3561,2586
3561,2743
3561,2820
3561,3216
3561,3277
3561,3532
3561,3664
3561,3834
3561,3983
3561,4154
3561,4373
3561,4522
3561,4565
3561,4822
3561,5376
3561,6069
3561,6210
3561,6403
3561,6588
3561,6604
3561,6775
3561,7020
3561,7032
3561,7290
3561,7330
3561,7510
3561,7524
3561,7592
3562,888
3562,1861
3562,2475
3562,3164
3562,3471
3562,4035
3562,4131
3562,4631
3562,4702
3562,4795
3562,5236
3562,5393
3562,5727
3562,5755
3562,6081
3562,6390
3562,6764
3562,7457
3562,7626
3563,22
3563,284
3563,554
3563,557
3563,682
3563,995
3563,1079
3563,1488
3563,1914
3563,2311
3563,2443
3563,2756
3563,2757
3563,3064
3563,3376
3563,3391
3563,3460
3563,3516
3563,3741
3563,3924
3563,4143
3563,4280
3563,4414
3563,4673
3563,5266
3563,5774
3563,6385
3563,6601
3563,6653
3563,7236
3563,7504
3563,7565
3564,379
3564,932
3564,1533
3564,2507
3564,3755
3564,3879
3564,4399
3564,4544
3564,5235
3564,6138
3565,189
3565,275
3565,328
3565,749
3565,787
3565,806
3565,828
3565,1391
3565,1583
3565,1696
3565,1759
3565,1849
3565,1969
3565,2090
3565,2103
3565,2260
3565,3597
3565,3663
3565,4056
3565,4412
3565,4666
3565,4739
3565,4938
3565,5409
3565,5448
3565,5512
3565,5602
3565,5848
3565,6046
3565,6164
3565,6212
3565,6765
3565,6772
3565,6793
3566,223
3566,638
3566,648
3566,747
3566,752
3566,1252
3566,1261
3566,1335
3566,1436
3566,1655
3566,1731
3566,1853
3566,1954
3566,2049
3566,2081
3566,2213
3566,2431
3566,2574
3566,2793
3566,2897
3566,2997
3566,3240
3566,3351
3566,3635
3566,4255
3566,4268
3566,4282
3566,4378
3566,4386
3566,4605
3566,4692
3566,4767
3566,5175
3566,5254
3566,5506
3566,5550
3566,5571
3566,6123
3566,6165
3566,6258
3566,6558
3566,6590
3566,6651
3566,6721
3566,6954
3566,7376
3566,7550
3567,990
3567,1321
3567,1325
3567,1442
3567,1520
3567,1660
3567,1821
3567,2368
3567,2490
3567,2563
3567,2624
3567,2907
3567,3052
3567,3433
3567,3612
3567,3732
3567,4227
3567,4602
3567,4692
3567,5386
3567,5435
3567,5652
3567,5781
3567,5889
3567,5893
3567,5924
3567,6110
3567,6172
3567,6189
3567,6280
3567,6470
3567,6675
3567,6864
3567,6960
3567,7262
3567,7518
3567,7546
3568,44
3568,195
3568,929
3568,1033
3568,1553
3568,1576
3568,1844
3568,2020
3568,2188
3568,2858
3568,3321
3568,3541
3568,3857
3568,4389
3568,4468
3568,5149
3568,5809
3568,6415
3568,6697
3568,7499
3568,7571
3569,204
3569,737
3569,815
3569,932
3569,1146
3569,1244
3569,1326
3569,1363
3569,1400
3569,1422
3569,1737
3569,2079
3569,2456
3569,2949
3569,3280
3569,3361
3569,3431
3569,3879
3569,4237
3569,4399
3569,4414
3569,4512
3569,4530
3569,4599
3569,4647
3569,4861
3569,5027
3569,5480
3569,6347
3569,7208
3569,7264
3569,7285
3569,7388
3569,7460
3570,38
3570,453
3570,569
3570,779
3570,1309
3570,1459
3570,1558
3570,1706
3570,2189
3570,2552
3570,3023
3570,3032
3570,3598
3570,5491
3570,5662
3570,6275
3570,6602
3570,7368
3570,7646
3571,46
3571,193
3571,1035
3571,1450
3571,1565
3571,2053
3571,2379
3571,2976
3571,3107
3571,3156
3571,3175
3571,3227
3571,3352
3571,3409
3571,3975
3571,4235
3571,4242
3571,4961
3571,4963
3571,5548
3571,5560
3571,5642
3571,5684
3571,6109
3571,6169
3571,6205
3571,6514
3571,6583
3571,6682
3571,6768
3571,6819
3571,7041
3571,7292
3571,7575
3571,7620
3571,7622
3572,932
3572,1237
3572,2538
3572,3412
3572,4237
3572,4399
3572,5124
3572,5279
3572,5439
3572,6374
3572,6899
3572,7275
3572,7405
3572,7544
3573,86
3573,585
3573,1239
3573,1372
3573,1669
3573,2068
3573,2303
3573,2612
3573,3313
3573,3329
3573,3557
3573,3631
3573,3911
3573,4178
3573,4482
3573,4555
3573,4725
3573,4908
3573,5417
3573,5604
3573,5630
3573,5907
3573,6179
3573,6198
3573,6589
3573,6719
3573,6946
3573,6967
3573,7039
3573,7191
3573,7375
3573,7548
3573,7579
3574,212
3574,283
3574,382
3574,502
3574,1129
3574,1189
3574,1432
3574,1607
3574,1624
3574,1650
3574,1910
3574,2215
3574,2579
3574,2673
3574,2703
3574,3469
3574,3559
3574,3702
3574,4952
3574,5132
3574,5571
3574,5798
3574,5926
3574,6427
3574,6440
3574,6618
3574,6920
3574,7131
3574,7599
3575,136
3575,972
3575,1221
3575,1504
3575,1630
3575,1751
3575,1863
3575,2037
3575,2281
3575,2357
3575,2389
3575,2557
3575,3167
3575,3217
3575,3528
3575,3820
3575,3874
3575,4300
3575,4539
3575,4666
3575,4728
3575,4758
3575,5329
3575,5451
3575,5588
3575,5668
3575,5692
3575,6679
3575,6913
3575,7566
3575,7630
3576,1561
3576,2239
3577,28
3577,40
3577,456
3577,536
3577,920
3577,1111
3577,1280
3577,1347
3577,1429
3577,1457
3577,1610
3577,1714
3577,1905
3577,1930
3577,2163
3577,2244
3577,2795
3577,2871
3577,3054
3577,3179
3577,3271
3577,4033
3577,4294
3577,5209
3577,5343
3577,5364
3577,5496
3577,6237
3577,6572
3577,6600
3577,6726
3577,6807
3577,6852
3577,7365
3577,7526
3577,7550
3578,0
3578,28
3578,62
3578,91
3578,109
3578,111
3578,113
3578,127
3578,137
3578,143
3578,254
3578,264
3578,276
3578,287
3578,299
3578,308
3578,313
3578,336
3578,358
3578,389
3578,413
3578,432
3578,434
3578,446
3578,456
3578,461
3578,489
3578,495
3578,501
3578,522
3578,532
3578,539
3578,558
3578,597
3578,659
3578,673
3578,675
3578,723
3578,764
3578,766
3578,774
3578,776
3578,835
3578,847
3578,858
3578,905
3578,920
3578,952
3578,954
3578,1069
3578,1094
3578,1120
3578,1130
3578,1153
3578,1183
3578,1184
3578,1185
3578,1195
3578,1241
3578,1250
3578,1280
3578,1302
3578,1337
3578,1339
3578,1343
3578,1414
3578,1418
3578,1426
3578,1429
3578,1474
3578,1481
3578,1484
3578,1494
3578,1496
3578,1514
3578,1517
3578,1546
3578,1551
3578,1566
3578,1575
3578,1619
3578,1623
3578,1667
3578,1671
3578,1673
3578,1682
3578,1695
3578,1753
3578,1794
3578,1795
3578,1802
3578,1817
3578,1875
3578,1899
3578,1915
3578,1929
3578,1948
3578,1962
3578,1966
3578,1979
3578,1999
3578,2005
3578,2010
3578,2030
3578,2032
3578,2066
3578,2089
3578,2125
3578,2195
3578,2198
3578,2202
3578,2220
3578,2233
3578,2239
3578,2244
3578,2247
3578,2258
3578,2262
3578,2267
3578,2287
3578,2310
3578,2317
3578,2345
3578,2354
3578,2358
3578,2368
3578,2372
3578,2380
3578,2381
3578,2384
3578,2400
3578,2416
3578,2418
3578,2425
3578,2427
3578,2490
3578,2494
3578,2509
3578,2518
3578,2559
3578,2563
3578,2565
3578,2576
3578,2586
3578,2587
3578,2595
3578,2626
3578,2627
3578,2637
3578,2649
3578,2664
3578,2706
3578,2738
3578,2773
3578,2781
3578,2795
3578,2857
3578,2889
3578,2913
3578,2977
3578,2985
3578,3049
3578,3050
3578,3052
3578,3103
3578,3106
3578,3138
3578,3152
3578,3155
3578,3158
3578,3203
3578,3218
3578,3223
3578,3249
3578,3271
3578,3277
3578,3278
3578,3295
3578,3331
3578,3334
3578,3342
3578,3373
3578,3381
3578,3419
3578,3433
3578,3466
3578,3473
3578,3492
3578,3509
3578,3527
3578,3542
3578,3545
3578,3556
3578,3612
3578,3665
3578,3683
3578,3692
3578,3695
3578,3697
3578,3704
3578,3715
3578,3723
3578,3743
3578,3753
3578,3817
3578,3856
3578,3859
3578,3866
3578,3886
3578,3887
3578,3888
3578,3890
3578,3922
3578,3925
3578,3927
3578,3983
3578,3994
3578,4021
3578,4028
3578,4037
3578,4042
3578,4054
3578,4062
3578,4109
3578,4160
3578,4185
3578,4194
3578,4204
3578,4207
3578,4218
3578,4230
3578,4243
3578,4278
3578,4324
3578,4344
3578,4349
3578,4358
3578,4365
3578,4371
3578,4373
3578,4408
3578,4438
3578,4508
3578,4522
3578,4565
3578,4569
3578,4573
3578,4579
3578,4580
3578,4586
3578,4670
3578,4672
3578,4685
3578,4693
3578,4790
3578,4805
3578,4820
3578,4835
3578,4851
3578,4863
3578,4870
3578,4985
3578,5007
3578,5022
3578,5041
3578,5052
3578,5097
3578,5141
3578,5144
3578,5148
3578,5150
3578,5155
3578,5201
3578,5203
3578,5213
3578,5214
3578,5234
3578,5273
3578,5304
3578,5307
3578,5376
3578,5378
3578,5386
3578,5455
3578,5484
3578,5485
3578,5487
3578,5504
3578,5505
3578,5549
3578,5589
3578,5620
3578,5634
3578,5635
3578,5664
3578,5667
3578,5676
3578,5708
3578,5729
3578,5734
3578,5749
3578,5758
3578,5772
3578,5788
3578,5795
3578,5853
3578,5865
3578,5878
3578,5880
3578,5889
3578,5893
3578,5895
3578,5898
3578,5924
3578,5941
3578,5943
3578,5948
3578,5949
3578,5957
3578,5981
3578,5998
3578,6012
3578,6028
3578,6041
3578,6066
3578,6077
3578,6098
3578,6128
3578,6140
3578,6166
3578,6189
3578,6211
3578,6235
3578,6246
3578,6272
3578,6305
3578,6308
3578,6309
3578,6331
3578,6381
3578,6382
3578,6403
3578,6409
3578,6448
3578,6526
3578,6531
3578,6538
3578,6604
3578,6638
3578,6654
3578,6747
3578,6770
3578,6815
3578,6852
3578,6880
3578,6887
3578,6904
3578,6929
3578,6930
3578,6945
3578,6960
3578,6976
3578,6980
3578,7005
3578,7018
3578,7020
3578,7022
3578,7042
3578,7054
3578,7096
3578,7106
3578,7125
3578,7142
3578,7151
3578,7154
3578,7164
3578,7171
3578,7215
3578,7225
3578,7226
3578,7266
3578,7277
3578,7310
3578,7335
3578,7349
3578,7373
3578,7397
3578,7406
3578,7440
3578,7466
3578,7467
3578,7478
3578,7480
3578,7481
3578,7518
3578,7526
3578,7573
3578,7585
3578,7587
3578,7603
3578,7632
3579,2969
3579,3856
3579,4033
3579,5500
3580,5967
3580,7219
3581,495
3581,760
3581,1518
3581,2198
3581,2239
3581,2650
3581,3049
3581,3469
3581,4198
3581,4715
3581,4805
3581,5234
3581,6219
3581,7560
3582,593
3582,1350
3582,1796
3582,2396
3582,2553
3582,2832
3582,3051
3582,3152
3582,4350
3582,4895
3582,5404
3582,5799
3582,5881
3582,5979
3582,6669
3582,6678
3582,6702
3582,6921
3582,7395
3582,7464
3583,10
3583,605
3583,641
3583,1041
3583,1264
3583,1616
3583,1736
3583,1881
3583,1980
3583,2337
3583,2435
3583,2623
3583,2777
3583,3415
3583,3678
3583,3717
3583,3749
3583,3992
3583,4509
3583,4723
3583,5110
3583,5341
3583,5509
3583,5868
3583,5929
3583,6357
3583,6628
3583,7308
3583,7348
3583,7437
3583,7458
3583,7513
3584,481
3584,561
3584,855
3584,1223
3584,1622
3584,2499
3584,3452
3584,3733
3584,3904
3584,4244
3584,4411
3584,4663
3584,4886
3584,5038
3584,5928
3584,6222
3584,6488
3584,6609
3584,6625
3584,7033
3584,7383
3584,7489
3584,7598
3585,28
3585,40
3585,94
3585,143
3585,456
3585,601
3585,881
3585,920
3585,1185
3585,1280
3585,1417
3585,1429
3585,1929
3585,1948
3585,1962
3585,2084
3585,2244
3585,2415
3585,2581
3585,2586
3585,2626
3585,2738
3585,2795
3585,2801
3585,2835
3585,3224
3585,3271
3585,3277
3585,3339
3585,3419
3585,3856
3585,4033
3585,4297
3585,4940
3585,5022
3585,5504
3585,5993
3585,6015
3585,6389
3585,6403
3585,6807
3585,7032
3585,7330
3586,589
3586,662
3586,734
3586,894
3586,978
3586,1010
3586,1869
3586,1963
3586,2379
3586,2492
3586,2539
3586,2702
3586,2840
3586,3107
3586,3792
3586,3829
3586,4000
3586,4051
3586,4068
3586,4193
3586,4323
3586,4804
3586,5119
3586,5185
3586,5310
3586,5337
3586,5563
3586,5802
3586,6225
3586,6612
3586,7064
3586,7485
3586,7613
3587,526
3587,967
3587,1518
3587,2170
3587,2198
3587,2461
3587,4067
3587,4116
3587,4206
3587,4304
3587,4541
3587,4805
3587,6569
3587,6769
3587,6909
3587,7250
3588,755
3588,2098
3588,2250
3588,2780
3588,3065
3588,6997
3589,1239
3589,1359
3589,2000
3589,3329
3589,5839
3589,6719
3589,7441
3590,701
3590,2083
3590,6739
3591,40
3591,73
3591,149
3591,456
3591,616
3591,843
3591,930
3591,1185
3591,1347
3591,1510
3591,1586
3591,1603
3591,1757
3591,2113
3591,2586
3591,2663
3591,2738
3591,2801
3591,2831
3591,3298
3591,3302
3591,3339
3591,3359
3591,3394
3591,3698
3591,3832
3591,4422
3591,5772
3591,5984
3591,6403
3591,6490
3591,6511
3591,7374
3591,7550
3592,2
3592,2152
3593,92
3593,321
3593,431
3593,593
3593,766
3593,1011
3593,1050
3593,1284
3593,1293
3593,1406
3593,1453
3593,1472
3593,1798
3593,1999
3593,2013
3593,2039
3593,2143
3593,2198
3593,2239
3593,2620
3593,2911
3593,3183
3593,3408
3593,3693
3593,3895
3593,4037
3593,4253
3593,4376
3593,4384
3593,4864
3593,4952
3593,5015
3593,5082
3593,5132
3593,5201
3593,5278
3593,5296
3593,5404
3593,5839
3593,5931
3593,6313
3593,6551
3593,6702
3593,6760
3593,7003
3593,7085
3593,7296
3593,7395
3593,7401
3593,7535
3593,7607
3594,258
3594,449
3594,568
3594,1105
3594,1286
3594,1467
3594,2198
3594,2239
3594,2614
3594,2979
3594,3364
3594,3710
3594,3768
3594,3844
3594,3912
3594,4243
3594,4267
3594,4706
3594,5199
3594,5372
3594,5404
3594,5707
3594,6582
3594,6631
3594,6787
3594,6850
3594,6887
3594,6890
3595,829
3595,864
3595,1188
3595,2355
3595,2898
3595,3793
3595,3855
3595,5771
3595,6058
3595,6856
3596,797
3596,3238
3596,3465
3596,4856
3597,189
3597,275
3597,316
3597,328
3597,463
3597,570
3597,787
3597,801
3597,806
3597,828
3597,1038
3597,1391
3597,1583
3597,1685
3597,1696
3597,1759
3597,1766
3597,1849
3597,1864
3597,1947
3597,1969
3597,1972
3597,2090
3597,2114
3597,2132
3597,2134
3597,2147
3597,2189
3597,2260
3597,2326
3597,2474
3597,2622
3597,2635
3597,2768
3597,3272
3597,3305
3597,3324
3597,3392
3597,3543
3597,3565
3597,3649
3597,3663
3597,3714
3597,3722
3597,3874
3597,4142
3597,4342
3597,4467
3597,4548
3597,4554
3597,4614
3597,4739
3597,4759
3597,5448
3597,5602
3597,5662
3597,5828
3597,5978
3597,6046
3597,6164
3597,6212
3597,6257
3597,6534
3597,6666
3597,6771
3597,6772
3597,6793
3597,6842
3597,7043
3597,7061
3597,7118
3597,7144
3597,7272
3597,7470
3597,7555
3598,38
3598,453
3598,779
3598,1459
3598,1706
3598,2189
3598,2552
3598,3570
3598,5662
3598,6275
3598,7368
3599,190
3599,1950
3599,2515
3599,3740
3599,4121
3599,4172
3599,5763
3599,6283
3599,6905
3599,6908
3599,7078
3600,363
3600,750
3600,862
3600,1045
3600,1158
3600,1345
3600,1633
3600,1961
3600,2304
3600,2561
3600,2844
3600,3369
3600,3386
3600,3802
3600,3928
3600,4187
3600,5156
3600,5191
3600,5268
3600,5483
3600,5657
3600,5866
3600,6341
3600,6545
3600,6586
3600,6593
3600,7038
3601,122
3601,409
3601,959
3601,1055
3601,1823
3601,1920
3601,2109
3601,2168
3601,2350
3601,2409
3601,2720
3601,2837
3601,3231
3601,3366
3601,3747
3601,3801
3601,4379
3601,4896
3601,4980
3601,5421
3601,5829
3601,6111
3601,6231
3601,6550
3601,6635
3601,6718
3601,6791
3601,6948
3601,7126
3601,7243
3602,85
3602,103
3602,226
3602,762
3602,1268
3602,1278
3602,1427
3602,1444
3602,1478
3602,1658
3602,1778
3602,1961
3602,2179
3602,2194
3602,2290
3602,2520
3602,3025
3602,3171
3602,3183
3602,3394
3602,3488
3602,3532
3602,3698
3602,3712
3602,4017
3602,4080
3602,4083
3602,4174
3602,4384
3602,4697
3602,4803
3602,4865
3602,4952
3602,5222
3602,5931
3602,6039
3602,6297
3602,6618
3602,6660
3602,6738
3602,7550
3602,7599
3602,7633
3603,199
3603,681
3603,1015
3603,1440
3603,1565
3603,2035
3603,2053
3603,2100
3603,2785
3603,2976
3603,3094
3603,3156
3603,3175
3603,3292
3603,3735
3603,3955
3603,4104
3603,4242
3603,4258
3603,4429
3603,4856
3603,5086
3603,5548
3603,5582
3603,5720
3603,6049
3603,6050
3603,6205
3603,6768
3603,6819
3603,7178
3603,7575
3603,7620
3604,4180
3605,485
3605,750
3605,751
3605,931
3605,1045
3605,1280
3605,1353
3605,1408
3605,1429
3605,1633
3605,1654
3605,1905
3605,1930
3605,1961
3605,1981
3605,2561
3605,2746
3605,3035
3605,3787
3605,3856
3605,3928
3605,4152
3605,4909
3605,4959
3605,5191
3605,5360
3605,5696
3605,6237
3605,6450
3605,6572
3605,6807
3606,475
3606,1058
3606,2120
3606,2571
3606,3929
3606,3999
3606,5132
3606,5404
3606,6618
3606,6693
3607,62
3607,127
3607,185
3607,226
3607,432
3607,450
3607,476
3607,583
3607,601
3607,721
3607,766
3607,771
3607,881
3607,1013
3607,1014
3607,1030
3607,1069
3607,1070
3607,1091
3607,1094
3607,1377
3607,1427
3607,1430
3607,1479
3607,1483
3607,1486
3607,1499
3607,1608
3607,1682
3607,1794
3607,1802
3607,1910
3607,1990
3607,2028
3607,2043
3607,2055
3607,2108
3607,2118
3607,2143
3607,2299
3607,2320
3607,2405
3607,2450
3607,2522
3607,2577
3607,2763
3607,2809
3607,2855
3607,2908
3607,2955
3607,2977
3607,2993
3607,2999
3607,3015
3607,3190
3607,3223
3607,3330
3607,3421
3607,3503
3607,3671
3607,3672
3607,3691
3607,3695
3607,3781
3607,3866
3607,3871
3607,3895
3607,3925
3607,3959
3607,3990
3607,4037
3607,4046
3607,4054
3607,4062
3607,4223
3607,4253
3607,4269
3607,4285
3607,4343
3607,4358
3607,4427
3607,4490
3607,4562
3607,4692
3607,4764
3607,4890
3607,4987
3607,5010
3607,5080
3607,5098
3607,5111
3607,5171
3607,5292
3607,5350
3607,5464
3607,5541
3607,5676
3607,5749
3607,5842
3607,5893
3607,5941
3607,5987
3607,5998
3607,6017
3607,6063
3607,6086
3607,6098
3607,6118
3607,6308
3607,6395
3607,6522
3607,6578
3607,6581
3607,6660
3607,7067
3607,7171
3607,7222
3607,7269
3607,7452
3607,7478
3607,7480
3607,7580
3607,7603
3607,7623
3608,26
3608,266
3608,538
3608,593
3608,1575
3608,2106
3608,2339
3608,2940
3608,3428
3608,3459
3608,3877
3608,4713
3608,4952
3608,5097
3608,5222
3608,5689
3608,5931
3608,6487
3608,6646
3608,7114
3608,7464
3608,7535
3608,7568
3608,7628
3609,1398
3609,1547
3609,1610
3609,2178
3609,2429
3609,2459
3609,2501
3609,3200
3609,3639
3609,3679
3609,4018
3609,4374
3609,4652
3609,4929
3609,4996
3609,6862
3609,7199
3610,1411
3610,2054
3610,2180
3610,5599
3611,565
3611,799
3611,1208
3611,2278
3611,2580
3611,3402
3611,3765
3611,4036
3611,4481
3611,6158
3611,6498
3611,7564
3612,495
3612,835
3612,1058
3612,1163
3612,1371
3612,1442
3612,1520
3612,1660
3612,1821
3612,1915
3612,1979
3612,2005
3612,2032
3612,2066
3612,2368
3612,2559
3612,2907
3612,3049
3612,3249
3612,3331
3612,3433
3612,3567
3612,3578
3612,3817
3612,4693
3612,4805
3612,4863
3612,4967
3612,5213
3612,5234
3612,5435
3612,5634
3612,5761
3612,5781
3612,5880
3612,5889
3612,6110
3612,6172
3612,6189
3612,6280
3612,6403
3612,6470
3612,6675
3612,6864
3612,6960
3612,7113
3612,7262
3612,7467
3612,7518
3613,75
3613,705
3613,1453
3613,1798
3613,2299
3613,3330
3613,3503
3613,3532
3613,3772
3613,3895
3613,4054
3613,4384
3613,4490
3613,4952
3613,5218
3613,5709
3613,6063
3613,6086
3613,7102
3613,7269
3613,7330
3613,7521
3614,355
3614,2168
3614,2413
3614,4005
3615,1720
3615,4260
3615,5047
3615,5232
3615,5337
3615,5802
3615,6599
3615,7427
3616,69
3616,85
3616,942
3616,1058
3616,1254
3616,1414
3616,1415
3616,1453
3616,1663
3616,1798
3616,2198
3616,2215
3616,2239
3616,2370
3616,2958
3616,3149
3616,3177
3616,3330
3616,3538
3616,3718
3616,3748
3616,4074
3616,4164
3616,4376
3616,4384
3616,4680
3616,4694
3616,4787
3616,4806
3616,5194
3616,5296
3616,5404
3616,5415
3616,5707
3616,5816
3616,5881
3616,6551
3616,6707
3616,6961
3616,7210
3616,7401
3616,7464
3616,7535
3617,1744
3617,2239
3617,4805
3617,6118
3617,6211
3617,7029
3617,7054
3617,7481
3618,3469
3618,3784
3618,4198
3618,4576
3618,4715
3618,5234
3618,6064
3618,6328
3618,7087
3619,273
3619,557
3619,1656
3619,2443
3619,3064
3619,3924
3619,4143
3619,4280
3619,4673
3619,4802
3619,5686
3619,6653
3620,258
3620,593
3620,1513
3620,1738
3620,2198
3620,2913
3620,3105
3620,3185
3620,5797
3620,6551
3620,7280
3620,7353
3621,383
3621,592
3621,1082
3621,1194
3621,1280
3621,1591
3621,2685
3621,2778
3621,3247
3621,3657
3621,4082
3621,4217
3621,4912
3621,5133
3621,5293
3621,5932
3621,6759
3621,6790
3621,7119
3621,7283
3621,7464
3621,7526
3621,7601
3622,67
3622,93
3622,195
3622,200
3622,872
3622,1009
3622,1107
3622,1161
3622,1500
3622,1964
3622,2074
3622,2136
3622,2315
3622,2316
3622,2606
3622,2803
3622,2875
3622,3186
3622,3354
3622,3396
3622,3534
3622,3746
3622,3993
3622,4025
3622,4051
3622,4328
3622,4336
3622,4346
3622,4698
3622,5026
3622,5358
3622,5466
3622,5583
3622,5644
3622,5723
3622,6299
3622,6504
3622,6773
3622,6817
3622,6821
3622,7286
3623,24
3623,28
3623,89
3623,169
3623,183
3623,309
3623,320
3623,366
3623,400
3623,446
3623,456
3623,469
3623,540
3623,552
3623,593
3623,622
3623,710
3623,774
3623,835
3623,849
3623,868
3623,906
3623,924
3623,1018
3623,1097
3623,1100
3623,1102
3623,1152
3623,1167
3623,1236
3623,1271
3623,1280
3623,1429
3623,1513
3623,1517
3623,1569
3623,1620
3623,1659
3623,1663
3623,1705
3623,1723
3623,1738
3623,1744
3623,1763
3623,1792
3623,1796
3623,1798
3623,1838
3623,1899
3623,1929
3623,1993
3623,1997
3623,2102
3623,2123
3623,2198
3623,2206
3623,2239
3623,2336
3623,2432
3623,2541
3623,2553
3623,2615
3623,2637
3623,2782
3623,3008
3623,3020
3623,3049
3623,3051
3623,3105
3623,3380
3623,3419
3623,3502
3623,3551
3623,3648
3623,3715
3623,3799
3623,3856
3623,3876
3623,3951
3623,3987
3623,4074
3623,4127
3623,4156
3623,4161
3623,4347
3623,4352
3623,4376
3623,4380
3623,4388
3623,4392
3623,4510
3623,4531
3623,4578
3623,4641
3623,4662
3623,4669
3623,4679
3623,4688
3623,4754
3623,4805
3623,4816
3623,4895
3623,4954
3623,5006
3623,5013
3623,5042
3623,5048
3623,5054
3623,5070
3623,5136
3623,5141
3623,5148
3623,5208
3623,5209
3623,5234
3623,5255
3623,5311
3623,5348
3623,5359
3623,5372
3623,5404
3623,5415
3623,5441
3623,5493
3623,5584
3623,5669
3623,5708
3623,5799
3623,5833
3623,5878
3623,5903
3623,5979
3623,5982
3623,6152
3623,6180
3623,6183
3623,6215
3623,6315
3623,6335
3623,6342
3623,6354
3623,6361
3623,6398
3623,6414
3623,6597
3623,6634
3623,6669
3623,6673
3623,6692
3623,6702
3623,6723
3623,6731
3623,6800
3623,6807
3623,6847
3623,6907
3623,6968
3623,7003
3623,7010
3623,7021
3623,7139
3623,7170
3623,7181
3623,7266
3623,7280
3623,7311
3623,7337
3623,7353
3623,7440
3623,7464
3623,7477
3623,7511
3623,7572
3623,7573
3623,7610
3623,7617
3624,941
3624,3227
3624,3735
3624,3953
3624,4646
3624,6169
3624,7575
3625,100
3625,329
3625,1394
3625,1611
3625,2213
3625,2274
3625,2368
3625,2418
3625,2543
3625,2884
3625,3005
3625,4084
3625,4378
3625,4454
3625,4462
3625,4687
3625,4902
3625,5144
3625,5213
3625,5924
3625,6108
3625,6123
3625,6131
3625,6651
3625,7414
3626,3429
3626,6973
3627,369
3627,593
3627,1738
3627,1798
3627,1970
3627,2239
3627,2365
3627,3532
3627,4384
3627,4641
3627,5903
3627,6702
3627,6887
3627,7395
3627,7535
3628,649
3628,2006
3628,2098
3628,2557
3628,2780
3628,2925
3628,3065
3628,4758
3628,4819
3628,6502
3628,6679
3628,6997
3629,277
3629,4646
3629,4810
3630,873
3630,889
3630,1182
3630,1338
3630,2315
3630,2416
3630,2422
3630,3154
3630,3205
3630,3267
3630,4656
3630,4665
3630,5922
3630,6329
3630,6436
3630,6845
3630,7281
3630,7621
3631,331
3631,544
3631,585
3631,846
3631,980
3631,1036
3631,1239
3631,1252
3631,1297
3631,1372
3631,1522
3631,1619
3631,1669
3631,1764
3631,2000
3631,2068
3631,2719
3631,2809
3631,3531
3631,3557
3631,3573
3631,3650
3631,3847
3631,3911
3631,3952
3631,4178
3631,4320
3631,4362
3631,4482
3631,4725
3631,4908
3631,5014
3631,5541
3631,5630
3631,5839
3631,6198
3631,6298
3631,6328
3631,6538
3631,6684
3631,6719
3631,6868
3631,6967
3631,7153
3631,7191
3631,7375
3631,7576
3631,7579
3632,1102
3632,1249
3632,3502
3632,4376
3632,4983
3632,5037
3632,6702
3632,7036
3632,7209
3633,30
3633,195
3633,496
3633,878
3633,941
3633,988
3633,1035
3633,1107
3633,1443
3633,1964
3633,2293
3633,2662
3633,2732
3633,2833
3633,3396
3633,3461
3633,3869
3633,4051
3633,4115
3633,4456
3633,4665
3633,4810
3633,4906
3633,6352
3633,6813
3633,6926
3633,7019
3633,7427
3633,7442
3634,4459
3635,88
3635,395
3635,747
3635,761
3635,1189
3635,1655
3635,1853
3635,2274
3635,2910
3635,3005
3635,3518
3635,3566
3635,4571
3635,4577
3635,4605
3635,5175
3635,5248
3635,5778
3635,6258
3635,6536
3635,6896
3635,7296
3635,7479
3636,1234
3636,1909
3636,2362
3636,6681
3636,7133
3637,4692
3637,5280
3637,5893
3637,5957
3637,6864
3638,872
3638,5026
3639,140
3639,368
3639,979
3639,1200
3639,1398
3639,1451
3639,1547
3639,1605
3639,1848
3639,2167
3639,2178
3639,2351
3639,2429
3639,2459
3639,2501
3639,2851
3639,3192
3639,3200
3639,3609
3639,3679
3639,3694
3639,3696
3639,3863
3639,3971
3639,3986
3639,4018
3639,4134
3639,4374
3639,4597
3639,4652
3639,4815
3639,4929
3639,4996
3639,5670
3639,5900
3639,6167
3639,6326
3639,6529
3639,6809
3639,6820
3639,6862
3639,7002
3639,7089
3639,7199
3639,7358
3639,7439
3640,216
3640,275
3640,324
3640,328
3640,698
3640,749
3640,828
3640,1609
3640,1696
3640,1743
3640,2090
3640,2256
3640,2326
3640,3346
3640,3543
3640,3649
3640,3722
3640,3830
3640,4070
3640,4245
3640,4412
3640,4739
3640,4883
3640,4938
3640,4960
3640,5045
3640,5069
3640,5250
3640,5272
3640,5602
3640,5662
3640,5753
3640,5848
3640,5856
3640,6250
3640,6357
3640,6372
3640,6670
3640,6765
3640,7073
3641,760
3641,1357
3641,1518
3641,3469
3641,3559
3641,4067
3641,4198
3641,4696
3641,5063
3641,5132
3641,5234
3641,6171
3641,6219
3641,6464
3641,6466
3642,53
3642,197
3642,957
3642,1515
3642,2347
3642,2433
3642,2492
3642,2840
3642,3823
3642,3972
3642,5260
3642,5733
3642,5872
3642,6307
3642,7031
3642,7063
3642,7145
3642,7586
3642,7606
3643,40
3643,143
3643,456
3643,551
3643,881
3643,1064
3643,1185
3643,1486
3643,2113
3643,2569
3643,2588
3643,2626
3643,2738
3643,3275
3643,3339
3643,3503
3643,3726
3643,4186
3643,4294
3643,4309
3643,4330
3643,4373
3643,4422
3643,4529
3643,4735
3643,4940
3643,4987
3643,5511
3643,5993
3643,6588
3643,7032
3643,7330
3643,7445
3644,82
3644,2467
3644,3308
3644,3432
3644,4678
3644,4860
3644,6013
3644,6056
3644,6238
3644,6478
3644,6708
3645,1166
3645,1534
3645,2077
3645,2390
3645,2505
3645,2607
3645,2695
3645,3227
3645,3244
3645,3495
3645,3506
3645,3847
3645,3934
3645,4172
3645,4283
3645,4305
3645,4628
3645,4779
3645,4906
3645,4922
3645,4994
3645,5506
3645,5633
3645,6433
3645,6647
3645,7639
3645,7641
3646,260
3646,869
3646,951
3646,1368
3646,1453
3646,1668
3646,1798
3646,1833
3646,2198
3646,2239
3646,2586
3646,2711
3646,3347
3646,3459
3646,3693
3646,3748
3646,4303
3646,4578
3646,4680
3646,4787
3646,4806
3646,4952
3646,5132
3646,5404
3646,5707
3646,5881
3646,5976
3646,6492
3646,6551
3646,6804
3646,7003
3646,7044
3646,7071
3646,7353
3646,7572
3647,90
3647,200
3647,496
3647,1338
3647,1340
3647,1403
3647,1536
3647,1556
3647,1750
3647,1773
3647,2136
3647,2412
3647,2803
3647,3086
3647,3107
3647,3227
3647,3735
3647,3953
3647,4239
3647,4961
3647,5578
3647,5913
3647,6050
3647,6436
3647,6472
3647,6768
3647,6813
3647,7041
3647,7178
3647,7427
3647,7442
3647,7620
3648,169
3648,183
3648,369
3648,431
3648,455
3648,552
3648,593
3648,1018
3648,1058
3648,1415
3648,1447
3648,1513
3648,1569
3648,1663
3648,1723
3648,1727
3648,1744
3648,1792
3648,1796
3648,1797
3648,1874
3648,1899
3648,1993
3648,2198
3648,2262
3648,2432
3648,2553
3648,2637
3648,2906
3648,3001
3648,3051
3648,3081
3648,3138
3648,3623
3648,3683
3648,3703
3648,3704
3648,3720
3648,3721
3648,3748
3648,4023
3648,4071
3648,4074
3648,4538
3648,4570
3648,4578
3648,4590
3648,4638
3648,4641
3648,4669
3648,4805
3648,4934
3648,4941
3648,5132
3648,5139
3648,5241
3648,5348
3648,5404
3648,5488
3648,5543
3648,5669
3648,5734
3648,5780
3648,5853
3648,5881
3648,5937
3648,5979
3648,5982
3648,6082
3648,6152
3648,6183
3648,6315
3648,6361
3648,6381
3648,6414
3648,6669
3648,6673
3648,6678
3648,6692
3648,6702
3648,7003
3648,7010
3648,7103
3648,7215
3648,7337
3648,7352
3648,7353
3648,7477
3648,7511
3648,7577
3648,7607
3649,275
3649,324
3649,349
3649,570
3649,749
3649,828
3649,1609
3649,1696
3649,1736
3649,1743
3649,2090
3649,2103
3649,2256
3649,2326
3649,2860
3649,3021
3649,3543
3649,3597
3649,3640
3649,3663
3649,3830
3649,4412
3649,4739
3649,4883
3649,4938
3649,5448
3649,5602
3649,5662
3649,5753
3649,5848
3649,6212
3649,6250
3649,6670
3649,6765
3649,6842
3649,6965
3649,7073
3649,7284
3649,7437
3650,331
3650,462
3650,707
3650,852
3650,1655
3650,1745
3650,1764
3650,2314
3650,3131
3650,3557
3650,3631
3650,4153
3650,4178
3650,4320
3650,4362
3650,4376
3650,4482
3650,4549
3650,4805
3650,5251
3650,5301
3650,5839
3650,6179
3650,7153
3650,7376
3650,7600
3651,472
3651,1710
3651,2344
3651,4906
3651,7176
3652,825
3652,842
3652,1799
3652,1865
3652,2503
3652,3940
3652,4052
3652,4298
3652,4425
3652,4575
3652,4901
3652,5426
3652,5431
3652,6218
3652,6858
3652,7515
3652,7645
3653,3824
3653,4878
3653,4936
3653,5320
3654,111
3654,461
3654,495
3654,952
3654,985
3654,1990
3654,2425
3654,2629
3654,3405
3654,3739
3654,4185
3654,4376
3654,4562
3654,5667
3654,5758
3654,6422
3654,6572
3655,1625
3655,7442
3656,182
3656,314
3656,708
3656,933
3656,1065
3656,1171
3656,1446
3656,1502
3656,1523
3656,1804
3656,1909
3656,2148
3656,3258
3656,3754
3656,5169
3656,5237
3656,5697
3656,5860
3656,5867
3656,6090
3656,6130
3656,6138
3656,6200
3656,6376
3656,6806
3656,7136
3657,26
3657,419
3657,522
3657,739
3657,899
3657,1024
3657,1082
3657,1236
3657,1591
3657,2095
3657,2117
3657,2173
3657,2294
3657,2778
3657,2819
3657,2859
3657,2871
3657,2887
3657,3123
3657,3243
3657,3257
3657,3438
3657,3621
3657,3807
3657,3923
3657,4082
3657,4217
3657,4650
3657,4791
3657,4812
3657,4828
3657,4848
3657,4895
3657,4912
3657,5061
3657,5133
3657,5293
3657,5327
3657,5568
3657,5595
3657,5703
3657,5932
3657,6054
3657,6175
3657,6289
3657,6353
3657,6759
3657,6983
3657,7276
3657,7398
3657,7601
3658,60
3658,2275
3658,5886
3658,6034
3659,85
3659,260
3659,593
3659,780
3659,789
3659,1058
3659,1254
3659,1268
3659,1284
3659,1293
3659,1415
3659,1453
3659,1513
3659,1634
3659,1798
3659,1918
3659,1999
3659,2129
3659,2198
3659,2239
3659,2370
3659,2410
3659,2553
3659,2571
3659,2657
3659,3183
3659,3311
3659,3456
3659,3459
3659,3693
3659,3748
3659,3895
3659,4164
3659,4376
3659,4384
3659,4805
3659,4806
3659,5070
3659,5132
3659,5139
3659,5251
3659,5404
3659,5415
3659,5709
3659,5816
3659,5881
3659,6098
3659,6354
3659,6551
3659,6597
3659,6702
3659,6707
3659,6933
3659,6936
3659,7003
3659,7071
3659,7085
3659,7369
3659,7464
3659,7572
3659,7582
3659,7612
3660,102
3660,1490
3660,2061
3660,2506
3660,2722
3660,3067
3660,3418
3660,3917
3660,3986
3660,5282
3660,5570
3660,6927
3660,6950
3661,52
3661,84
3661,588
3661,1049
3661,1164
3661,1395
3661,1419
3661,2051
3661,2272
3661,2785
3661,3107
3661,3175
3661,3442
3661,5326
3661,5473
3661,5548
3661,5631
3661,5684
3661,5733
3661,5983
3661,6087
3661,6577
3661,6818
3661,7026
3661,7575
3661,7620
3662,45
3662,202
3662,586
3662,993
3662,1217
3662,1340
3662,1454
3662,1952
3662,1955
3662,2453
3662,3281
3662,3437
3662,3461
3662,3496
3662,3823
3662,4452
3662,4628
3662,4906
3662,4935
3662,5074
3662,5521
3662,5633
3662,5663
3662,5748
3662,5794
3662,5817
3662,5872
3662,6473
3662,6554
3662,6813
3662,6970
3662,7538
3662,7639
3663,275
3663,316
3663,328
3663,749
3663,806
3663,828
3663,1391
3663,1696
3663,1759
3663,1849
3663,1851
3663,1947
3663,1969
3663,2090
3663,2103
3663,2114
3663,2189
3663,2260
3663,2281
3663,2446
3663,2622
3663,3543
3663,3565
3663,3597
3663,3649
3663,4281
3663,4467
3663,4614
3663,4666
3663,4739
3663,4759
3663,5164
3663,5448
3663,5602
3663,5848
3663,6046
3663,6212
3663,6679
3663,6793
3663,6842
3663,7407
3663,7555
3664,229
3664,611
3664,881
3664,919
3664,1113
3664,1239
3664,1261
3664,1339
3664,1610
3664,1896
3664,2021
3664,2113
3664,2239
3664,2384
3664,3022
3664,3070
3664,3359
3664,3532
3664,3557
3664,3561
3664,4393
3664,4406
3664,4433
3664,5420
3664,5839
3664,6105
3664,6411
3664,6721
3664,6733
3664,6815
3664,6828
3664,7102
3664,7196
3664,7330
3664,7344
3664,7395
3665,91
3665,397
3665,761
3665,975
3665,1120
3665,2202
3665,2404
3665,2427
3665,2522
3665,2879
3665,3260
3665,3578
3665,3866
3665,3907
3665,4042
3665,4454
3665,4500
3665,4913
3665,5175
3665,5785
3665,5796
3665,5813
3665,5948
3665,5949
3665,6067
3665,6244
3665,6296
3665,6536
3665,7022
3666,1490
3666,1530
3666,2722
3666,3285
3666,4470
3666,7161
3667,2239
3667,3277
3667,4026
3667,7395
3668,407
3668,1116
3668,1126
3668,1677
3668,2082
3668,2721
3668,3977
3668,4841
3668,4898
3668,5159
3668,5622
3668,6826
3668,7303
3669,45
3669,704
3669,1955
3669,2165
3669,3949
3669,4305
3669,4452
3669,5035
3669,5074
3669,6223
3669,6501
3669,7160
3670,258
3670,269
3670,360
3670,803
3670,1034
3670,2198
3670,2239
3670,3152
3670,3277
3670,4522
3670,5234
3670,6345
3670,6614
3670,6702
3670,7395
3671,91
3671,348
3671,495
3671,535
3671,625
3671,731
3671,766
3671,1013
3671,1030
3671,1058
3671,1091
3671,1414
3671,1418
3671,1430
3671,1453
3671,1700
3671,1831
3671,2143
3671,2198
3671,2239
3671,2258
3671,2278
3671,2310
3671,2313
3671,2522
3671,2580
3671,2620
3671,2676
3671,3079
3671,3098
3671,3183
3671,3330
3671,3351
3671,3518
3671,3607
3671,3695
3671,3781
3671,3895
3671,4037
3671,4054
3671,4109
3671,4185
3671,4376
3671,4384
3671,4493
3671,4864
3671,4879
3671,4940
3671,5015
3671,5179
3671,5261
3671,5455
3671,5507
3671,5785
3671,5941
3671,5987
3671,5998
3671,6017
3671,6054
3671,6098
3671,6331
3671,6522
3671,6581
3671,6770
3671,6992
3671,7067
3671,7171
3671,7269
3671,7401
3671,7452
3671,7478
3671,7480
3671,7603
3672,62
3672,116
3672,432
3672,495
3672,502
3672,576
3672,593
3672,625
3672,766
3672,904
3672,1063
3672,1069
3672,1284
3672,1293
3672,1453
3672,1494
3672,1631
3672,1651
3672,1695
3672,1790
3672,1802
3672,1854
3672,1884
3672,2143
3672,2198
3672,2522
3672,2763
3672,2816
3672,2974
3672,2977
3672,3203
3672,3223
3672,3311
3672,3330
3672,3607
3672,3796
3672,3895
3672,4037
3672,4054
3672,4216
3672,4223
3672,4376
3672,4384
3672,4764
3672,4785
3672,5132
3672,5143
3672,5171
3672,5203
3672,5231
3672,5304
3672,5455
3672,5459
3672,5707
3672,5749
3672,5952
3672,5962
3672,5998
3672,6098
3672,6202
3672,6211
3672,6246
3672,6933
3672,6954
3672,6961
3672,7018
3672,7067
3672,7079
3672,7151
3672,7171
3672,7269
3672,7330
3672,7382
3672,7478
3672,7582
3672,7603
3672,7612
3673,1075
3673,6084
3673,7221
3674,160
3674,549
3674,807
3674,1416
3674,3524
3674,3705
3674,3729
3674,4867
3674,5422
3674,6501
3674,6549
3674,7334
3674,7442
3674,7621
3675,53
3675,197
3675,889
3675,912
3675,1386
3675,1515
3675,2347
3675,2594
3675,2840
3675,3219
3675,3437
3675,3894
3675,4646
3675,4689
3675,5035
3675,5085
3675,5210
3675,5605
3675,7063
3676,289
3676,384
3676,545
3676,1773
3676,1943
3676,2379
3676,2416
3676,2585
3676,2840
3676,3267
3676,3354
3676,3554
3676,3729
3676,3975
3676,4560
3676,4656
3676,4804
3676,4926
3676,5596
3676,5671
3676,6084
3676,6418
3676,7155
3676,7169
3676,7281
3677,670
3677,2791
3677,5504
3677,7289
3678,10
3678,275
3678,349
3678,605
3678,981
3678,1041
3678,1088
3678,1264
3678,1616
3678,1736
3678,1881
3678,1980
3678,2337
3678,2435
3678,2623
3678,2777
3678,3415
3678,3583
3678,3711
3678,3717
3678,3749
3678,3992
3678,4509
3678,4723
3678,4740
3678,4829
3678,4992
3678,5110
3678,5509
3678,5868
3678,5929
3678,6357
3678,6557
3678,6628
3678,7308
3678,7348
3678,7437
3678,7458
3678,7513
3679,1398
3679,1547
3679,1605
3679,1968
3679,2167
3679,2178
3679,2501
3679,3040
3679,3192
3679,3200
3679,3609
3679,3639
3679,3694
3679,3696
3679,4096
3679,4370
3679,4597
3679,4652
3679,4929
3679,4996
3679,6326
3679,6529
3679,6781
3679,6809
3679,6862
3679,7199
3679,7358
3680,472
3680,1710
3680,2344
3680,4906
3681,1070
3681,2460
3681,4228
3681,4469
3681,4865
3681,5292
3681,5575
3681,5937
3681,7290
3682,3168
3682,3533
3683,24
3683,28
3683,61
3683,89
3683,169
3683,183
3683,258
3683,261
3683,309
3683,319
3683,484
3683,593
3683,622
3683,633
3683,766
3683,780
3683,947
3683,1100
3683,1102
3683,1206
3683,1280
3683,1429
3683,1513
3683,1723
3683,1746
3683,1752
3683,1798
3683,1838
3683,1997
3683,2102
3683,2198
3683,2239
3683,2336
3683,2553
3683,2586
3683,2819
3683,3020
3683,3152
3683,3172
3683,3277
3683,3359
3683,3419
3683,3578
3683,3648
3683,3713
3683,3856
3683,3897
3683,3913
3683,3946
3683,3951
3683,4127
3683,4156
3683,4376
3683,4380
3683,4578
3683,4670
3683,4805
3683,4816
3683,4895
3683,5006
3683,5013
3683,5050
3683,5234
3683,5255
3683,5372
3683,5441
3683,5543
3683,5679
3683,5799
3683,6183
3683,6702
3683,6707
3683,6807
3683,6953
3683,7247
3683,7337
3683,7395
3683,7464
3683,7467
3683,7477
3683,7607
3684,656
3684,740
3684,817
3684,982
3684,1065
3684,1567
3684,2196
3684,2408
3684,4800
3684,4925
3684,4943
3684,4993
3684,5011
3684,5271
3684,5421
3684,5515
3684,5827
3684,6423
3684,6550
3684,6635
3684,7011
3684,7343
3684,7460
3685,4033
3685,4295
3685,6572
3686,50
3686,1429
3686,3277
3686,3856
3686,4033
3686,4522
3686,4668
3686,5029
3686,5254
3686,6015
3686,7032
3686,7330
3686,7373
3687,1000
3687,2239
3687,5545
3687,6942
3688,73
3688,1296
3688,4356
3688,4422
3688,4724
3688,4864
3688,5685
3688,6252
3688,6624
3688,6740
3688,7134
3688,7395
3689,28
3689,137
3689,466
3689,474
3689,930
3689,1064
3689,1184
3689,1612
3689,2586
3689,2663
3689,2795
3689,2801
3689,3073
3689,3359
3689,3698
3689,4940
3689,5452
3689,5772
3689,5807
3689,6001
3689,6451
3689,6898
3690,310
3690,2867
3690,3009
3690,3085
3690,3400
3690,3490
3690,3865
3690,4410
3690,4752
3690,5994
3690,6367
3690,6433
3691,748
3691,771
3691,1013
3691,1499
3691,1843
3691,2143
3691,2676
3691,2894
3691,3223
3691,3330
3691,3421
3691,3513
3691,3607
3691,3871
3691,3895
3691,3959
3691,5280
3691,5957
3691,6581
3691,7067
3691,7171
3691,7269
3691,7603
3692,85
3692,94
3692,266
3692,358
3692,445
3692,552
3692,593
3692,766
3692,1058
3692,1113
3692,1330
3692,1370
3692,1415
3692,1453
3692,1472
3692,1524
3692,1634
3692,1652
3692,1744
3692,1796
3692,1862
3692,2039
3692,2198
3692,2239
3692,2339
3692,2377
3692,2406
3692,2485
3692,2571
3692,2730
3692,2911
3692,2981
3692,3049
3692,3183
3692,3322
3692,3578
3692,3748
3692,4164
3692,4253
3692,4376
3692,4384
3692,4608
3692,4680
3692,4805
3692,5037
3692,5132
3692,5296
3692,5404
3692,5649
3692,5740
3692,5881
3692,6004
3692,6098
3692,6409
3692,6505
3692,6551
3692,6649
3692,6702
3692,6707
3692,6775
3692,6933
3692,7296
3692,7320
3692,7369
3692,7464
3692,7467
3693,69
3693,85
3693,220
3693,346
3693,469
3693,479
3693,482
3693,500
3693,593
3693,727
3693,762
3693,789
3693,810
3693,811
3693,841
3693,869
3693,951
3693,1040
3693,1058
3693,1067
3693,1170
3693,1210
3693,1211
3693,1370
3693,1399
3693,1415
3693,1431
3693,1453
3693,1592
3693,1621
3693,1634
3693,1665
3693,1668
3693,1698
3693,1798
3693,1847
3693,2106
3693,2115
3693,2128
3693,2129
3693,2198
3693,2239
3693,2340
3693,2370
3693,2377
3693,2564
3693,2571
3693,2600
3693,2671
3693,2745
3693,2755
3693,2808
3693,2855
3693,2938
3693,3050
3693,3234
3693,3289
3693,3311
3693,3347
3693,3362
3693,3459
3693,3593
3693,3646
3693,3659
3693,3748
3693,3861
3693,3895
3693,3948
3693,3958
3693,4071
3693,4164
3693,4203
3693,4210
3693,4241
3693,4257
3693,4355
3693,4376
3693,4384
3693,4392
3693,4465
3693,4553
3693,4556
3693,4608
3693,4616
3693,4787
3693,4806
3693,5042
3693,5132
3693,5194
3693,5251
3693,5258
3693,5259
3693,5296
3693,5316
3693,5344
3693,5404
3693,5468
3693,5507
3693,5557
3693,5612
3693,5646
3693,5816
3693,5844
3693,5881
3693,5945
3693,5955
3693,5976
3693,6021
3693,6075
3693,6077
3693,6140
3693,6313
3693,6321
3693,6400
3693,6492
3693,6537
3693,6540
3693,6551
3693,6702
3693,6707
3693,6804
3693,6882
3693,6892
3693,6895
3693,6933
3693,6961
3693,6981
3693,7003
3693,7023
3693,7044
3693,7046
3693,7071
3693,7091
3693,7096
3693,7280
3693,7471
3693,7520
3693,7537
3693,7572
3694,368
3694,437
3694,451
3694,897
3694,1257
3694,1384
3694,1398
3694,1405
3694,1547
3694,1553
3694,1605
3694,1719
3694,1968
3694,1971
3694,1986
3694,2020
3694,2069
3694,2085
3694,2167
3694,2242
3694,2278
3694,2289
3694,2297
3694,2351
3694,2459
3694,2501
3694,2580
3694,2692
3694,2699
3694,3033
3694,3200
3694,3321
3694,3390
3694,3519
3694,3639
3694,3679
3694,3790
3694,3853
3694,3863
3694,3921
3694,3971
3694,4036
3694,4134
3694,4299
3694,4364
3694,4370
3694,4597
3694,4794
3694,4815
3694,4955
3694,5021
3694,5342
3694,5477
3694,5579
3694,5900
3694,5905
3694,5956
3694,6150
3694,6158
3694,6248
3694,6326
3694,6415
3694,6498
3694,6529
3694,6697
3694,6781
3694,6809
3694,6862
3694,6875
3694,6934
3694,6949
3694,6977
3694,7002
3694,7089
3694,7185
3694,7199
3694,7358
3694,7429
3694,7499
3694,7567
3694,7605
3695,85
3695,91
3695,308
3695,432
3695,495
3695,766
3695,867
3695,975
3695,1058
3695,1069
3695,1120
3695,1337
3695,1453
3695,1575
3695,1619
3695,2198
3695,2239
3695,2258
3695,2354
3695,2522
3695,3098
3695,3223
3695,3330
3695,3492
3695,3578
3695,3607
3695,3671
3695,3748
3695,3866
3695,3895
3695,4054
3695,4358
3695,4376
3695,4493
3695,4870
3695,4902
3695,5179
3695,5287
3695,5505
3695,5785
3695,5941
3695,5949
3695,5987
3695,6098
3695,6309
3695,7029
3695,7054
3695,7067
3695,7171
3695,7320
3695,7370
3695,7452
3695,7467
3695,7603
3695,7635
3696,140
3696,437
3696,979
3696,1398
3696,1451
3696,1547
3696,2167
3696,2178
3696,2429
3696,3192
3696,3200
3696,3639
3696,3679
3696,3971
3696,4018
3696,4134
3696,4374
3696,4597
3696,4652
3696,4929
3696,4996
3696,6167
3696,6326
3696,6529
3696,6809
3696,6820
3696,6862
3696,7089
3696,7199
3696,7439
3697,127
3697,552
3697,760
3697,1058
3697,1575
3697,1744
3697,2066
3697,2198
3697,2205
3697,2239
3697,2334
3697,2704
3697,3049
3697,3331
3697,3433
3697,3469
3697,3578
3697,4376
3697,4573
3697,4576
3697,4805
3697,4942
3697,5007
3697,5132
3697,5234
3697,5251
3697,5559
3697,5667
3697,6064
3697,6219
3697,6354
3697,6464
3697,6572
3697,7003
3697,7467
3697,7560
3698,20
3698,73
3698,92
3698,103
3698,118
3698,123
3698,137
3698,149
3698,162
3698,218
3698,229
3698,305
3698,312
3698,353
3698,421
3698,456
3698,568
3698,573
3698,606
3698,611
3698,616
3698,639
3698,652
3698,725
3698,731
3698,762
3698,803
3698,893
3698,930
3698,970
3698,1076
3698,1170
3698,1174
3698,1184
3698,1218
3698,1278
3698,1347
3698,1353
3698,1423
3698,1427
3698,1495
3698,1510
3698,1525
3698,1544
3698,1545
3698,1551
3698,1563
3698,1572
3698,1586
3698,1658
3698,1665
3698,1679
3698,1735
3698,1757
3698,1767
3698,1778
3698,1784
3698,1831
3698,1860
3698,1863
3698,1877
3698,1904
3698,1918
3698,1938
3698,1961
3698,1975
3698,2010
3698,2040
3698,2043
3698,2071
3698,2164
3698,2166
3698,2179
3698,2183
3698,2201
3698,2239
3698,2248
3698,2331
3698,2332
3698,2346
3698,2348
3698,2520
3698,2565
3698,2621
3698,2663
3698,2746
3698,2751
3698,2755
3698,2771
3698,2866
3698,2901
3698,2959
3698,3022
3698,3042
3698,3054
3698,3118
3698,3124
3698,3139
3698,3171
3698,3225
3698,3251
3698,3256
3698,3298
3698,3359
3698,3388
3698,3394
3698,3473
3698,3501
3698,3591
3698,3602
3698,3689
3698,3708
3698,3712
3698,3723
3698,3744
3698,3765
3698,3789
3698,3832
3698,3882
3698,3891
3698,3969
3698,3970
3698,4015
3698,4039
3698,4049
3698,4055
3698,4080
3698,4083
3698,4091
3698,4147
3698,4163
3698,4174
3698,4233
3698,4249
3698,4285
3698,4302
3698,4317
3698,4355
3698,4356
3698,4407
3698,4422
3698,4433
3698,4464
3698,4473
3698,4479
3698,4531
3698,4549
3698,4729
3698,4733
3698,4746
3698,4803
3698,4847
3698,4877
3698,4952
3698,4956
3698,5002
3698,5003
3698,5029
3698,5031
3698,5056
3698,5222
3698,5223
3698,5305
3698,5315
3698,5346
3698,5351
3698,5420
3698,5445
3698,5454
3698,5461
3698,5467
3698,5468
3698,5490
3698,5504
3698,5507
3698,5559
3698,5561
3698,5608
3698,5614
3698,5654
3698,5661
3698,5694
3698,5708
3698,5772
3698,5807
3698,5844
3698,5880
3698,5923
3698,5984
3698,6001
3698,6014
3698,6028
3698,6039
3698,6078
3698,6105
3698,6228
3698,6297
3698,6331
3698,6340
3698,6411
3698,6468
3698,6489
3698,6490
3698,6494
3698,6507
3698,6511
3698,6527
3698,6545
3698,6562
3698,6572
3698,6618
3698,6620
3698,6733
3698,6737
3698,6738
3698,6775
3698,6779
3698,6810
3698,6815
3698,6828
3698,6904
3698,6911
3698,6947
3698,6951
3698,6959
3698,7072
3698,7134
3698,7167
3698,7173
3698,7196
3698,7226
3698,7254
3698,7289
3698,7295
3698,7305
3698,7331
3698,7365
3698,7373
3698,7374
3698,7406
3698,7468
3698,7474
3698,7523
3698,7524
3698,7550
3698,7551
3698,7596
3698,7599
3698,7633
3699,25
3699,702
3699,838
3699,925
3699,949
3699,2787
3699,3325
3699,3899
3699,4686
3699,5964
3699,6902
3699,6940
3701,892
3701,1418
3701,1448
3701,1802
3701,1967
3701,2265
3701,2372
3701,2425
3701,3404
3701,3866
3701,4185
3701,7029
3701,7149
3702,73
3702,212
3702,382
3702,526
3702,551
3702,584
3702,724
3702,748
3702,1189
3702,1196
3702,1225
3702,1291
3702,1521
3702,1607
3702,1922
3702,2215
3702,2529
3702,2673
3702,2703
3702,2903
3702,3083
3702,3404
3702,3506
3702,3513
3702,3559
3702,3574
3702,3821
3702,3920
3702,3978
3702,4067
3702,4153
3702,4490
3702,4584
3702,4811
3702,4917
3702,5174
3702,5798
3702,5851
3702,6243
3702,6296
3702,6412
3702,6569
3702,6677
3702,6909
3702,6920
3702,6966
3702,7131
3702,7149
3702,7624
3703,258
3703,455
3703,593
3703,1447
3703,1727
3703,1792
3703,1796
3703,2198
3703,2553
3703,3001
3703,3092
3703,3648
3703,4023
3703,5070
3703,5241
3703,5365
3703,5404
3703,5567
3703,5707
3703,5881
3703,5903
3703,5979
3703,6702
3703,7003
3703,7215
3703,7337
3703,7352
3703,7477
3703,7577
3703,7607
3704,24
3704,28
3704,183
3704,319
3704,351
3704,410
3704,446
3704,534
3704,593
3704,596
3704,622
3704,632
3704,710
3704,906
3704,1100
3704,1127
3704,1186
3704,1268
3704,1271
3704,1280
3704,1350
3704,1429
3704,1481
3704,1517
3704,1671
3704,1727
3704,1744
3704,1746
3704,1782
3704,1797
3704,1838
3704,1929
3704,2102
3704,2198
3704,2239
3704,2244
3704,2262
3704,2336
3704,2408
3704,2553
3704,2598
3704,2615
3704,2628
3704,2634
3704,2650
3704,2832
3704,2929
3704,3020
3704,3049
3704,3081
3704,3105
3704,3138
3704,3152
3704,3445
3704,3578
3704,3648
3704,3720
3704,3721
3704,3799
3704,3817
3704,3856
3704,3897
3704,3946
3704,3951
3704,4127
3704,4164
3704,4176
3704,4243
3704,4347
3704,4376
3704,4380
3704,4388
3704,4538
3704,4573
3704,4588
3704,4590
3704,4594
3704,4641
3704,4670
3704,4755
3704,4771
3704,4774
3704,4805
3704,4835
3704,4895
3704,4941
3704,5006
3704,5013
3704,5048
3704,5050
3704,5070
3704,5160
3704,5234
3704,5241
3704,5255
3704,5328
3704,5348
3704,5399
3704,5441
3704,5493
3704,5584
3704,5734
3704,5769
3704,5833
3704,5853
3704,5897
3704,5904
3704,5982
3704,6135
3704,6354
3704,6475
3704,6673
3704,6678
3704,6702
3704,6800
3704,6807
3704,6844
3704,6847
3704,6902
3704,6907
3704,6968
3704,6990
3704,7215
3704,7247
3704,7266
3704,7289
3704,7337
3704,7464
3704,7477
3704,7573
3704,7577
3704,7607
3705,202
3705,325
3705,621
3705,630
3705,1166
3705,1463
3705,1629
3705,1906
3705,2121
3705,2236
3705,2390
3705,2411
3705,2436
3705,2524
3705,2546
3705,2607
3705,2695
3705,2749
3705,2880
3705,3038
3705,3173
3705,3495
3705,3674
3705,3847
3705,4108
3705,4200
3705,4232
3705,4495
3705,4752
3705,5014
3705,5172
3705,5284
3705,5458
3705,5885
3705,6433
3705,6838
3705,7417
3706,564
3706,908
3706,1358
3706,1550
3706,2044
3706,2378
3706,3478
3706,4327
3706,5192
3706,5486
3706,5636
3706,6162
3707,5043
3707,6585
3708,103
3708,916
3708,1210
3708,1293
3708,1996
3708,3408
3708,3698
3708,3926
3708,4080
3708,4376
3708,4384
3708,4420
3708,4806
3708,4952
3708,6738
3708,7464
3709,87
3709,139
3709,159
3709,525
3709,548
3709,634
3709,1181
3709,1261
3709,2254
3709,2481
3709,2527
3709,2593
3709,2613
3709,2629
3709,3176
3709,4078
3709,4172
3709,4922
3709,5183
3709,5379
3709,5499
3709,5763
3709,6283
3709,6548
3709,6861
3709,7200
3709,7267
3709,7583
3710,61
3710,213
3710,260
3710,573
3710,731
3710,947
3710,1058
3710,1686
3710,1700
3710,1782
3710,1831
3710,1862
3710,2198
3710,2228
3710,2239
3710,2384
3710,2406
3710,2510
3710,2621
3710,2663
3710,2736
3710,2772
3710,2823
3710,3070
3710,3152
3710,3226
3710,3277
3710,3364
3710,3459
3710,3594
3710,3748
3710,4164
3710,4203
3710,4267
3710,4337
3710,4376
3710,4406
3710,4458
3710,4522
3710,4697
3710,4734
3710,4746
3710,4768
3710,4771
3710,5007
3710,5039
3710,5056
3710,5167
3710,5251
3710,5398
3710,5404
3710,5412
3710,5650
3710,5667
3710,5707
3710,5740
3710,5909
3710,6228
3710,6403
3710,6406
3710,6527
3710,6553
3710,6582
3710,6707
3710,6723
3710,6738
3710,6787
3710,7395
3710,7481
3710,7524
3711,10
3711,349
3711,605
3711,981
3711,1088
3711,1334
3711,1736
3711,1881
3711,1980
3711,2337
3711,2777
3711,3102
3711,3415
3711,3678
3711,3717
3711,3749
3711,4829
3711,4992
3711,5069
3711,5110
3711,5848
3711,5929
3711,6357
3711,6665
3711,6876
3711,7348
3711,7437
3712,103
3712,218
3712,3171
3712,3394
3712,3602
3712,3698
3712,4080
3712,4952
3712,5661
3712,6297
3712,6572
3712,6737
3712,7153
3712,7633
3713,183
3713,192
3713,260
3713,304
3713,415
3713,455
3713,552
3713,593
3713,770
3713,1058
3713,1178
3713,1210
3713,1232
3713,1399
3713,1472
3713,1517
3713,1582
3713,1634
3713,1663
3713,1712
3713,1744
3713,1798
3713,1809
3713,1959
3713,2039
3713,2115
3713,2198
3713,2229
3713,2239
3713,2262
3713,2313
3713,2406
3713,2410
3713,2571
3713,2772
3713,2913
3713,3008
3713,3049
3713,3051
3713,3079
3713,3160
3713,3178
3713,3183
3713,3279
3713,3469
3713,3683
3713,3748
3713,3882
3713,4210
3713,4243
3713,4376
3713,4579
3713,4805
3713,4806
3713,5048
3713,5070
3713,5132
3713,5155
3713,5241
3713,5372
3713,5404
3713,5518
3713,5543
3713,5649
3713,5707
3713,5756
3713,5982
3713,6284
3713,6414
3713,6484
3713,6649
3713,6673
3713,6702
3713,6707
3713,6774
3713,6847
3713,7266
3713,7289
3713,7464
3713,7481
3713,7572
3713,7573
3714,275
3714,328
3714,749
3714,828
3714,1037
3714,1531
3714,1696
3714,1732
3714,1759
3714,1849
3714,1969
3714,2090
3714,2260
3714,2326
3714,2775
3714,2946
3714,3346
3714,3597
3714,4048
3714,4412
3714,4496
3714,4938
3714,4960
3714,5448
3714,5602
3714,5848
3714,5856
3714,6046
3714,6212
3714,6357
3714,6765
3714,7073
3715,192
3715,593
3715,1167
3715,1521
3715,1744
3715,2406
3715,2645
3715,3578
3715,3623
3715,3856
3715,4114
3715,4164
3715,4384
3715,4792
3715,4806
3715,5234
3715,5404
3715,7464
3716,6
3716,110
3716,305
3716,311
3716,652
3716,1005
3716,1158
3716,1689
3716,2604
3716,2751
3716,3101
3716,3369
3716,3802
3716,4479
3716,4701
3716,5229
3716,5445
3716,5483
3716,5760
3716,5866
3716,6078
3716,6341
3716,6545
3716,6751
3716,6783
3716,7038
3716,7305
3717,10
3717,605
3717,1264
3717,1334
3717,1736
3717,1881
3717,1980
3717,2337
3717,2435
3717,2623
3717,2777
3717,3102
3717,3415
3717,3583
3717,3678
3717,3711
3717,3749
3717,4509
3717,4723
3717,4740
3717,4829
3717,4992
3717,5110
3717,5929
3717,6357
3717,6876
3717,7348
3717,7437
3717,7458
3717,7513
3718,235
3718,1058
3718,1210
3718,1293
3718,1414
3718,1575
3718,1665
3718,1875
3718,2639
3718,3049
3718,3177
3718,3616
3718,3895
3718,4028
3718,4177
3718,4376
3718,4670
3718,5037
3718,5251
3718,5351
3718,5649
3718,5840
3718,6354
3718,6848
3718,6961
3718,7003
3718,7481
3719,932
3719,1021
3719,2528
3719,3201
3719,3361
3719,3412
3719,4237
3719,4399
3719,4861
3719,6138
3719,7275
3719,7405
3719,7460
3719,7544
3720,28
3720,77
3720,183
3720,319
3720,419
3720,455
3720,593
3720,622
3720,632
3720,906
3720,1017
3720,1018
3720,1152
3720,1254
3720,1357
3720,1727
3720,1744
3720,1797
3720,2198
3720,2239
3720,2336
3720,2553
3720,2628
3720,2819
3720,2906
3720,3020
3720,3049
3720,3074
3720,3353
3720,3648
3720,3704
3720,3748
3720,3856
3720,3946
3720,4024
3720,4127
3720,4176
3720,4376
3720,4463
3720,4510
3720,4538
3720,4588
3720,4590
3720,4594
3720,4641
3720,4805
3720,4941
3720,5013
3720,5042
3720,5050
3720,5234
3720,5241
3720,5359
3720,5372
3720,5441
3720,5488
3720,5567
3720,5734
3720,5799
3720,5881
3720,5904
3720,5982
3720,6066
3720,6215
3720,6409
3720,6551
3720,6673
3720,6692
3720,6702
3720,6847
3720,6849
3720,7337
3720,7413
3720,7477
3720,7577
3721,42
3721,446
3721,593
3721,622
3721,780
3721,1100
3721,1280
3721,1429
3721,1498
3721,1513
3721,1663
3721,1744
3721,1796
3721,1798
3721,1929
3721,2095
3721,2117
3721,2198
3721,2406
3721,2541
3721,2553
3721,2581
3721,2615
3721,2637
3721,3020
3721,3049
3721,3510
3721,3648
3721,3704
3721,3799
3721,3817
3721,3856
3721,4388
3721,4538
3721,4573
3721,4594
3721,4650
3721,4805
3721,4934
3721,5241
3721,5255
3721,5293
3721,5372
3721,5415
3721,5441
3721,5556
3721,5584
3721,5982
3721,6361
3721,6597
3721,6673
3721,6702
3721,6807
3721,6847
3721,6909
3721,7010
3721,7266
3721,7464
3721,7477
3722,275
3722,324
3722,328
3722,749
3722,828
3722,1609
3722,1696
3722,1759
3722,2090
3722,2103
3722,2147
3722,2187
3722,2260
3722,2326
3722,2596
3722,3346
3722,3597
3722,3640
3722,3830
3722,4070
3722,4245
3722,4881
3722,4938
3722,4960
3722,5069
3722,5409
3722,5602
3722,5753
3722,5848
3722,5856
3722,6250
3722,6363
3722,6416
3722,6670
3722,6765
3722,7073
3723,162
3723,229
3723,305
3723,616
3723,1472
3723,1586
3723,1707
3723,1929
3723,2032
3723,2198
3723,2239
3723,2490
3723,2509
3723,2751
3723,3152
3723,3295
3723,3359
3723,3578
3723,3698
3723,4015
3723,4433
3723,4479
3723,4805
3723,5132
3723,5194
3723,5305
3723,5758
3723,5772
3723,6078
3723,6098
3723,6297
3723,6411
3723,6815
3723,6828
3723,7305
3723,7395
3723,7467
3724,296
3724,1078
3724,1596
3724,1961
3724,2997
3724,3109
3724,3969
3724,4295
3724,4407
3724,4959
3724,5109
3724,5191
3724,6629
3725,352
3725,526
3725,631
3725,669
3725,808
3725,898
3725,1601
3725,1645
3725,2026
3725,2041
3725,2111
3725,2279
3725,2288
3725,2376
3725,3284
3725,3443
3725,3457
3725,3510
3725,3559
3725,3778
3725,3962
3725,3989
3725,4067
3725,4069
3725,4189
3725,4486
3725,5063
3725,5115
3725,5170
3725,5428
3725,5556
3725,6408
3725,6481
3725,6512
3725,6569
3725,6672
3725,6909
3725,7130
3725,7250
3725,7608
3726,456
3726,2588
3726,2964
3726,3643
3726,4186
3726,4710
3726,5511
3728,327
3728,1008
3728,1235
3728,1755
3728,1789
3728,1878
3728,2082
3728,2464
3728,2865
3728,4030
3728,4377
3728,5770
3728,5792
3728,5837
3728,6141
3728,6471
3728,6857
3728,7161
3728,7242
3729,195
3729,394
3729,454
3729,496
3729,549
3729,941
3729,988
3729,993
3729,1046
3729,1175
3729,1248
3729,1340
3729,1556
3729,2014
3729,2121
3729,2165
3729,2412
3729,2422
3729,2608
3729,2662
3729,2680
3729,2705
3729,2833
3729,3086
3729,3227
3729,3244
3729,3442
3729,3461
3729,3467
3729,3674
3729,3676
3729,3819
3729,3869
3729,3960
3729,4232
3729,4633
3729,4665
3729,4867
3729,4906
3729,5074
3729,5454
3729,5638
3729,5817
3729,6352
3729,6621
3729,6838
3729,7427
3729,7621
3730,399
3730,441
3730,890
3730,991
3730,1053
3730,2046
3730,2321
3730,3130
3730,3420
3730,3536
3730,3811
3730,3843
3730,4224
3730,5161
3730,5600
3730,6213
3730,6380
3730,6525
3730,6650
3730,6763
3730,6894
3730,7027
3731,250
3731,747
3731,752
3731,1335
3731,1453
3731,2150
3731,2430
3731,2897
3731,3240
3731,3351
3731,3937
3731,4282
3731,4571
3731,4605
3731,5078
3731,5550
3731,5765
3731,6651
3731,7479
3731,7588
3732,1321
3732,1566
3732,2625
3732,3052
3732,3433
3732,3567
3732,4863
3732,5781
3732,6470
3733,398
3733,444
3733,481
3733,618
3733,653
3733,679
3733,688
3733,782
3733,812
3733,837
3733,855
3733,1086
3733,1096
3733,1466
3733,1477
3733,1509
3733,1529
3733,1562
3733,1683
3733,1889
3733,1917
3733,1944
3733,2067
3733,2073
3733,2137
3733,2238
3733,2259
3733,2449
3733,2468
3733,2491
3733,2786
3733,2843
3733,2926
3733,2983
3733,3047
3733,3211
3733,3255
3733,3393
3733,3411
3733,3435
3733,3449
3733,3452
3733,3479
3733,3584
3733,4117
3733,4123
3733,4151
3733,4244
3733,4252
3733,4423
3733,4475
3733,4478
3733,4487
3733,4494
3733,4498
3733,4524
3733,4585
3733,4607
3733,4663
3733,4681
3733,4703
3733,4873
3733,4884
3733,5072
3733,5270
3733,5345
3733,5357
3733,5489
3733,5609
3733,5737
3733,5751
3733,5784
3733,5896
3733,5908
3733,6083
3733,6092
3733,6103
3733,6168
3733,6496
3733,6508
3733,6709
3733,6829
3733,6972
3733,7024
3733,7110
3733,7214
3733,7263
3733,7361
3733,7444
3733,7531
3734,85
3734,772
3734,903
3734,1268
3734,1293
3734,1453
3734,1540
3734,1735
3734,1798
3734,2013
3734,2106
3734,2143
3734,2215
3734,2620
3734,3183
3734,3408
3734,3444
3734,3459
3734,3895
3734,4080
3734,4157
3734,4384
3734,4420
3734,4474
3734,4952
3734,5222
3734,5296
3734,5689
3734,5707
3734,6462
3734,6551
3734,6618
3734,6802
3734,6810
3734,7464
3734,7535
3735,56
3735,135
3735,157
3735,168
3735,193
3735,239
3735,244
3735,347
3735,531
3735,577
3735,588
3735,589
3735,681
3735,734
3735,880
3735,894
3735,895
3735,1043
3735,1072
3735,1242
3735,1535
3735,1565
3735,1588
3735,1800
3735,1869
3735,2165
3735,2190
3735,2245
3735,2282
3735,2597
3735,2825
3735,2912
3735,3094
3735,3100
3735,3303
3735,3603
3735,3624
3735,3647
3735,3792
3735,3819
3735,3829
3735,3833
3735,4000
3735,4104
3735,4193
3735,4235
3735,4332
3735,4361
3735,4471
3735,4625
3735,4646
3735,4660
3735,4677
3735,4742
3735,4852
3735,4997
3735,5020
3735,5024
3735,5298
3735,5326
3735,5434
3735,5520
3735,5578
3735,5580
3735,5582
3735,5647
3735,5656
3735,5861
3735,5946
3735,5960
3735,6025
3735,6031
3735,6049
3735,6050
3735,6300
3735,6469
3735,6514
3735,6515
3735,6573
3735,6577
3735,6612
3735,6698
3735,6768
3735,6814
3735,7178
3735,7224
3735,7261
3735,7316
3735,7423
3735,7447
3735,7450
3735,7485
3735,7575
3735,7613
3735,7620
3736,204
3736,581
3736,932
3736,1149
3736,1237
3736,1737
3736,2399
3736,2943
3736,3201
3736,3361
3736,4237
3736,4399
3736,5279
3736,6622
3736,7264
3737,481
3737,1622
3737,4244
3737,6488
3737,6972
3738,645
3738,1213
3738,1564
3738,2504
3738,4126
3738,4133
3738,4363
3738,6763
3738,6871
3738,6891
3738,7378
3739,111
3739,336
3739,461
3739,495
3739,985
3739,1062
3739,1343
3739,1795
3739,1990
3739,2425
3739,2629
3739,3405
3739,3654
3739,3922
3739,4562
3739,5758
3739,5863
3739,6422
3739,7332
3740,190
3740,333
3740,1230
3740,2515
3740,2738
3740,2810
3740,3485
3740,3599
3740,4172
3740,4488
3740,4750
3740,5076
3740,5564
3740,5574
3740,5763
3740,5814
3740,5890
3740,6214
3740,6277
3740,6905
3740,6908
3740,7057
3740,7078
3740,7419
3740,7529
3741,4
3741,19
3741,22
3741,204
3741,279
3741,284
3741,315
3741,554
3741,557
3741,581
3741,682
3741,794
3741,995
3741,999
3741,1079
3741,1587
3741,1656
3741,1664
3741,1772
3741,1818
3741,1920
3741,1982
3741,2240
3741,2264
3741,2284
3741,2382
3741,2654
3741,2756
3741,2757
3741,3236
3741,3376
3741,3391
3741,3563
3741,3845
3741,3892
3741,3903
3741,3924
3741,4008
3741,4143
3741,4171
3741,4208
3741,4280
3741,4351
3741,4357
3741,4414
3741,4426
3741,4567
3741,4612
3741,4673
3741,4726
3741,4802
3741,5380
3741,5587
3741,5611
3741,5627
3741,5686
3741,5757
3741,5876
3741,5914
3741,6088
3741,6125
3741,6199
3741,6347
3741,6587
3741,6623
3741,6645
3741,6653
3741,6712
3741,6874
3741,7314
3741,7451
3741,7504
3741,7565
3741,7615
3742,669
3742,1084
3742,1241
3742,1448
3742,1761
3742,1987
3742,2092
3742,2111
3742,2586
3742,3134
3742,3457
3742,3480
3742,3510
3742,3839
3742,4503
3742,4805
3742,4990
3742,5445
3742,6481
3742,6512
3742,7000
3742,7130
3742,7142
3742,7233
3742,7250
3743,461
3743,1241
3743,3295
3743,3466
3743,3480
3743,3578
3743,7467
3744,296
3744,573
3744,750
3744,930
3744,1045
3744,1076
3744,1078
3744,1174
3744,1280
3744,1596
3744,1741
3744,1961
3744,2239
3744,2547
3744,2565
3744,2738
3744,3109
3744,3152
3744,3698
3744,3763
3744,3969
3744,4174
3744,4201
3744,4295
3744,4407
3744,4959
3744,5191
3744,5412
3744,5654
3744,5694
3744,6350
3744,6572
3744,6590
3744,6593
3744,6629
3744,6722
3744,6751
3744,7523
3745,2714
3745,4338
3745,6546
3745,7456
3746,67
3746,93
3746,373
3746,872
3746,1009
3746,1107
3746,1161
3746,1576
3746,1964
3746,2034
3746,2074
3746,2136
3746,2293
3746,2316
3746,2833
3746,2875
3746,3145
3746,3186
3746,3354
3746,3396
3746,3622
3746,3767
3746,3993
3746,4328
3746,4906
3746,5026
3746,5151
3746,5185
3746,5358
3746,5918
3746,6504
3746,6817
3746,6821
3746,7019
3747,96
3747,409
3747,550
3747,997
3747,1055
3747,1354
3747,1410
3747,1533
3747,1823
3747,2109
3747,2181
3747,2788
3747,2951
3747,3601
3747,3788
3747,3885
3747,4144
3747,4599
3747,4776
3747,4896
3747,4950
3747,5537
3747,5759
3747,5934
3747,6401
3747,6428
3747,6718
3747,7011
3747,7165
3747,7268
3748,3
3748,14
3748,42
3748,69
3748,76
3748,85
3748,98
3748,124
3748,129
3748,138
3748,143
3748,169
3748,170
3748,184
3748,192
3748,220
3748,235
3748,260
3748,272
3748,283
3748,304
3748,321
3748,341
3748,346
3748,369
3748,415
3748,431
3748,446
3748,473
3748,475
3748,479
3748,509
3748,552
3748,593
3748,607
3748,687
3748,693
3748,717
3748,727
3748,731
3748,770
3748,776
3748,780
3748,789
3748,810
3748,836
3748,839
3748,841
3748,868
3748,869
3748,924
3748,942
3748,951
3748,973
3748,986
3748,989
3748,1058
3748,1097
3748,1102
3748,1113
3748,1169
3748,1170
3748,1210
3748,1211
3748,1214
3748,1224
3748,1249
3748,1254
3748,1266
3748,1268
3748,1284
3748,1330
3748,1349
3748,1357
3748,1368
3748,1370
3748,1378
3748,1399
3748,1414
3748,1415
3748,1421
3748,1485
3748,1524
3748,1526
3748,1545
3748,1575
3748,1582
3748,1628
3748,1634
3748,1665
3748,1668
3748,1695
3748,1697
3748,1705
3748,1708
3748,1712
3748,1723
3748,1747
3748,1796
3748,1798
3748,1833
3748,1840
3748,1847
3748,1854
3748,1860
3748,1862
3748,1880
3748,1898
3748,1908
3748,1959
3748,1997
3748,1999
3748,2010
3748,2030
3748,2060
3748,2106
3748,2107
3748,2115
3748,2129
3748,2170
3748,2172
3748,2198
3748,2205
3748,2229
3748,2239
3748,2243
3748,2279
3748,2370
3748,2375
3748,2402
3748,2404
3748,2406
3748,2410
3748,2441
3748,2471
3748,2537
3748,2573
3748,2595
3748,2600
3748,2618
3748,2626
3748,2645
3748,2650
3748,2671
3748,2736
3748,2744
3748,2765
3748,2770
3748,2772
3748,2782
3748,2808
3748,2848
3748,2855
3748,2881
3748,2882
3748,2886
3748,2913
3748,2931
3748,2938
3748,2958
3748,2972
3748,2981
3748,3049
3748,3050
3748,3051
3748,3061
3748,3070
3748,3079
3748,3160
3748,3177
3748,3178
3748,3196
3748,3206
3748,3234
3748,3235
3748,3261
3748,3264
3748,3279
3748,3334
3748,3347
3748,3362
3748,3363
3748,3370
3748,3377
3748,3384
3748,3403
3748,3456
3748,3493
3748,3502
3748,3520
3748,3616
3748,3646
3748,3648
3748,3659
3748,3692
3748,3693
3748,3695
3748,3710
3748,3713
3748,3720
3748,3750
3748,3756
3748,3758
3748,3804
3748,3808
3748,3861
3748,3867
3748,3897
3748,3898
3748,3996
3748,3999
3748,4013
3748,4028
3748,4074
3748,4080
3748,4086
3748,4091
3748,4095
3748,4113
3748,4128
3748,4156
3748,4157
3748,4164
3748,4167
3748,4177
3748,4184
3748,4210
3748,4248
3748,4249
3748,4290
3748,4376
3748,4384
3748,4402
3748,4465
3748,4466
3748,4479
3748,4525
3748,4535
3748,4553
3748,4556
3748,4570
3748,4573
3748,4579
3748,4580
3748,4595
3748,4608
3748,4616
3748,4642
3748,4658
3748,4662
3748,4670
3748,4680
3748,4714
3748,4805
3748,4806
3748,4816
3748,4827
3748,4846
3748,4877
3748,4919
3748,4946
3748,5037
3748,5049
3748,5054
3748,5058
3748,5070
3748,5194
3748,5203
3748,5212
3748,5224
3748,5234
3748,5251
3748,5258
3748,5278
3748,5286
3748,5296
3748,5344
3748,5348
3748,5351
3748,5352
3748,5365
3748,5369
3748,5398
3748,5404
3748,5415
3748,5459
3748,5463
3748,5468
3748,5490
3748,5518
3748,5531
3748,5552
3748,5557
3748,5559
3748,5593
3748,5612
3748,5623
3748,5641
3748,5646
3748,5649
3748,5651
3748,5669
3748,5707
3748,5732
3748,5740
3748,5764
3748,5816
3748,5840
3748,5855
3748,5859
3748,5881
3748,5937
3748,5952
3748,5961
3748,5975
3748,5976
3748,6021
3748,6024
3748,6040
3748,6047
3748,6067
3748,6075
3748,6078
3748,6082
3748,6098
3748,6140
3748,6156
3748,6208
3748,6215
3748,6216
3748,6284
3748,6303
3748,6313
3748,6335
3748,6342
3748,6354
3748,6400
3748,6413
3748,6439
3748,6449
3748,6492
3748,6537
3748,6540
3748,6551
3748,6553
3748,6562
3748,6576
3748,6597
3748,6638
3748,6693
3748,6701
3748,6704
3748,6707
3748,6723
3748,6804
3748,6805
3748,6843
3748,6848
3748,6877
3748,6895
3748,6907
3748,6933
3748,6952
3748,6961
3748,6971
3748,6981
3748,6984
3748,7003
3748,7008
3748,7036
3748,7044
3748,7046
3748,7070
3748,7071
3748,7147
3748,7150
3748,7166
3748,7180
3748,7203
3748,7212
3748,7231
3748,7277
3748,7280
3748,7289
3748,7296
3748,7320
3748,7321
3748,7331
3748,7369
3748,7385
3748,7448
3748,7468
3748,7520
3748,7525
3748,7536
3748,7539
3748,7568
3748,7572
3748,7582
3748,7593
3748,7607
3749,10
3749,349
3749,605
3749,641
3749,981
3749,1041
3749,1088
3749,1264
3749,1334
3749,1616
3749,1672
3749,1736
3749,1881
3749,1980
3749,2250
3749,2337
3749,2435
3749,2623
3749,2777
3749,3102
3749,3415
3749,3583
3749,3678
3749,3711
3749,3717
3749,3992
3749,4509
3749,4723
3749,4740
3749,4829
3749,4992
3749,5110
3749,5409
3749,5509
3749,5852
3749,5868
3749,5929
3749,5939
3749,6357
3749,6557
3749,6628
3749,6665
3749,6876
3749,7308
3749,7348
3749,7437
3749,7458
3749,7513
3750,456
3750,1058
3750,2198
3750,3160
3750,3748
3750,4376
3750,4805
3750,5037
3750,5132
3750,6354
3750,6572
3750,7017
3751,49
3751,382
3751,506
3751,526
3751,584
3751,2215
3751,2673
3751,3506
3751,3513
3751,3559
3751,3978
3751,4153
3751,4584
3751,4653
3751,4917
3751,5280
3751,5926
3751,5957
3751,6677
3751,6909
3751,7131
3751,7149
3751,7345
3752,82
3752,414
3752,1565
3752,1632
3752,1765
3752,1839
3752,2424
3752,2467
3752,3071
3752,3764
3752,4192
3752,5642
3752,5800
3752,6056
3752,6057
3752,6238
3752,6254
3752,6478
3752,6616
3752,6695
3752,6708
3752,6812
3752,7189
3753,954
3753,1667
3753,1695
3753,1790
3753,2175
3753,2798
3753,3049
3753,3115
3753,3203
3753,3527
3753,3578
3753,4376
3753,4670
3753,4714
3753,4805
3753,4863
3753,5068
3753,5132
3753,5304
3753,5312
3753,5332
3753,5881
3753,6584
3753,6945
3753,7446
3754,1065
3754,1247
3754,1455
3754,1804
3754,1846
3754,1909
3754,2148
3754,2328
3754,2790
3754,3258
3754,3656
3754,4145
3754,4146
3754,4937
3754,5153
3754,5867
3754,6130
3754,6806
3754,7291
3754,7404
3755,409
3755,1638
3755,2837
3755,3231
3755,3564
3755,5027
3755,5235
3755,5829
3755,6333
3755,6791
3755,7243
3755,7460
3756,23
3756,85
3756,89
3756,129
3756,260
3756,304
3756,369
3756,593
3756,951
3756,1058
3756,1067
3756,1069
3756,1293
3756,1431
3756,1663
3756,1784
3756,1798
3756,1840
3756,1902
3756,1925
3756,1999
3756,2106
3756,2198
3756,2239
3756,2370
3756,2553
3756,2571
3756,3185
3756,3225
3756,3226
3756,3359
3756,3377
3756,3748
3756,4184
3756,4257
3756,4384
3756,4787
3756,4806
3756,4877
3756,5084
3756,5404
3756,5756
3756,5799
3756,5808
3756,5881
3756,5955
3756,6291
3756,6492
3756,6551
3756,6678
3756,6804
3756,7071
3756,7150
3756,7180
3756,7280
3756,7395
3756,7464
3756,7535
3756,7572
3756,7607
3757,456
3757,499
3757,532
3757,1120
3757,1241
3757,3866
3757,3895
3757,4990
3757,5175
3757,5574
3757,5943
3757,7307
3757,7584
3758,23
3758,85
3758,260
3758,584
3758,696
3758,789
3758,813
3758,936
3758,1113
3758,1357
3758,1447
3758,1453
3758,1521
3758,1549
3758,1665
3758,1747
3758,1854
3758,1959
3758,2129
3758,2170
3758,2198
3758,2215
3758,2325
3758,2339
3758,2370
3758,2703
3758,2772
3758,2848
3758,2855
3758,2881
3758,2911
3758,3049
3758,3183
3758,3185
3758,3226
3758,3234
3758,3245
3758,3311
3758,3370
3758,3459
3758,3538
3758,3748
3758,3784
3758,4067
3758,4164
3758,4184
3758,4376
3758,4384
3758,4525
3758,4570
3758,4919
3758,5037
3758,5223
3758,5296
3758,5626
3758,5641
3758,5707
3758,5722
3758,5813
3758,5816
3758,5881
3758,6047
3758,6414
3758,6540
3758,6760
3758,6794
3758,6811
3758,6952
3758,7147
3758,7296
3758,7320
3758,7401
3758,7572
3758,7582
3759,617
3759,686
3759,709
3759,884
3759,968
3759,1061
3759,2064
3759,3104
3759,3127
3759,3494
3759,4087
3759,4292
3759,4814
3759,4849
3759,4925
3759,4978
3759,5523
3759,5793
3759,5877
3759,6002
3759,6042
3759,6130
3759,6806
3759,6873
3759,7065
3759,7451
3760,1189
3760,1289
3760,1361
3760,1976
3760,2239
3760,3430
3760,3878
3760,4422
3760,5082
3760,5404
3760,5845
3760,6027
3760,6210
3760,6624
3760,7322
3761,2198
3761,3469
3761,3542
3761,4198
3761,5234
3761,6064
3761,6464
3762,60
3762,85
3762,291
3762,304
3762,584
3762,904
3762,1011
3762,1070
3762,1293
3762,1453
3762,1456
3762,1478
3762,1524
3762,1624
3762,1798
3762,2106
3762,2143
3762,2198
3762,2215
3762,2275
3762,2313
3762,2659
3762,2719
3762,2765
3762,2883
3762,2956
3762,2967
3762,3025
3762,3039
3762,3183
3762,3199
3762,3311
3762,3330
3762,3538
3762,3559
3762,3895
3762,3926
3762,4080
3762,4384
3762,4584
3762,4680
3762,5132
3762,5261
3762,5418
3762,5709
3762,5931
3762,6017
3762,6412
3762,6427
3762,6537
3762,6551
3762,6640
3762,6952
3762,6981
3762,7067
3762,7131
3762,7603
3763,202
3763,573
3763,930
3763,970
3763,1060
3763,1252
3763,1270
3763,1353
3763,1596
3763,1610
3763,1930
3763,1981
3763,2179
3763,2565
3763,3256
3763,3310
3763,3744
3763,3969
3763,4201
3763,4295
3763,4407
3763,4922
3763,5506
3763,5566
3763,5633
3763,5953
3763,6269
3763,6450
3763,6572
3763,6726
3763,7550
3763,7596
3764,414
3764,1547
3764,1632
3764,1765
3764,1839
3764,2467
3764,3308
3764,3432
3764,3752
3764,4119
3764,4192
3764,5800
3764,6056
3764,6057
3764,6478
3764,6616
3764,6812
3764,7189
3764,7199
3765,40
3765,970
3765,1270
3765,1896
3765,1961
3765,3611
3765,3698
3765,5412
3765,5969
3765,6105
3765,6251
3765,6282
3765,6572
3765,6807
3765,7468
3765,7564
3766,880
3766,3792
3766,3824
3766,4582
3766,5656
3766,5826
3766,6300
3766,7064
3766,7224
3766,7423
3766,7613
3767,150
3767,613
3767,1362
3767,1372
3767,1832
3767,2162
3767,3344
3767,3746
3767,3956
3767,3993
3767,4121
3767,4621
3767,4944
3767,5318
3767,5417
3767,5501
3767,5527
3767,5535
3767,5986
3767,6293
3767,6378
3768,89
3768,258
3768,593
3768,868
3768,1206
3768,1663
3768,1798
3768,2198
3768,2239
3768,3063
3768,3235
3768,3364
3768,3594
3768,4384
3768,4895
3768,4954
3768,6077
3768,6692
3768,6702
3768,6968
3768,7150
3768,7181
3768,7280
3768,7464
3768,7607
3769,348
3769,354
3769,452
3769,547
3769,799
3769,929
3769,1147
3769,1208
3769,1265
3769,1542
3769,1837
3769,1968
3769,1971
3769,2029
3769,2278
3769,2403
3769,2578
3769,2580
3769,2642
3769,2846
3769,2858
3769,3402
3769,3522
3769,3943
3769,4036
3769,4119
3769,4139
3769,4166
3769,4481
3769,4977
3769,5021
3769,5055
3769,5073
3769,5196
3769,5233
3769,6158
3769,6498
3769,6697
3769,6863
3769,6883
3769,7028
3769,7301
3769,7625
3770,310
3770,1252
3770,1425
3770,1701
3770,2221
3770,2867
3770,3085
3770,3400
3770,3490
3770,3865
3770,3895
3770,4200
3770,4362
3770,4410
3770,4752
3770,5418
3770,5506
3770,5994
3770,6314
3770,6367
3770,7004
3770,7153
3771,1073
3771,1373
3771,1380
3771,1815
3771,2420
3771,3290
3771,3526
3771,4101
3771,4276
3771,7451
3772,75
3772,2143
3772,2299
3772,3190
3772,3503
3772,3613
3772,4384
3772,4490
3772,5098
3772,7330
3772,7521
3773,501
3773,593
3773,1069
3773,1966
3773,2198
3773,2239
3773,2773
3773,3856
3773,3866
3773,3887
3773,3922
3773,4102
3773,4670
3773,5150
3773,6211
3773,7467
3774,237
3774,709
3774,884
3774,1737
3774,1909
3774,2064
3774,2168
3774,2251
3774,2292
3774,3231
3774,3494
3774,4237
3774,4379
3774,4925
3774,4980
3774,5877
3774,6090
3774,6130
3774,6231
3774,6290
3774,6550
3774,6635
3774,7460
3774,7565
3775,456
3775,881
3775,1215
3775,1725
3775,2113
3775,2795
3776,1909
3776,5237
3776,5867
3776,6130
3776,7136
3777,148
3777,676
3777,2236
3777,2477
3777,2749
3777,6433
3778,88
3778,146
3778,395
3778,1052
3778,1143
3778,1181
3778,1597
3778,2374
3778,2897
3778,3005
3778,3265
3778,3725
3778,3783
3778,3956
3778,4189
3778,4378
3778,4400
3778,4451
3778,4577
3778,4687
3778,4817
3778,5009
3778,5226
3778,6048
3778,6114
3778,6378
3778,6627
3778,6651
3778,6748
3778,7304
3779,203
3779,922
3779,1568
3779,2093
3779,2363
3779,2589
3779,4009
3779,4634
3779,4747
3779,4989
3779,7130
3779,7250
3781,341
3781,382
3781,584
3781,631
3781,1069
3781,1287
3781,1521
3781,1971
3781,1984
3781,2002
3781,2215
3781,2392
3781,2703
3781,3078
3781,3083
3781,3330
3781,3351
3781,3506
3781,3510
3781,3539
3781,3559
3781,3607
3781,3671
3781,3895
3781,4037
3781,4067
3781,4384
3781,4811
3781,5571
3781,5645
3781,5798
3781,5851
3781,6558
3781,6699
3781,6713
3781,6920
3781,7066
3781,7171
3781,7175
3781,7269
3781,7455
3781,7569
3782,61
3782,260
3782,290
3782,294
3782,593
3782,687
3782,1102
3782,1210
3782,1249
3782,1513
3782,1663
3782,1684
3782,1708
3782,1711
3782,1796
3782,2198
3782,2553
3782,3051
3782,3183
3782,3502
3782,4023
3782,4074
3782,4983
3782,5278
3782,5381
3782,5782
3782,6253
3782,6414
3782,6492
3782,6673
3782,7036
3782,7209
3782,7280
3782,7410
3782,7597
3783,88
3783,100
3783,146
3783,395
3783,1362
3783,1541
3783,2374
3783,3005
3783,3554
3783,3778
3783,3956
3783,4189
3783,4378
3783,4551
3783,4577
3783,4687
3783,6048
3783,6258
3783,6592
3783,6729
3783,6896
3783,7304
3784,71
3784,526
3784,587
3784,696
3784,777
3784,867
3784,911
3784,953
3784,1013
3784,1291
3784,1521
3784,1733
3784,1927
3784,1978
3784,2198
3784,2205
3784,2376
3784,2655
3784,2703
3784,2903
3784,3083
3784,3134
3784,3246
3784,3270
3784,3296
3784,3404
3784,3469
3784,3506
3784,3510
3784,3520
3784,3618
3784,3758
3784,3821
3784,3920
3784,4067
3784,4115
3784,4376
3784,4696
3784,4707
3784,5091
3784,5132
3784,5170
3784,5174
3784,5179
3784,5234
3784,5641
3784,5775
3784,5813
3784,6029
3784,6067
3784,6131
3784,6408
3784,6464
3784,6466
3784,6547
3784,6705
3784,6715
3784,6872
3784,6909
3784,6920
3784,6952
3784,7029
3784,7077
3784,7147
3784,7240
3784,7330
3784,7370
3784,7387
3785,495
3785,4054
3786,2198
3786,2423
3786,3985
3786,4067
3786,4206
3786,5132
3786,5816
3786,6569
3786,6909
3787,485
3787,1353
3787,1633
3787,3035
3787,3605
3787,3928
3787,4959
3787,6237
3787,6450
3787,6572
3788,550
3788,603
3788,959
3788,1640
3788,1737
3788,1823
3788,1920
3788,2109
3788,2409
3788,2720
3788,2837
3788,3231
3788,3747
3788,3885
3788,4727
3788,4980
3788,5162
3788,5421
3788,5829
3788,6231
3788,6561
3788,6635
3788,6791
3788,7126
3789,118
3789,616
3789,1174
3789,1563
3789,2179
3789,3256
3789,3698
3789,5694
3789,6572
3790,368
3790,799
3790,1207
3790,1968
3790,1986
3790,2167
3790,2278
3790,2351
3790,2459
3790,2501
3790,2699
3790,2942
3790,3033
3790,3200
3790,3519
3790,3694
3790,3863
3790,4036
3790,4134
3790,4364
3790,6697
3790,6781
3790,6809
3790,6862
3790,6977
3790,7199
3791,1336
3791,4107
3792,97
3792,197
3792,589
3792,1035
3792,1068
3792,1534
3792,2293
3792,2319
3792,3227
3792,3244
3792,3437
3792,3586
3792,3735
3792,3766
3792,4209
3792,4628
3792,4646
3792,4810
3792,4906
3792,5063
3792,6433
3792,6504
3792,6768
3792,6813
3792,6886
3792,7586
3792,7641
3793,88
3793,156
3793,301
3793,395
3793,430
3793,514
3793,829
3793,1058
3793,1188
3793,2570
3793,2863
3793,2879
3793,3260
3793,3265
3793,3358
3793,3378
3793,3595
3793,3809
3793,4094
3793,4121
3793,4189
3793,4376
3793,4486
3793,4654
3793,4762
3793,4799
3793,4862
3793,4913
3793,5425
3793,5771
3793,5777
3793,5787
3793,5796
3793,5899
3793,5912
3793,6058
3793,6071
3793,6339
3793,6386
3793,6536
3793,6542
3793,6724
3793,6856
3794,7451
3795,179
3795,298
3795,4459
3795,7426
3795,7462
3796,85
3796,357
3796,552
3796,693
3796,930
3796,1284
3796,1414
3796,1453
3796,1854
3796,1862
3796,1875
3796,2595
3796,3183
3796,3370
3796,3672
3796,3895
3796,4622
3796,5132
3796,5143
3796,5212
3796,5296
3796,6787
3796,7079
3796,7252
3797,7
3797,1742
3797,1865
3797,3119
3797,3416
3797,3940
3797,4175
3797,4425
3797,5431
3797,5565
3797,6132
3797,6218
3797,6853
3797,7027
3797,7249
3797,7515
3797,7645
3798,394
3798,2907
3798,5089
3798,6716
3799,169
3799,351
3799,593
3799,596
3799,811
3799,924
3799,1271
3799,1329
3799,1744
3799,1797
3799,1899
3799,2262
3799,2432
3799,2485
3799,2553
3799,2628
3799,2634
3799,2689
3799,3051
3799,3081
3799,3138
3799,3160
3799,3422
3799,3623
3799,3704
3799,3721
3799,4023
3799,4074
3799,4755
3799,5037
3799,5139
3799,5148
3799,5328
3799,5518
3799,5543
3799,5669
3799,5734
3799,5780
3799,5897
3799,5904
3799,5979
3799,6414
3799,6475
3799,6702
3799,6968
3799,7170
3799,7215
3800,3005
3800,4084
3800,4378
3800,6592
3801,409
3801,1055
3801,1354
3801,1410
3801,1533
3801,1638
3801,1823
3801,2109
3801,2168
3801,2181
3801,2788
3801,2850
3801,2877
3801,2951
3801,3231
3801,3601
3801,3885
3801,4144
3801,4896
3801,4923
3801,4950
3801,5537
3801,5759
3801,6401
3801,6428
3801,6550
3801,7011
3801,7165
3801,7268
3802,162
3802,305
3802,363
3802,751
3802,1005
3802,1158
3802,1205
3802,1345
3802,1689
3802,1774
3802,1905
3802,1961
3802,2304
3802,2700
3802,2758
3802,2844
3802,2996
3802,2998
3802,3101
3802,3139
3802,3369
3802,3507
3802,3600
3802,3716
3802,3928
3802,3969
3802,4015
3802,4187
3802,4311
3802,4318
3802,4440
3802,4701
3802,5156
3802,5173
3802,5268
3802,5305
3802,5483
3802,5657
3802,5760
3802,5866
3802,6341
3802,6545
3802,6783
3802,6807
3802,7038
3802,7184
3802,7305
3802,7374
3803,932
3803,1115
3803,1772
3803,2318
3803,3361
3803,3879
3803,4237
3803,5027
3803,6199
3803,7460
3804,260
3804,593
3804,1093
3804,1254
3804,1293
3804,1296
3804,1472
3804,1712
3804,1798
3804,1902
3804,1959
3804,2198
3804,2410
3804,2730
3804,3748
3804,4303
3804,5132
3804,5404
3804,5756
3804,5976
3804,6551
3804,6774
3805,412
3805,570
3805,749
3805,882
3805,1243
3805,1531
3805,1648
3805,1759
3805,1969
3805,2090
3805,2147
3805,2250
3805,2260
3805,2324
3805,2622
3805,2775
3805,2822
3805,3091
3805,3116
3805,3371
3805,4412
3805,4467
3805,4603
3805,4960
3805,5245
3805,5257
3805,5540
3805,5691
3805,5848
3805,6143
3805,6465
3805,7086
3805,7614
3806,7
3806,399
3806,645
3806,1213
3806,1306
3806,1411
3806,1852
3806,2321
3806,3048
3806,3536
3806,3811
3806,3843
3806,4126
3806,4133
3806,4265
3806,4363
3806,5395
3806,5599
3806,5915
3806,6127
3806,6151
3806,6380
3806,6525
3806,6650
3807,26
3807,36
3807,592
3807,739
3807,1194
3807,1591
3807,2556
3807,2685
3807,2778
3807,2871
3807,2887
3807,3243
3807,3247
3807,3657
3807,3923
3807,4082
3807,4217
3807,4791
3807,4912
3807,5133
3807,5378
3807,5597
3807,5932
3807,6343
3807,6371
3807,6759
3807,7119
3807,7283
3807,7534
3808,85
3808,260
3808,369
3808,553
3808,593
3808,1058
3808,1102
3808,1113
3808,1210
3808,1249
3808,1453
3808,1575
3808,1708
3808,1796
3808,1798
3808,1899
3808,2115
3808,2198
3808,2239
3808,2571
3808,2600
3808,3370
3808,3502
3808,3748
3808,4210
3808,4376
3808,4384
3808,5404
3808,5649
3808,5816
3808,6253
3808,6468
3808,6551
3808,6702
3808,6985
3808,7296
3808,7572
3808,7582
3808,7597
3809,829
3809,2863
3809,3397
3809,3793
3809,4617
3809,4654
3809,4913
3809,5574
3809,5796
3809,5912
3809,6058
3809,6420
3809,6724
3809,6914
3811,7
3811,399
3811,441
3811,853
3811,991
3811,1053
3811,1204
3811,1460
3811,1852
3811,2046
3811,2180
3811,2255
3811,2321
3811,2957
3811,3048
3811,3130
3811,3420
3811,3536
3811,3730
3811,3806
3811,3843
3811,4265
3811,5161
3811,5465
3811,5600
3811,5915
3811,6213
3811,6380
3811,6525
3811,6650
3811,6687
3811,6894
3812,833
3812,923
3812,2653
3812,4629
3812,4747
3812,4967
3812,5064
3812,6009
3812,6074
3813,268
3813,577
3813,805
3813,2769
3813,3437
3813,4793
3813,5093
3813,5134
3813,6304
3813,7488
3813,7586
3814,242
3814,1035
3814,2293
3814,2748
3814,3352
3814,4628
3814,4810
3814,4961
3814,5563
3814,5633
3814,6418
3814,7447
3815,541
3815,1751
3815,2389
3815,3065
3815,3167
3815,4539
3815,4728
3815,4758
3815,6679
3815,6913
3815,6997
3815,7043
3815,7124
3815,7566
3815,7630
3816,1252
3816,1596
3816,1610
3816,5947
3816,6269
3816,6572
3817,116
3817,489
3817,497
3817,558
3817,673
3817,764
3817,835
3817,954
3817,1302
3817,1442
3817,1744
3817,1790
3817,1829
3817,1915
3817,2005
3817,2066
3817,2244
3817,2287
3817,2494
3817,2558
3817,2559
3817,2686
3817,2798
3817,3049
3817,3115
3817,3203
3817,3249
3817,3331
3817,3433
3817,3527
3817,3578
3817,3612
3817,3704
3817,3721
3817,3856
3817,4273
3817,4592
3817,4670
3817,4714
3817,4777
3817,4805
3817,5068
3817,5158
3817,5203
3817,5332
3817,5484
3817,5487
3817,5664
3817,5734
3817,5889
3817,6305
3817,6438
3817,6720
3817,6945
3817,7116
3817,7151
3817,7262
3817,7467
3817,7518
3817,7553
3817,7573
3817,7587
3818,2
3819,195
3819,394
3819,988
3819,1416
3819,1556
3819,1773
3819,2056
3819,2078
3819,2412
3819,2453
3819,2608
3819,3086
3819,3159
3819,3227
3819,3244
3819,3267
3819,3437
3819,3729
3819,3735
3819,3869
3819,3953
3819,4209
3819,4501
3819,4628
3819,4665
3819,4738
3819,4906
3819,5035
3819,5454
3819,5817
3819,5872
3819,6031
3819,6307
3819,6352
3819,6621
3819,6970
3819,7217
3819,7224
3820,275
3820,316
3820,463
3820,517
3820,828
3820,972
3820,1630
3820,1759
3820,1849
3820,2037
3820,2250
3820,2260
3820,2281
3820,2357
3820,3575
3820,3840
3820,3992
3820,4300
3820,4539
3820,4666
3820,4739
3820,5110
3820,5448
3820,6465
3820,6502
3820,6679
3820,7043
3820,7075
3820,7255
3821,5
3821,8
3821,382
3821,397
3821,571
3821,748
3821,911
3821,953
3821,1196
3821,1225
3821,1566
3821,1739
3821,1922
3821,1978
3821,2028
3821,2055
3821,2258
3821,2363
3821,2529
3821,2893
3821,2993
3821,3250
3821,3404
3821,3702
3821,3784
3821,3978
3821,4050
3821,4368
3821,4500
3821,4634
3821,4692
3821,5179
3821,5775
3821,6029
3821,6243
3821,6522
3821,6547
3821,6610
3821,6724
3821,6960
3821,7149
3821,7624
3822,1261
3822,2349
3822,6142
3822,6721
3823,53
3823,108
3823,496
3823,1248
3823,1340
3823,1381
3823,1403
3823,1443
3823,1556
3823,1952
3823,1964
3823,2412
3823,2512
3823,2594
3823,2608
3823,2695
3823,2840
3823,3046
3823,3145
3823,3222
3823,3227
3823,3642
3823,3662
3823,4689
3823,4994
3823,5074
3823,5644
3823,5894
3823,6433
3823,6504
3823,6813
3823,7063
3823,7145
3823,7427
3823,7606
3824,242
3824,1068
3824,1936
3824,2254
3824,3239
3824,3437
3824,3495
3824,3653
3824,3766
3824,4078
3824,4689
3824,4786
3824,5035
3824,5320
3824,5337
3824,5382
3824,5458
3824,6051
3824,6249
3824,6460
3824,6516
3824,6768
3824,6886
3824,7412
3825,405
3825,749
3825,848
3825,1054
3825,1389
3825,1531
3825,1648
3825,1759
3825,1827
3825,2090
3825,2192
3825,2250
3825,2260
3825,2324
3825,2609
3825,2754
3825,2822
3825,2849
3825,3006
3825,3326
3825,3371
3825,4056
3825,4375
3825,4412
3825,4496
3825,4881
3825,4949
3825,4960
3825,5028
3825,5164
3825,5245
3825,5257
3825,5497
3825,5512
3825,6124
3825,6465
3825,6840
3825,7073
3825,7086
3825,7400
3825,7614
3826,310
3826,1425
3826,2221
3826,2867
3826,3400
3826,3490
3826,3865
3826,4410
3826,4752
3826,5418
3826,5994
3826,6070
3826,6367
3826,7004
3826,7175
3826,7603
3827,1566
3827,3404
3827,3506
3827,3978
3827,4009
3827,4067
3827,4653
3827,4747
3827,4957
3827,4967
3827,6243
3827,7000
3827,7093
3827,7149
3827,7325
3828,197
3828,1936
3828,2280
3828,4019
3828,4106
3828,4172
3828,4689
3828,4786
3828,5337
3828,5666
3828,5725
3828,6283
3828,6433
3828,6735
3828,7641
3829,209
3829,524
3829,1068
3829,3586
3829,3735
3829,4646
3829,4689
3829,4786
3829,4961
3829,6025
3829,6169
3829,6307
3829,6514
3829,7050
3829,7081
3829,7217
3829,7532
3830,324
3830,749
3830,1609
3830,1648
3830,2508
3830,2860
3830,3021
3830,3640
3830,3649
3830,3722
3830,4245
3830,4881
3830,4883
3830,4960
3830,4972
3830,5045
3830,5069
3830,5250
3830,5465
3830,5848
3830,6532
3830,6765
3830,7073
3831,1444
3831,2198
3831,2239
3831,3532
3831,3557
3831,4230
3831,4356
3832,73
3832,89
3832,92
3832,495
3832,593
3832,606
3832,1189
3832,1296
3832,1757
3832,1984
3832,1999
3832,2198
3832,2239
3832,2913
3832,3277
3832,3501
3832,3591
3832,3698
3832,3891
3832,4302
3832,4320
3832,4356
3832,4422
3832,4952
3832,5420
3832,5816
3832,6572
3832,6624
3832,6740
3832,7134
3832,7330
3832,7395
3833,66
3833,1035
3833,1190
3833,1450
3833,3107
3833,3735
3833,3953
3833,3975
3833,4089
3833,4235
3833,4325
3833,4961
3833,5047
3833,5093
3833,5310
3833,5684
3833,6109
3833,6120
3833,6814
3833,7081
3833,7117
3833,7205
3834,48
3834,92
3834,259
3834,269
3834,411
3834,680
3834,1782
3834,1872
3834,1959
3834,2198
3834,2239
3834,2572
3834,2820
3834,3277
3834,3561
3834,3983
3834,4822
3834,5500
3834,6210
3834,6551
3834,6702
3834,7357
3834,7395
3834,7510
3835,751
3835,1633
3835,3928
3836,7399
3837,1084
3837,1761
3837,3510
3837,3839
3837,4503
3837,4990
3838,564
3838,2713
3838,4882
3838,7099
3839,5
3839,669
3839,804
3839,892
3839,1196
3839,1597
3839,1922
3839,1979
3839,2111
3839,2258
3839,2893
3839,2917
3839,2945
3839,3062
3839,3270
3839,3492
3839,3510
3839,3742
3839,3837
3839,3964
3839,4116
3839,5170
3839,5786
3839,6569
3839,6879
3839,6980
3839,7125
3839,7130
3839,7250
3840,442
3840,517
3840,556
3840,786
3840,828
3840,1016
3840,1054
3840,1122
3840,1428
3840,1434
3840,1717
3840,1759
3840,1766
3840,1983
3840,2019
3840,2098
3840,2132
3840,2260
3840,2281
3840,2324
3840,2327
3840,2357
3840,2609
3840,2635
3840,2717
3840,2806
3840,3006
3840,3065
3840,3283
3840,3291
3840,3523
3840,3820
3840,3874
3840,4034
3840,4236
3840,4281
3840,4554
3840,4614
3840,4619
3840,4666
3840,4704
3840,4751
3840,4758
3840,4960
3840,5245
3840,5529
3840,5692
3840,5978
3840,6164
3840,6257
3840,6502
3840,6552
3840,6666
3840,6772
3840,6842
3840,7060
3840,7241
3840,7255
3840,7348
3840,7366
3841,1574
3841,3148
3841,4063
3841,4432
3841,4437
3841,4690
3841,5323
3841,5919
3841,6053
3841,6869
3841,7074
3841,7168
3841,7495
3842,621
3842,2390
3842,3329
3842,4507
3842,4621
3842,4705
3842,5318
3842,6274
3842,7591
3843,7
3843,158
3843,247
3843,337
3843,399
3843,401
3843,441
3843,464
3843,890
3843,935
3843,1053
3843,1204
3843,1213
3843,1306
3843,1460
3843,1471
3843,1694
3843,1852
3843,2046
3843,2054
3843,2180
3843,2250
3843,2255
3843,2321
3843,2504
3843,2957
3843,3048
3843,3057
3843,3116
3843,3204
3843,3309
3843,3315
3843,3420
3843,3481
3843,3489
3843,3536
3843,3730
3843,3806
3843,3811
3843,4035
3843,4126
3843,4133
3843,4224
3843,4265
3843,4598
3843,4644
3843,4648
3843,5147
3843,5161
3843,5236
3843,5274
3843,5393
3843,5395
3843,5427
3843,5600
3843,5915
3843,5977
3843,5995
3843,6081
3843,6127
3843,6151
3843,6213
3843,6250
3843,6357
3843,6380
3843,6525
3843,6607
3843,6650
3843,6687
3843,6763
3843,6871
3843,6894
3843,7092
3843,7306
3844,92
3844,240
3844,568
3844,593
3844,1239
3844,1327
3844,1444
3844,1501
3844,2198
3844,2239
3844,2510
3844,2979
3844,3063
3844,3171
3844,3183
3844,3277
3844,3364
3844,3532
3844,3594
3844,4164
3844,4267
3844,4381
3844,4384
3844,4680
3844,5222
3844,5404
3844,5510
3844,5707
3844,5816
3844,6409
3844,6551
3844,6707
3844,7330
3844,7395
3845,19
3845,142
3845,420
3845,554
3845,620
3845,1824
3845,2602
3845,3236
3845,3741
3845,3873
3845,4008
3845,4181
3845,4208
3845,4292
3845,4351
3845,4357
3845,4615
3845,4726
3845,4923
3845,5094
3845,5107
3845,5361
3845,5380
3845,6623
3845,6653
3845,7080
3845,7565
3846,4843
3846,5642
3847,769
3847,1718
3847,2000
3847,2162
3847,2390
3847,3329
3847,3557
3847,3631
3847,3645
3847,3705
3847,4118
3847,4136
3847,4482
3847,4507
3847,4555
3847,4725
3847,5604
3847,6274
3847,6314
3847,6433
3847,7191
3847,7579
3847,7591
3848,1897
3848,5130
3849,28
3849,143
3849,299
3849,456
3849,920
3849,1185
3849,1280
3849,1429
3849,1872
3849,1929
3849,1962
3849,2586
3849,2738
3849,2795
3849,2801
3849,3271
3849,3856
3849,3889
3849,4021
3849,4033
3849,4373
3849,4522
3849,5022
3849,5317
3849,5376
3849,5504
3849,6015
3849,6210
3849,6403
3849,6594
3849,6807
3849,6852
3849,7020
3849,7032
3849,7072
3849,7293
3849,7373
3850,120
3850,932
3850,1234
3850,1237
3850,1326
3850,1367
3850,2343
3850,2362
3850,2528
3850,3361
3850,4237
3850,4399
3850,4655
3850,5124
3850,5480
3850,5762
3850,7460
3851,3187
3851,4631
3851,4702
3852,681
3852,805
3852,1035
3852,2976
3852,3156
3852,3175
3852,3227
3852,3437
3852,3953
3852,4209
3852,4258
3852,4429
3852,5086
3852,5684
3852,6169
3852,6205
3852,6324
3852,6472
3852,6768
3852,7081
3852,7575
3852,7586
3852,7620
3853,929
3853,1577
3853,3321
3853,3694
3853,4922
3853,7499
3854,456
3854,2586
3854,4071
3854,4174
3854,4952
3854,5993
3854,6301
3854,6887
3854,7276
3854,7395
3855,829
3855,864
3855,867
3855,1188
3855,1388
3855,2198
3855,2223
3855,2355
3855,2511
3855,2570
3855,2834
3855,2863
3855,2879
3855,2918
3855,3595
3855,4094
3855,4376
3855,4869
3855,4913
3855,4973
3855,5771
3855,5787
3855,5796
3855,5912
3855,6058
3855,6409
3855,6724
3855,7084
3855,7330
3856,28
3856,48
3856,72
3856,105
3856,167
3856,258
3856,269
3856,276
3856,305
3856,306
3856,312
3856,403
3856,536
3856,593
3856,659
3856,756
3856,774
3856,809
3856,847
3856,924
3856,966
3856,1017
3856,1034
3856,1181
3856,1182
3856,1245
3856,1280
3856,1344
3856,1452
3856,1470
3856,1517
3856,1520
3856,1534
3856,1569
3856,1571
3856,1585
3856,1671
3856,1738
3856,1744
3856,1782
3856,1834
3856,1899
3856,1911
3856,1929
3856,1961
3856,2005
3856,2015
3856,2030
3856,2045
3856,2070
3856,2198
3856,2206
3856,2229
3856,2239
3856,2286
3856,2380
3856,2432
3856,2447
3856,2485
3856,2586
3856,2619
3856,2644
3856,2649
3856,2689
3856,2740
3856,2761
3856,2796
3856,2871
3856,2904
3856,2917
3856,2960
3856,3008
3856,3109
3856,3138
3856,3152
3856,3194
3856,3278
3856,3381
3856,3419
3856,3439
3856,3512
3856,3578
3856,3579
3856,3585
3856,3605
3856,3623
3856,3683
3856,3686
3856,3704
3856,3715
3856,3720
3856,3721
3856,3773
3856,3817
3856,3849
3856,3916
3856,3931
3856,3987
3856,4001
3856,4033
3856,4044
3856,4161
3856,4164
3856,4188
3856,4415
3856,4510
3856,4578
3856,4688
3856,4731
3856,4805
3856,4854
3856,4863
3856,4870
3856,4900
3856,4906
3856,4991
3856,5001
3856,5029
3856,5114
3856,5136
3856,5214
3856,5335
3856,5343
3856,5364
3856,5412
3856,5474
3856,5500
3856,5543
3856,5549
3856,5615
3856,5654
3856,5708
3856,5734
3856,5783
3856,5853
3856,5878
3856,5897
3856,5963
3856,5979
3856,6020
3856,6038
3856,6077
3856,6176
3856,6177
3856,6187
3856,6189
3856,6338
3856,6357
3856,6381
3856,6382
3856,6414
3856,6526
3856,6614
3856,6627
3856,6658
3856,6702
3856,6746
3856,6784
3856,6807
3856,6887
3856,6900
3856,6947
3856,7042
3856,7097
3856,7179
3856,7215
3856,7221
3856,7247
3856,7293
3856,7297
3856,7328
3856,7351
3856,7364
3856,7395
3856,7430
3856,7440
3856,7518
3856,7526
3857,44
3857,929
3857,1553
3857,1577
3857,1844
3857,2188
3857,3541
3857,3568
3857,4468
3857,6415
3857,6697
3857,7499
3858,593
3858,1744
3858,1899
3858,2198
3858,5518
3858,5543
3858,5734
3858,6702
3858,7280
3859,27
3859,77
3859,89
3859,258
3859,269
3859,309
3859,319
3859,369
3859,377
3859,593
3859,633
3859,800
3859,1206
3859,1513
3859,1663
3859,1738
3859,1798
3859,2106
3859,2198
3859,2239
3859,2541
3859,2571
3859,3185
3859,3277
3859,3578
3859,4184
3859,4380
3859,4510
3859,4522
3859,4578
3859,4768
3859,5006
3859,5372
3859,5707
3859,5799
3859,5979
3859,6183
3859,6551
3859,6566
3859,6664
3859,6678
3859,6702
3859,6707
3859,7280
3859,7295
3859,7353
3859,7395
3859,7464
3859,7535
3859,7551
3859,7607
3860,385
3860,1123
3860,1395
3860,2930
3860,3967
3861,220
3861,527
3861,1058
3861,1415
3861,2198
3861,2370
3861,3693
3861,3748
3861,3895
3861,4155
3861,4164
3861,4290
3861,4384
3861,5251
3861,5296
3861,5404
3861,5881
3861,7572
3862,1678
3862,2469
3862,5303
3863,368
3863,451
3863,1398
3863,1848
3863,1968
3863,1986
3863,2020
3863,2351
3863,2459
3863,2501
3863,2580
3863,2692
3863,2699
3863,2846
3863,3200
3863,3639
3863,3694
3863,3790
3863,3921
3863,4364
3863,4396
3863,4597
3863,4929
3863,4955
3863,5570
3863,5900
3863,6781
3863,6863
3863,6934
3863,6977
3863,7358
3863,7567
3864,95
3864,1726
3864,1901
3864,3040
3864,4672
3864,4683
3864,5869
3864,6503
3864,6747
3865,310
3865,586
3865,643
3865,1166
3865,1701
3865,2254
3865,2338
3865,2524
3865,2712
3865,3009
3865,3085
3865,3136
3865,3173
3865,3400
3865,3490
3865,3496
3865,3690
3865,3770
3865,3826
3865,4200
3865,4383
3865,4410
3865,4752
3865,4783
3865,4880
3865,5172
3865,5367
3865,5387
3865,5994
3865,6031
3865,6312
3865,7045
3865,7175
3866,62
3866,91
3866,178
3866,185
3866,213
3866,308
3866,389
3866,461
3866,495
3866,501
3866,583
3866,597
3866,760
3866,766
3866,861
3866,990
3866,1014
3866,1032
3866,1069
3866,1091
3866,1134
3866,1325
3866,1337
3866,1339
3866,1418
3866,1426
3866,1432
3866,1481
3866,1494
3866,1546
3866,1572
3866,1589
3866,1608
3866,1619
3866,1623
3866,1673
3866,1794
3866,1802
3866,1817
3866,1875
3866,1958
3866,1962
3866,1966
3866,1979
3866,2028
3866,2055
3866,2087
3866,2143
3866,2202
3866,2258
3866,2368
3866,2375
3866,2418
3866,2427
3866,2522
3866,2569
3866,2577
3866,2664
3866,2678
3866,2795
3866,2889
3866,2977
3866,2993
3866,3149
3866,3203
3866,3207
3866,3223
3866,3284
3866,3295
3866,3330
3866,3381
3866,3492
3866,3527
3866,3578
3866,3607
3866,3665
3866,3695
3866,3701
3866,3757
3866,3773
3866,3887
3866,3890
3866,3895
3866,3922
3866,3959
3866,3994
3866,4037
3866,4042
3866,4097
3866,4141
3866,4185
3866,4223
3866,4315
3866,4324
3866,4480
3866,4670
3866,4672
3866,4692
3866,4722
3866,4771
3866,4851
3866,4890
3866,4971
3866,5080
3866,5098
3866,5143
3866,5150
3866,5171
3866,5189
3866,5208
3866,5287
3866,5378
3866,5386
3866,5455
3866,5508
3866,5521
3866,5676
3866,5749
3866,5865
3866,5880
3866,5944
3866,5948
3866,5949
3866,5962
3866,5998
3866,6012
3866,6098
3866,6211
3866,6246
3866,6308
3866,6448
3866,6536
3866,6560
3866,6770
3866,6815
3866,6904
3866,7005
3866,7022
3866,7032
3866,7054
3866,7151
3866,7171
3866,7222
3866,7226
3866,7269
3866,7305
3866,7310
3866,7344
3866,7452
3866,7467
3866,7478
3866,7480
3866,7584
3866,7603
3867,479
3867,552
3867,1040
3867,1058
3867,1268
3867,1959
3867,2039
3867,2198
3867,2239
3867,2377
3867,2600
3867,2881
3867,2981
3867,3748
3867,4257
3867,4376
3867,4384
3867,4392
3867,4680
3867,4805
3867,4806
3867,4846
3867,5070
3867,5194
3867,5296
3867,5799
3867,5816
3867,5855
3867,6354
3867,7046
3867,7085
3867,7175
3867,7296
3867,7572
3868,2021
3868,2299
3868,3895
3868,4376
3868,4384
3868,4490
3868,6063
3868,6588
3868,7330
3869,195
3869,336
3869,394
3869,549
3869,941
3869,1175
3869,1248
3869,1295
3869,1416
3869,1454
3869,1556
3869,2014
3869,2052
3869,2056
3869,2412
3869,2422
3869,2608
3869,2662
3869,2695
3869,2749
3869,2833
3869,3086
3869,3159
3869,3227
3869,3244
3869,3461
3869,3467
3869,3633
3869,3729
3869,3819
3869,3949
3869,4628
3869,4665
3869,4906
3869,5074
3869,5185
3869,5454
3869,5638
3869,5872
3869,6352
3869,6549
3869,6621
3869,6813
3869,6838
3869,6970
3869,7224
3869,7621
3870,75
3870,680
3870,881
3870,1215
3870,1379
3870,1725
3870,2113
3870,5022
3870,5263
3871,62
3871,308
3871,771
3871,1091
3871,1499
3871,1572
3871,1794
3871,1802
3871,1843
3871,2028
3871,2055
3871,2143
3871,2577
3871,2676
3871,2894
3871,2993
3871,3223
3871,3330
3871,3421
3871,3607
3871,3691
3871,3887
3871,3925
3871,3959
3871,4223
3871,4349
3871,4493
3871,4692
3871,4890
3871,5280
3871,5589
3871,5893
3871,5948
3871,5957
3871,6677
3871,6770
3871,6960
3871,7022
3871,7171
3871,7222
3871,7269
3871,7478
3871,7480
3871,7603
3871,7623
3872,168
3872,239
3872,577
3872,791
3872,894
3872,1072
3872,1681
3872,1869
3872,1951
3872,2184
3872,2308
3872,2550
3872,4193
3872,5134
3872,5624
3872,5812
3872,5826
3872,5946
3872,5970
3872,6049
3872,6072
3872,6523
3872,6698
3872,7237
3872,7438
3872,7618
3873,2109
3873,2251
3873,2456
3873,3231
3873,3845
3873,4647
3873,4980
3873,5829
3873,5911
3873,7126
3873,7460
3874,442
3874,517
3874,882
3874,1054
3874,1434
3874,1504
3874,1751
3874,1759
3874,1864
3874,1969
3874,2098
3874,2114
3874,2132
3874,2260
3874,2281
3874,2327
3874,2419
3874,2754
3874,2806
3874,3006
3874,3065
3874,3090
3874,3324
3874,3392
3874,3575
3874,3597
3874,3840
3874,4281
3874,4300
3874,4666
3874,4704
3874,4739
3874,4751
3874,4758
3874,5245
3874,5448
3874,5978
3874,6046
3874,6104
3874,6164
3874,6257
3874,6391
3874,6465
3874,6502
3874,6552
3874,6666
3874,6772
3874,7043
3874,7124
3874,7144
3874,7241
3874,7255
3874,7366
3874,7470
3875,3231
3876,1744
3876,1899
3876,2198
3876,2336
3876,2615
3876,2913
3876,3105
3876,3623
3876,4388
3876,4669
3876,4895
3876,5042
3876,5903
3876,6414
3876,6702
3877,2094
3877,3608
3877,4437
3877,4690
3877,5767
3877,6346
3877,6869
3878,1133
3878,1189
3878,1261
3878,1289
3878,1361
3878,1442
3878,1607
3878,3430
3878,3760
3878,4716
3878,4805
3878,5845
3878,6369
3878,6440
3878,6677
3878,6740
3878,7234
3879,54
3879,59
3879,122
3879,208
3879,219
3879,230
3879,420
3879,595
3879,729
3879,815
3879,824
3879,932
3879,1003
3879,1115
3879,1256
3879,1262
3879,1303
3879,1367
3879,1392
3879,1664
3879,1676
3879,1724
3879,1737
3879,1835
3879,1841
3879,1868
3879,1920
3879,2079
3879,2140
3879,2168
3879,2318
3879,2366
3879,2388
3879,2391
3879,2399
3879,2439
3879,2528
3879,2949
3879,3028
3879,3087
3879,3201
3879,3231
3879,3266
3879,3361
3879,3412
3879,3564
3879,3569
3879,3803
3879,4197
3879,4237
3879,4322
3879,4335
3879,4399
3879,4512
3879,4544
3879,4599
3879,4647
3879,4861
3879,4896
3879,4945
3879,5027
3879,5131
3879,5140
3879,5163
3879,5271
3879,5410
3879,5429
3879,5611
3879,5815
3879,6095
3879,6111
3879,6113
3879,6133
3879,6138
3879,6199
3879,6217
3879,6233
3879,6268
3879,6286
3879,6347
3879,6423
3879,6480
3879,6550
3879,6718
3879,6935
3879,6975
3879,7009
3879,7108
3879,7141
3879,7264
3879,7285
3879,7460
3879,7491
3879,7500
3880,758
3880,995
3880,2311
3880,2443
3880,2654
3880,2756
3880,2757
3880,3064
3880,3376
3880,3460
3880,3924
3880,4143
3880,4280
3880,4492
3880,5754
3880,6601
3880,6653
3880,7236
3880,7565
3881,273
3881,557
3881,763
3881,965
3881,1656
3881,4143
3881,4673
3881,5686
3881,6623
3881,6645
3881,6653
3881,6874
3882,369
3882,446
3882,810
3882,1178
3882,1453
3882,2198
3882,2239
3882,2571
3882,3459
3882,3698
3882,3713
3882,3895
3882,4067
3882,4091
3882,4376
3882,4384
3882,5042
3882,5070
3882,5316
3882,5404
3882,5415
3882,6551
3882,7464
3883,1188
3883,1388
3883,1891
3883,2834
3883,2863
3883,2898
3883,4094
3883,4913
3883,5771
3883,5787
3883,5796
3883,5912
3883,6058
3883,6339
3883,6856
3884,1681
3884,4969
3884,5043
3884,5382
3884,5656
3884,6523
3884,7237
3884,7618
3885,208
3885,603
3885,959
3885,1640
3885,1920
3885,2109
3885,2251
3885,2292
3885,2409
3885,2837
3885,3231
3885,3747
3885,3788
3885,3801
3885,4379
3885,4896
3885,4980
3885,5135
3885,5829
3885,6231
3885,6290
3885,6550
3885,6561
3885,6635
3885,6948
3885,7126
3885,7243
3886,495
3886,835
3886,2317
3886,3249
3886,3433
3886,3578
3886,7106
3887,91
3887,305
3887,432
3887,495
3887,766
3887,771
3887,1013
3887,1046
3887,1069
3887,1225
3887,1339
3887,1418
3887,1426
3887,1442
3887,1566
3887,1619
3887,1623
3887,1794
3887,1802
3887,2058
3887,2143
3887,2198
3887,2202
3887,2354
3887,2372
3887,2418
3887,2427
3887,2625
3887,2627
3887,2857
3887,2993
3887,3162
3887,3223
3887,3404
3887,3421
3887,3578
3887,3773
3887,3866
3887,3871
3887,3925
3887,4042
3887,4054
3887,4109
3887,4185
3887,4194
3887,4343
3887,4376
3887,4479
3887,4790
3887,5378
3887,5404
3887,5455
3887,5459
3887,5676
3887,5781
3887,5957
3887,6098
3887,6211
3887,6470
3887,6581
3887,6864
3887,7022
3887,7054
3887,7067
3887,7225
3887,7305
3887,7370
3887,7467
3887,7478
3887,7624
3888,106
3888,217
3888,248
3888,262
3888,456
3888,834
3888,964
3888,1215
3888,1245
3888,1379
3888,1409
3888,1725
3888,1872
3888,2070
3888,2084
3888,2113
3888,2588
3888,2795
3888,3080
3888,3578
3888,4067
3888,4098
3888,4991
3888,5263
3888,5474
3888,5674
3888,5864
3888,5997
3888,7298
3888,7589
3889,28
3889,48
3889,248
3889,305
3889,1228
3889,1603
3889,1872
3889,2198
3889,2239
3889,3194
3889,3849
3889,4390
3889,4731
3889,4805
3889,4822
3889,4991
3889,5296
3889,5474
3889,5664
3889,5903
3889,5997
3889,6176
3889,6210
3889,6384
3889,7020
3889,7293
3889,7298
3889,7357
3889,7467
3890,305
3890,432
3890,495
3890,597
3890,766
3890,780
3890,1069
3890,1453
3890,1546
3890,1753
3890,1802
3890,2143
3890,2372
3890,2375
3890,2522
3890,2993
3890,3049
3890,3578
3890,3866
3890,3895
3890,4037
3890,4054
3890,4376
3890,4422
3890,4940
3890,5676
3890,6211
3890,6309
3890,7054
3890,7067
3890,7269
3890,7296
3890,7310
3890,7584
3891,92
3891,143
3891,305
3891,456
3891,551
3891,843
3891,930
3891,1189
3891,1586
3891,2011
3891,2586
3891,2663
3891,2738
3891,2804
3891,3073
3891,3298
3891,3359
3891,3394
3891,3698
3891,3832
3891,4039
3891,4330
3891,4422
3891,4479
3891,4904
3891,4940
3891,5562
3891,5650
3891,5772
3891,5984
3891,6161
3891,6490
3891,6588
3891,6620
3891,6951
3891,7032
3892,22
3892,315
3892,554
3892,557
3892,580
3892,794
3892,995
3892,1079
3892,1656
3892,1664
3892,1772
3892,1953
3892,2240
3892,2382
3892,2654
3892,2757
3892,3376
3892,3417
3892,3741
3892,3903
3892,3924
3892,3997
3892,4008
3892,4143
3892,4208
3892,4280
3892,4351
3892,4673
3892,5380
3892,5587
3892,5686
3892,6111
3892,6278
3892,6347
3892,6623
3892,6653
3892,7157
3892,7451
3892,7504
3892,7565
3893,24
3893,593
3893,2198
3893,3946
3893,4522
3893,5050
3893,5324
3893,5469
3893,6614
3893,6702
3893,7247
3893,7395
3894,292
3894,384
3894,560
3894,889
3894,891
3894,912
3894,1386
3894,1812
3894,1992
3894,2126
3894,2283
3894,2373
3894,2594
3894,2932
3894,3675
3894,5210
3894,5605
3894,7435
3895,14
3895,18
3895,62
3895,69
3895,85
3895,91
3895,116
3895,123
3895,127
3895,185
3895,198
3895,201
3895,240
3895,260
3895,266
3895,304
3895,308
3895,321
3895,346
3895,369
3895,415
3895,421
3895,432
3895,450
3895,473
3895,502
3895,538
3895,542
3895,576
3895,625
3895,629
3895,657
3895,693
3895,711
3895,715
3895,718
3895,735
3895,766
3895,789
3895,795
3895,813
3895,831
3895,841
3895,904
3895,905
3895,955
3895,973
3895,989
3895,990
3895,1011
3895,1014
3895,1030
3895,1067
3895,1069
3895,1070
3895,1076
3895,1091
3895,1093
3895,1094
3895,1113
3895,1137
3895,1170
3895,1210
3895,1211
3895,1226
3895,1249
3895,1254
3895,1268
3895,1284
3895,1293
3895,1339
3895,1357
3895,1368
3895,1402
3895,1406
3895,1418
3895,1427
3895,1430
3895,1453
3895,1456
3895,1478
3895,1485
3895,1499
3895,1532
3895,1540
3895,1619
3895,1621
3895,1631
3895,1651
3895,1655
3895,1673
3895,1682
3895,1695
3895,1711
3895,1775
3895,1784
3895,1794
3895,1802
3895,1817
3895,1831
3895,1847
3895,1854
3895,1860
3895,1871
3895,1884
3895,1907
3895,1927
3895,1942
3895,1945
3895,1958
3895,1962
3895,1965
3895,2007
3895,2013
3895,2017
3895,2021
3895,2028
3895,2033
3895,2039
3895,2058
3895,2060
3895,2086
3895,2113
3895,2120
3895,2124
3895,2143
3895,2173
3895,2194
3895,2198
3895,2221
3895,2276
3895,2299
3895,2320
3895,2332
3895,2339
3895,2377
3895,2410
3895,2479
3895,2486
3895,2521
3895,2522
3895,2531
3895,2577
3895,2595
3895,2600
3895,2617
3895,2620
3895,2626
3895,2657
3895,2664
3895,2676
3895,2679
3895,2719
3895,2729
3895,2730
3895,2744
3895,2745
3895,2763
3895,2765
3895,2770
3895,2808
3895,2816
3895,2846
3895,2852
3895,2855
3895,2881
3895,2883
3895,2911
3895,2956
3895,2972
3895,2974
3895,2977
3895,2993
3895,2999
3895,3015
3895,3025
3895,3037
3895,3040
3895,3066
3895,3068
3895,3077
3895,3079
3895,3093
3895,3160
3895,3183
3895,3184
3895,3190
3895,3203
3895,3223
3895,3226
3895,3264
3895,3297
3895,3311
3895,3312
3895,3330
3895,3362
3895,3370
3895,3382
3895,3398
3895,3406
3895,3493
3895,3502
3895,3503
3895,3527
3895,3538
3895,3593
3895,3607
3895,3613
3895,3659
3895,3671
3895,3672
3895,3691
3895,3693
3895,3695
3895,3718
3895,3734
3895,3757
3895,3762
3895,3770
3895,3781
3895,3796
3895,3861
3895,3866
3895,3868
3895,3882
3895,3890
3895,3898
3895,3925
3895,3926
3895,3927
3895,3948
3895,3950
3895,3958
3895,3959
3895,3970
3895,4003
3895,4006
3895,4037
3895,4054
3895,4062
3895,4080
3895,4095
3895,4097
3895,4109
3895,4114
3895,4164
3895,4168
3895,4216
3895,4223
3895,4233
3895,4253
3895,4286
3895,4303
3895,4349
3895,4355
3895,4369
3895,4384
3895,4398
3895,4408
3895,4427
3895,4480
3895,4483
3895,4490
3895,4493
3895,4553
3895,4562
3895,4595
3895,4608
3895,4672
3895,4683
3895,4692
3895,4764
3895,4785
3895,4801
3895,4803
3895,4851
3895,4864
3895,4865
3895,4877
3895,4879
3895,4890
3895,4904
3895,4919
3895,4940
3895,4983
3895,4987
3895,5010
3895,5012
3895,5037
3895,5058
3895,5080
3895,5098
3895,5111
3895,5125
3895,5132
3895,5143
3895,5171
3895,5194
3895,5203
3895,5212
3895,5218
3895,5222
3895,5223
3895,5261
3895,5278
3895,5286
3895,5296
3895,5304
3895,5323
3895,5350
3895,5351
3895,5378
3895,5455
3895,5464
3895,5490
3895,5507
3895,5508
3895,5513
3895,5539
3895,5541
3895,5575
3895,5623
3895,5639
3895,5661
3895,5668
3895,5676
3895,5709
3895,5714
3895,5730
3895,5749
3895,5756
3895,5785
3895,5842
3895,5858
3895,5865
3895,5941
3895,5948
3895,5952
3895,5962
3895,5975
3895,5987
3895,5998
3895,6001
3895,6003
3895,6017
3895,6030
3895,6075
3895,6082
3895,6086
3895,6098
3895,6184
3895,6193
3895,6202
3895,6208
3895,6211
3895,6242
3895,6245
3895,6272
3895,6276
3895,6308
3895,6395
3895,6439
3895,6449
3895,6485
3895,6507
3895,6510
3895,6518
3895,6537
3895,6540
3895,6560
3895,6581
3895,6588
3895,6617
3895,6618
3895,6640
3895,6660
3895,6690
3895,6705
3895,6706
3895,6737
3895,6760
3895,6770
3895,6802
3895,6803
3895,6811
3895,6815
3895,6843
3895,6848
3895,6892
3895,6895
3895,6906
3895,6954
3895,6961
3895,6981
3895,6984
3895,7018
3895,7022
3895,7032
3895,7046
3895,7067
3895,7079
3895,7101
3895,7102
3895,7121
3895,7151
3895,7171
3895,7197
3895,7222
3895,7239
3895,7252
3895,7269
3895,7280
3895,7320
3895,7330
3895,7331
3895,7365
3895,7385
3895,7401
3895,7410
3895,7424
3895,7446
3895,7452
3895,7465
3895,7478
3895,7480
3895,7487
3895,7521
3895,7535
3895,7553
3895,7568
3895,7580
3895,7599
3895,7603
3895,7612
3895,7623
3895,7632
3896,713
3896,833
3896,1749
3896,2216
3896,2653
3896,2817
3896,3976
3896,4609
3896,4629
3896,5739
3896,5779
3896,6009
3896,6569
3896,6630
3896,6824
3896,7130
3896,7250
3896,7270
3896,7517
3897,89
3897,184
3897,258
3897,260
3897,267
3897,294
3897,369
3897,431
3897,482
3897,593
3897,1628
3897,1663
3897,1744
3897,1798
3897,1907
3897,2198
3897,2396
3897,2432
3897,3051
3897,3183
3897,3185
3897,3683
3897,3704
3897,3748
3897,4074
3897,4350
3897,4578
3897,4782
3897,4952
3897,5139
3897,5543
3897,5734
3897,5979
3897,6024
3897,6077
3897,6082
3897,6414
3897,6492
3897,6673
3897,6850
3897,7170
3897,7280
3897,7353
3897,7607
3898,85
3898,538
3898,593
3898,1254
3898,1293
3898,1330
3898,1453
3898,1478
3898,1621
3898,1624
3898,1798
3898,2194
3898,2198
3898,2377
3898,3183
3898,3408
3898,3538
3898,3559
3898,3748
3898,3895
3898,3948
3898,4067
3898,4153
3898,4384
3898,4983
3898,5222
3898,5296
3898,6412
3898,6551
3898,6707
3898,6810
3898,7067
3898,7197
3898,7252
3898,7464
3898,7572
3898,7607
3899,25
3899,702
3899,838
3899,925
3899,949
3899,2787
3899,3325
3899,3699
3899,4686
3899,5964
3899,6902
3899,6940
3900,3366
3900,3375
3900,7037
3900,7530
3901,373
3901,1026
3901,1984
3901,2875
3901,6178
3901,7455
3902,360
3902,549
3902,765
3902,1176
3902,1340
3902,1403
3902,1750
3902,2856
3902,3078
3902,3524
3902,4051
3902,4867
3902,4878
3902,5391
3902,5400
3902,6408
3902,6418
3902,6556
3902,6957
3902,7442
3903,19
3903,315
3903,581
3903,1131
3903,1587
3903,1656
3903,1664
3903,1772
3903,1818
3903,1845
3903,2240
3903,2757
3903,3236
3903,3391
3903,3741
3903,3892
3903,3924
3903,3997
3903,4008
3903,4143
3903,4208
3903,4280
3903,4351
3903,4567
3903,4673
3903,4726
3903,4923
3903,5300
3903,5587
3903,5914
3903,6653
3903,6712
3903,6874
3903,7504
3903,7565
3904,179
3904,398
3904,481
3904,653
3904,663
3904,671
3904,679
3904,812
3904,855
3904,1096
3904,1126
3904,1466
3904,1477
3904,1622
3904,1637
3904,1889
3904,1892
3904,1944
3904,2067
3904,2238
3904,2352
3904,2658
3904,2827
3904,2845
3904,2926
3904,3441
3904,3487
3904,3500
3904,3584
3904,4123
3904,4459
3904,4475
3904,4487
3904,4498
3904,4607
3904,4873
3904,4886
3904,4933
3904,4968
3904,5038
3904,5383
3904,5721
3904,5784
3904,6103
3904,6185
3904,6288
3904,6508
3904,6829
3904,6972
3904,7012
3904,7024
3904,7033
3904,7214
3904,7263
3904,7361
3904,7462
3904,7531
3905,256
3905,439
3905,617
3905,656
3905,709
3905,884
3905,1446
3905,1649
3905,1791
3905,1903
3905,2101
3905,3127
3905,3424
3905,3447
3905,3494
3905,4237
3905,4814
3905,4849
3905,5034
3905,5618
3905,5793
3905,5927
3905,6042
3905,6094
3905,6130
3905,6221
3905,6681
3905,6806
3905,7631
3906,5088
3906,5337
3906,6147
3907,88
3907,728
3907,956
3907,2910
3907,3005
3907,3120
3907,3665
3907,4042
3907,4378
3907,4577
3907,5175
3907,5248
3907,5550
3907,5778
3907,6114
3907,6592
3908,1487
3908,1593
3908,1903
3908,2943
3908,3361
3908,4149
3908,4645
3908,6138
3908,6207
3909,479
3909,2198
3909,5404
3909,5881
3909,6702
3909,7003
3909,7023
3909,7346
3910,27
3910,89
3910,377
3910,593
3910,639
3910,766
3910,1663
3910,2039
3910,2198
3910,2239
3910,3152
3910,3277
3910,3359
3910,4522
3910,4682
3910,5372
3910,5404
3910,5412
3910,5707
3910,6551
3910,6702
3910,6707
3910,6890
3910,7290
3910,7395
3910,7510
3910,7551
3911,544
3911,707
3911,769
3911,1036
3911,1239
3911,1359
3911,1669
3911,2000
3911,2068
3911,2210
3911,3329
3911,3557
3911,3573
3911,3631
3911,4118
3911,4308
3911,4320
3911,4362
3911,4482
3911,4507
3911,4555
3911,4691
3911,4725
3911,5014
3911,5301
3911,5604
3911,5630
3911,5839
3911,6198
3911,6328
3911,6719
3911,6967
3911,7039
3911,7153
3911,7191
3911,7376
3911,7441
3911,7579
3912,61
3912,389
3912,449
3912,568
3912,780
3912,1105
3912,1377
3912,1444
3912,2198
3912,2239
3912,2979
3912,3070
3912,3594
3912,4267
3912,4366
3912,4706
3912,5039
3912,5199
3912,5585
3912,5816
3912,6228
3912,6582
3912,6702
3912,6890
3913,86
3913,331
3913,585
3913,1239
3913,1934
3913,2000
3913,2198
3913,3313
3913,3329
3913,3368
3913,3683
3913,4118
3913,4308
3913,4482
3913,5839
3913,6328
3913,6544
3913,6868
3913,7579
3914,133
3914,406
3914,703
3914,1252
3914,1693
3914,2303
3914,2495
3914,2802
3914,4122
3914,4387
3914,4810
3914,5454
3914,5839
3914,6433
3914,6472
3915,4
3915,237
3915,520
3915,617
3915,656
3915,884
3915,1171
3915,1995
3915,2064
3915,3104
3915,4557
3915,4849
3915,4925
3915,4951
3915,4978
3915,5131
3915,5361
3915,5547
3915,5793
3915,6042
3915,6090
3915,6130
3915,6355
3915,6623
3915,6712
3915,6806
3915,7565
3916,28
3916,72
3916,94
3916,456
3916,920
3916,1185
3916,1280
3916,1417
3916,1429
3916,1579
3916,1929
3916,1962
3916,2163
3916,2220
3916,2244
3916,2795
3916,2804
3916,3271
3916,3856
3916,4033
3916,4100
3916,4854
3916,5209
3916,5343
3916,5496
3916,5500
3916,5504
3916,6015
3916,6237
3916,6572
3916,6696
3916,6807
3916,6852
3917,327
3917,452
3917,1201
3917,1490
3917,1602
3917,1635
3917,1968
3917,2203
3917,2693
3917,2747
3917,2936
3917,3144
3917,3522
3917,3660
3917,4550
3917,4568
3917,4749
3917,5353
3917,5443
3917,6267
3917,6455
3917,6782
3917,7083
3917,7148
3917,7381
3918,1429
3918,1442
3919,1124
3919,2710
3919,3231
3920,5
3920,382
3920,614
3920,683
3920,867
3920,1013
3920,1810
3920,1922
3920,2059
3920,2186
3920,2522
3920,2529
3920,2893
3920,3010
3920,3125
3920,3270
3920,3296
3920,3492
3920,3520
3920,3559
3920,3702
3920,3784
3920,4596
3920,4811
3920,5171
3920,5174
3920,5917
3920,6036
3920,6610
3920,6677
3920,6879
3920,7250
3920,7370
3920,7623
3921,368
3921,1547
3921,2167
3921,3200
3921,3390
3921,3694
3921,3863
3921,3971
3921,4364
3921,4597
3921,4652
3921,4794
3921,4929
3921,5900
3921,6248
3921,6529
3921,6862
3921,7089
3921,7199
3922,308
3922,336
3922,461
3922,495
3922,501
3922,766
3922,1343
3922,1619
3922,1795
3922,2055
3922,2089
3922,2372
3922,2425
3922,3098
3922,3203
3922,3223
3922,3466
3922,3480
3922,3578
3922,3739
3922,3773
3922,3866
3922,4073
3922,4185
3922,4324
3922,5150
3922,5455
3922,6211
3922,7029
3922,7307
3922,7456
3922,7584
3923,419
3923,522
3923,739
3923,1002
3923,1004
3923,1024
3923,1236
3923,1591
3923,2095
3923,2117
3923,2294
3923,2309
3923,2556
3923,2685
3923,2819
3923,2887
3923,3257
3923,3294
3923,3657
3923,3807
3923,4082
3923,4217
3923,4650
3923,4791
3923,4812
3923,4828
3923,4848
3923,5061
3923,5133
3923,5327
3923,5568
3923,5595
3923,5932
3923,6054
3923,6289
3923,6343
3923,6353
3923,6371
3923,6759
3923,6983
3923,7276
3923,7398
3924,19
3924,22
3924,204
3924,284
3924,315
3924,554
3924,557
3924,563
3924,581
3924,737
3924,794
3924,871
3924,965
3924,995
3924,999
3924,1079
3924,1131
3924,1308
3924,1587
3924,1656
3924,1664
3924,1772
3924,1818
3924,1845
3924,1914
3924,2133
3924,2240
3924,2264
3924,2341
3924,2382
3924,2443
3924,2756
3924,2757
3924,2813
3924,3064
3924,3151
3924,3236
3924,3376
3924,3391
3924,3563
3924,3619
3924,3741
3924,3880
3924,3892
3924,3903
3924,4008
3924,4077
3924,4143
3924,4171
3924,4208
3924,4280
3924,4351
3924,4357
3924,4426
3924,4599
3924,4612
3924,4673
3924,4726
3924,4802
3924,4899
3924,5019
3924,5094
3924,5266
3924,5380
3924,5587
3924,5627
3924,5686
3924,5754
3924,5757
3924,5774
3924,5876
3924,5914
3924,6088
3924,6125
3924,6199
3924,6587
3924,6623
3924,6645
3924,6653
3924,6712
3924,6753
3924,7314
3924,7504
3924,7565
3924,7615
3925,304
3925,432
3925,495
3925,551
3925,766
3925,1013
3925,1339
3925,1377
3925,1418
3925,1494
3925,1684
3925,1802
3925,1817
3925,1966
3925,2198
3925,2425
3925,2993
3925,3098
3925,3203
3925,3223
3925,3330
3925,3421
3925,3466
3925,3480
3925,3578
3925,3607
3925,3871
3925,3887
3925,3895
3925,3927
3925,4037
3925,4054
3925,4223
3925,5179
3925,5378
3925,5676
3925,5998
3925,6098
3925,6118
3925,6211
3925,6522
3925,6565
3925,7067
3925,7171
3925,7222
3925,7467
3926,85
3926,103
3926,260
3926,369
3926,593
3926,795
3926,810
3926,903
3926,904
3926,1113
3926,1293
3926,1427
3926,1453
3926,1478
3926,1798
3926,1996
3926,1999
3926,2194
3926,2320
3926,2377
3926,2600
3926,3025
3926,3066
3926,3171
3926,3183
3926,3311
3926,3408
3926,3428
3926,3459
3926,3538
3926,3559
3926,3708
3926,3762
3926,3895
3926,3970
3926,4080
3926,4083
3926,4157
3926,4286
3926,4376
3926,4384
3926,4420
3926,4578
3926,4803
3926,4865
3926,4952
3926,5222
3926,5296
3926,5730
3926,6551
3926,6640
3926,6707
3926,7085
3926,7296
3926,7464
3926,7525
3926,7535
3926,7568
3926,7607
3927,587
3927,766
3927,867
3927,1961
3927,2198
3927,2239
3927,3359
3927,3578
3927,3895
3927,3925
3927,4054
3927,4707
3927,5179
3927,5943
3927,6098
3927,6118
3927,6522
3927,6551
3927,6565
3927,7067
3928,36
3928,485
3928,751
3928,764
3928,920
3928,931
3928,1353
3928,1429
3928,1714
3928,1905
3928,1930
3928,2565
3928,3600
3928,3605
3928,3787
3928,3802
3928,3835
3928,4103
3928,4152
3928,4295
3928,4906
3928,5343
3928,5360
3928,5496
3928,5498
3928,5664
3928,6237
3928,6572
3928,6730
3928,6807
3928,7305
3929,2198
3929,3606
3929,3999
3929,4248
3929,5048
3929,5070
3929,5649
3930,446
3930,593
3930,1663
3930,1738
3930,1798
3930,2086
3930,4049
3930,4376
3930,4384
3930,4952
3930,5376
3930,5641
3930,6551
3930,6707
3930,7395
3931,28
3931,167
3931,262
3931,456
3931,552
3931,1228
3931,1280
3931,1470
3931,1585
3931,2070
3931,2198
3931,2239
3931,2250
3931,2286
3931,2363
3931,2447
3931,2740
3931,3152
3931,3164
3931,3856
3931,4390
3931,4479
3931,4805
3931,5474
3933,2061
3934,630
3934,941
3934,1503
3934,2077
3934,2121
3934,2319
3934,2436
3934,2607
3934,2695
3934,2963
3934,2966
3934,3227
3934,3229
3934,3244
3934,3495
3934,3645
3934,4108
3934,4272
3934,4779
3934,5035
3934,5065
3934,5137
3934,5172
3934,5690
3934,5885
3934,6169
3934,6433
3934,6656
3934,7433
3934,7507
3934,7641
3935,3200
3935,4929
3935,7199
3936,2988
3937,250
3937,747
3937,2897
3937,3240
3937,3351
3937,3731
3937,4571
3937,4605
3937,5078
3937,5234
3937,5765
3937,7479
3937,7588
3938,855
3939,177
3939,255
3939,581
3939,932
3939,968
3939,1003
3939,1021
3939,1237
3939,1422
3939,1449
3939,1737
3939,2399
3939,2456
3939,2528
3939,2943
3939,3087
3939,3201
3939,3361
3939,3412
3939,3431
3939,4237
3939,4399
3939,4497
3939,4924
3939,5124
3939,5163
3939,5279
3939,6113
3939,6347
3939,6935
3939,7285
3939,7405
3939,7460
3939,7491
3939,7500
3939,7544
3940,378
3940,401
3940,825
3940,1313
3940,1332
3940,1613
3940,1694
3940,1865
3940,2022
3940,2050
3940,2180
3940,2472
3940,2503
3940,2737
3940,3652
3940,3797
3940,4052
3940,4298
3940,4901
3940,5393
3940,5431
3940,5755
3940,6218
3940,6858
3940,6865
3940,6919
3940,7515
3940,7642
3940,7645
3941,284
3941,557
3941,1079
3941,1772
3941,1845
3941,2443
3941,2757
3941,3064
3941,3376
3941,4008
3941,4143
3941,4280
3941,4426
3941,4673
3941,5968
3941,6125
3941,6601
3941,6653
3941,6874
3941,7432
3941,7565
3942,66
3942,101
3942,764
3942,2583
3942,3295
3942,5458
3942,5680
3942,6223
3942,6516
3942,7245
3943,281
3943,348
3943,354
3943,406
3943,416
3943,452
3943,457
3943,547
3943,594
3943,624
3943,635
3943,792
3943,799
3943,823
3943,929
3943,1025
3943,1033
3943,1114
3943,1147
3943,1154
3943,1168
3943,1199
3943,1201
3943,1203
3943,1208
3943,1231
3943,1265
3943,1300
3943,1366
3943,1462
3943,1473
3943,1542
3943,1557
3943,1571
3943,1576
3943,1602
3943,1605
3943,1713
3943,1754
3943,1779
3943,1837
3943,1968
3943,1971
3943,2029
3943,2203
3943,2278
3943,2403
3943,2578
3943,2580
3943,2642
3943,2696
3943,2716
3943,2841
3943,2858
3943,2919
3943,2937
3943,3055
3943,3110
3943,3254
3943,3286
3943,3301
3943,3338
3943,3402
3943,3505
3943,3517
3943,3522
3943,3556
3943,3769
3943,4011
3943,4036
3943,4119
3943,4132
3943,4139
3943,4166
3943,4389
3943,4444
3943,4481
3943,4547
3943,4550
3943,4568
3943,4844
3943,4977
3943,4998
3943,5021
3943,5055
3943,5073
3943,5096
3943,5149
3943,5196
3943,5233
3943,5246
3943,5590
3943,5712
3943,5766
3943,6011
3943,6158
3943,6292
3943,6375
3943,6498
3943,6638
3943,6659
3943,6697
3943,6833
3943,6863
3943,6883
3943,6938
3943,6949
3943,6963
3943,7028
3943,7148
3943,7301
3943,7533
3943,7571
3943,7625
3944,73
3944,551
3944,881
3944,1064
3944,1563
3944,1831
3944,2113
3944,2450
3944,3212
3944,3503
3944,4141
3944,4422
3944,4427
3944,4904
3944,5375
3944,5513
3944,7330
3945,271
3945,286
3945,300
3945,623
3945,2141
3945,3314
3945,4377
3945,5244
3945,6364
3946,89
3946,258
3946,285
3946,319
3946,366
3946,375
3946,593
3946,633
3946,736
3946,811
3946,1028
3946,1165
3946,1351
3946,1467
3946,1628
3946,1752
3946,1797
3946,2197
3946,2198
3946,2307
3946,2380
3946,2649
3946,2689
3946,3051
3946,3138
3946,3185
3946,3373
3946,3439
3946,3683
3946,3704
3946,3720
3946,3893
3946,4380
3946,4415
3946,4870
3946,5050
3946,5214
3946,5469
3946,5495
3946,5518
3946,5543
3946,5734
3946,5769
3946,5797
3946,5853
3946,5979
3946,6330
3946,6381
3946,6414
3946,6526
3946,6614
3946,6702
3946,6887
3946,7097
3946,7247
3946,7294
3947,258
3947,369
3947,522
3947,593
3947,1167
3947,1249
3947,1293
3947,1421
3947,1586
3947,1744
3947,1798
3947,1899
3947,2198
3947,2239
3947,3456
3947,3532
3947,3548
3947,4164
3947,4198
3947,4352
3947,4384
3947,4792
3947,5039
3947,5344
3947,5404
3947,5412
3947,5707
3947,5756
3947,5816
3947,6291
3947,6381
3947,6484
3947,6658
3947,6702
3947,6707
3947,7164
3947,7280
3947,7464
3947,7568
3948,266
3948,904
3948,973
3948,1058
3948,1293
3948,1368
3948,1453
3948,1478
3948,1621
3948,2021
3948,2106
3948,2194
3948,2320
3948,2339
3948,2370
3948,2377
3948,2392
3948,2617
3948,2744
3948,2765
3948,2911
3948,3183
3948,3311
3948,3394
3948,3406
3948,3693
3948,3895
3948,3898
3948,4080
3948,4096
3948,4228
3948,4269
3948,4376
3948,4384
3948,4785
3948,4865
3948,4904
3948,4952
3948,5259
3948,5296
3948,5350
3948,5455
3948,5714
3948,5952
3948,6551
3948,6811
3948,6933
3948,6984
3948,7101
3948,7197
3948,7252
3948,7612
3949,101
3949,394
3949,549
3949,1556
3949,2056
3949,2165
3949,2412
3949,3086
3949,3281
3949,3437
3949,3442
3949,3461
3949,3669
3949,3869
3949,4106
3949,4235
3949,4305
3949,4935
3949,4994
3949,5035
3949,5074
3949,5172
3949,5794
3949,5802
3949,5817
3949,5872
3949,6181
3949,6352
3949,6554
3949,6583
3949,6621
3949,6728
3949,6957
3949,7287
3949,7538
3949,7594
3950,904
3950,1406
3950,1798
3950,2021
3950,2143
3950,2377
3950,3183
3950,3538
3950,3895
3950,4054
3950,4384
3950,5171
3950,5881
3950,6017
3950,7102
3950,7239
3950,7269
3950,7330
3951,258
3951,345
3951,435
3951,593
3951,1210
3951,1402
3951,1414
3951,1744
3951,2030
3951,2206
3951,2598
3951,2981
3951,3039
3951,3051
3951,3132
3951,3623
3951,3683
3951,3704
3951,4787
3951,5330
3951,5371
3951,5372
3951,5518
3951,5543
3951,5734
3951,5797
3951,5853
3951,5979
3951,6016
3951,6024
3951,6414
3951,6492
3951,6702
3951,6787
3951,6907
3951,6930
3951,6968
3951,7044
3951,7215
3952,251
3952,331
3952,462
3952,846
3952,852
3952,1032
3952,1372
3952,1669
3952,1688
3952,1745
3952,1764
3952,2314
3952,3313
3952,3368
3952,3521
3952,3631
3952,4178
3952,4320
3952,4482
3952,4757
3952,4805
3952,4944
3952,5253
3952,5301
3952,5992
3952,6179
3952,6544
3952,6741
3952,7376
3952,7576
3952,7600
3953,46
3953,193
3953,244
3953,531
3953,734
3953,880
3953,894
3953,1010
3953,1035
3953,1440
3953,1788
3953,2496
3953,2702
3953,2748
3953,3121
3953,3227
3953,3303
3953,3425
3953,3624
3953,3647
3953,3819
3953,3833
3953,3852
3953,3975
3953,4020
3953,4104
3953,4260
3953,4646
3953,4961
3953,4997
3953,5578
3953,5656
3953,6025
3953,6072
3953,6109
3953,6120
3953,6583
3953,6656
3953,7260
3953,7261
3953,7292
3953,7316
3953,7447
3953,7532
3953,7613
3953,7618
3953,7620
3953,7622
3954,124
3954,260
3954,593
3954,795
3954,903
3954,1431
3954,1663
3954,1798
3954,2106
3954,4184
3954,4286
3954,4384
3954,4952
3954,6551
3954,6702
3954,7330
3955,3292
3955,3603
3955,4856
3955,5548
3955,5913
3955,7205
3956,395
3956,684
3956,764
3956,1052
3956,1181
3956,1362
3956,1496
3956,1560
3956,1832
3956,2041
3956,2585
3956,3344
3956,3767
3956,3778
3956,3783
3956,3989
3956,4451
3956,4501
3956,4817
3956,5226
3956,5338
3956,5899
3956,6041
3956,6048
3956,6378
3956,6481
3956,6748
3956,6896
3956,6916
3957,912
3957,1386
3957,2473
3957,3046
3957,3222
3957,5603
3957,5894
3957,6509
3957,6757
3957,7025
3958,85
3958,240
3958,260
3958,475
3958,479
3958,593
3958,735
3958,903
3958,1011
3958,1067
3958,1170
3958,1293
3958,1453
3958,1478
3958,1663
3958,1784
3958,1798
3958,1898
3958,2129
3958,2198
3958,2370
3958,2571
3958,2671
3958,2711
3958,2725
3958,2888
3958,3183
3958,3347
3958,3408
3958,3693
3958,3895
3958,4184
3958,4326
3958,4376
3958,4384
3958,4578
3958,4680
3958,4768
3958,4952
3958,5132
3958,5194
3958,5286
3958,5707
3958,5799
3958,5816
3958,5859
3958,5955
3958,6265
3958,6492
3958,6551
3958,6707
3958,6906
3958,7296
3958,7464
3958,7537
3958,7582
3958,7599
3958,7607
3959,62
3959,502
3959,551
3959,771
3959,1030
3959,1091
3959,1133
3959,1189
3959,1432
3959,1486
3959,1499
3959,1619
3959,1682
3959,1794
3959,1802
3959,1843
3959,1958
3959,2007
3959,2028
3959,2143
3959,2371
3959,2434
3959,2490
3959,2577
3959,2625
3959,2676
3959,2719
3959,2729
3959,2763
3959,2894
3959,2993
3959,3223
3959,3330
3959,3421
3959,3607
3959,3691
3959,3866
3959,3871
3959,3895
3959,3970
3959,4037
3959,4046
3959,4223
3959,4343
3959,4349
3959,4394
3959,4427
3959,4692
3959,4879
3959,5080
3959,5098
3959,5171
3959,5218
3959,5650
3959,5781
3959,5842
3959,5893
3959,5957
3959,6001
3959,6017
3959,6086
3959,6166
3959,6395
3959,6560
3959,6660
3959,6951
3959,6960
3959,6966
3959,6997
3959,7067
3959,7171
3959,7222
3959,7269
3959,7401
3959,7452
3959,7478
3959,7480
3959,7603
3959,7623
3959,7624
3959,7639
3960,791
3960,1681
3960,1933
3960,2550
3960,2705
3960,3524
3960,3729
3960,4275
3960,4867
3960,5043
3960,5057
3960,5337
3960,5382
3960,5519
3960,5617
3960,5970
3960,6147
3960,6523
3960,7237
3960,7438
3961,186
3961,1785
3961,1900
3961,2953
3961,3283
3961,4105
3961,4403
3961,5619
3961,7411
3962,196
3962,526
3962,669
3962,672
3962,1280
3962,1291
3962,1317
3962,1750
3962,2111
3962,2175
3962,2198
3962,2558
3962,2581
3962,2798
3962,3049
3962,3510
3962,3725
3962,3964
3962,4116
3962,4273
3962,4304
3962,4541
3962,4641
3962,4805
3962,5063
3962,5312
3962,6038
3962,6474
3962,6512
3962,6569
3962,6702
3962,7130
3962,7179
3962,7215
3962,7250
3962,7312
3963,932
3963,4237
3963,5439
3964,456
3964,526
3964,600
3964,672
3964,971
3964,1084
3964,1568
3964,1761
3964,2092
3964,2093
3964,2198
3964,2581
3964,3510
3964,3839
3964,3962
3964,4009
3964,4116
3964,4541
3964,4593
3964,4653
3964,4747
3964,4805
3964,4858
3964,4917
3964,4967
3964,4989
3964,4990
3964,5063
3964,5170
3964,5264
3964,5335
3964,5544
3964,6038
3964,6110
3964,6243
3964,6481
3964,6512
3964,6569
3964,6672
3964,6909
3964,7047
3964,7113
3964,7130
3964,7135
3964,7250
3964,7312
3964,7325
3964,7341
3965,408
3965,2729
3965,2883
3965,3060
3965,4864
3965,5709
3965,5996
3965,6115
3965,6992
3965,7067
3965,7401
3966,262
3966,456
3966,471
3966,526
3966,881
3966,1185
3966,1379
3966,1409
3966,1725
3966,1911
3966,2070
3966,2795
3966,4217
3966,5263
3966,5674
3966,5864
3966,6079
3966,6683
3966,6947
3966,7550
3966,7589
3967,31
3967,3425
3967,3860
3967,7095
3967,7575
3967,7611
3967,7620
3968,531
3968,588
3968,2245
3968,5631
3968,6514
3968,6577
3969,296
3969,573
3969,750
3969,930
3969,1045
3969,1078
3969,1174
3969,1252
3969,1353
3969,1401
3969,1454
3969,1596
3969,1633
3969,1961
3969,1981
3969,2239
3969,2565
3969,3109
3969,3698
3969,3724
3969,3744
3969,3763
3969,3802
3969,4295
3969,4407
3969,4959
3969,4994
3969,5156
3969,5191
3969,5506
3969,5633
3969,5654
3969,6450
3969,6572
3969,6590
3969,6629
3969,7173
3969,7550
3969,7596
3970,85
3970,89
3970,369
3970,475
3970,552
3970,593
3970,810
3970,1113
3970,1287
3970,1293
3970,1453
3970,1478
3970,1663
3970,1798
3970,1840
3970,1907
3970,1959
3970,2039
3970,2106
3970,2198
3970,2370
3970,2703
3970,2765
3970,2911
3970,3025
3970,3183
3970,3311
3970,3330
3970,3538
3970,3698
3970,3895
3970,3926
3970,3959
3970,4184
3970,4286
3970,4355
3970,4366
3970,4376
3970,4384
3970,4952
3970,5132
3970,5296
3970,5641
3970,5816
3970,6284
3970,6551
3970,6669
3970,6702
3970,6707
3970,6760
3970,6933
3970,7252
3970,7280
3970,7464
3970,7535
3970,7607
3971,368
3971,437
3971,979
3971,1200
3971,1451
3971,1547
3971,1719
3971,1848
3971,2167
3971,2178
3971,2429
3971,3192
3971,3200
3971,3639
3971,3694
3971,3696
3971,3921
3971,4018
3971,4299
3971,4364
3971,4370
3971,4374
3971,4597
3971,4652
3971,4815
3971,4929
3971,4996
3971,5516
3971,5579
3971,5805
3971,5900
3971,6150
3971,6167
3971,6248
3971,6326
3971,6529
3971,6742
3971,6809
3971,6820
3971,6862
3971,7089
3971,7185
3971,7199
3971,7358
3971,7429
3972,53
3972,239
3972,691
3972,1629
3972,2347
3972,2492
3972,2560
3972,2680
3972,2840
3972,2976
3972,3107
3972,3219
3972,3222
3972,3303
3972,3425
3972,3463
3972,3642
3972,4646
3972,4852
3972,6514
3972,6698
3972,6768
3972,7063
3972,7081
3972,7261
3972,7475
3972,7606
3972,7620
3973,2239
3973,3152
3973,4952
3973,5707
3973,7395
3974,593
3974,1805
3974,1942
3974,3440
3974,6673
3974,6702
3974,6754
3974,7215
3975,1035
3975,1450
3975,1503
3975,2379
3975,3107
3975,3175
3975,3227
3975,3352
3975,3571
3975,3676
3975,3833
3975,3953
3975,4089
3975,4209
3975,4235
3975,4689
3975,4961
3975,5310
3975,6169
3975,6307
3975,6504
3975,6792
3975,7041
3975,7205
3975,7417
3975,7586
3976,1749
3976,1783
3976,3896
3976,7517
3977,330
3977,1116
3977,1126
3977,1506
3977,1677
3977,2082
3977,2464
3977,2721
3977,2865
3977,3668
3977,5792
3977,6885
3977,7303
3978,8
3978,49
3978,212
3978,382
3978,571
3978,1196
3978,1225
3978,1919
3978,1922
3978,1967
3978,2031
3978,2186
3978,2234
3978,2363
3978,2529
3978,3083
3978,3125
3978,3520
3978,3702
3978,3751
3978,3821
3978,3827
3978,4493
3978,4500
3978,4634
3978,4692
3978,6610
3978,6835
3978,7149
3978,7452
3979,384
3979,560
3979,891
3979,912
3979,1386
3979,1812
3979,2126
3979,2373
3979,4926
3979,5605
3979,7435
3980,4325
3980,6300
3981,545
3981,1381
3981,1534
3981,4121
3981,5725
3981,6005
3981,6241
3982,784
3982,1265
3982,1348
3982,1932
3982,2587
3982,4376
3982,5301
3982,7045
3982,7446
3983,48
3983,411
3983,593
3983,834
3983,875
3983,1098
3983,1603
3983,1782
3983,1872
3983,2198
3983,2239
3983,2572
3983,2820
3983,3194
3983,3277
3983,3359
3983,3561
3983,3578
3983,3834
3983,4243
3983,4522
3983,4822
3983,5289
3983,5474
3983,5864
3983,6078
3983,6176
3983,6210
3983,6901
3983,7072
3983,7298
3983,7357
3983,7395
3984,481
3984,561
3984,578
3984,618
3984,837
3984,901
3984,1223
3984,1683
3984,2449
3984,2491
3984,2786
3984,4244
3984,4353
3984,4663
3984,5072
3984,5230
3984,5972
3984,5974
3984,6625
3984,7469
3984,7598
3985,283
3985,526
3985,986
3985,1058
3985,1357
3985,1414
3985,2170
3985,2198
3985,2215
3985,2239
3985,2423
3985,2945
3985,2965
3985,3078
3985,3786
3985,4067
3985,4164
3985,4376
3985,4805
3985,5132
3985,5176
3985,5556
3985,6408
3985,6922
3985,7336
3986,102
3986,1490
3986,2061
3986,3067
3986,3639
3986,3660
3986,5570
3986,6471
3986,6950
3986,7199
3987,89
3987,258
3987,269
3987,593
3987,732
3987,800
3987,924
3987,1444
3987,1711
3987,1744
3987,1746
3987,1866
3987,1899
3987,2198
3987,2239
3987,2380
3987,2832
3987,3277
3987,3359
3987,3623
3987,3856
3987,4373
3987,4522
3987,4870
3987,5050
3987,5214
3987,5372
3987,5404
3987,5441
3987,5799
3987,5903
3987,6414
3987,6702
3987,6887
3987,6921
3987,7247
3987,7395
3987,7607
3987,7610
3987,7619
3988,17
3988,29
3988,656
3988,740
3988,817
3988,959
3988,982
3988,1065
3988,1177
3988,1737
3988,1791
3988,1909
3988,2647
3988,2837
3988,3041
3988,3375
3988,4088
3988,4146
3988,4149
3988,4379
3988,4943
3988,5092
3988,5184
3988,5256
3988,5421
3988,5515
3988,5827
3988,6090
3988,6231
3988,6290
3988,6453
3988,6550
3988,6561
3988,6635
3988,6671
3988,6681
3988,6860
3988,7037
3988,7460
3988,7631
3989,151
3989,684
3989,878
3989,994
3989,1773
3989,2041
3989,2316
3989,2686
3989,3197
3989,3725
3989,3956
3989,4066
3989,4323
3989,4456
3989,4804
3989,5063
3989,5338
3989,5484
3989,5857
3989,6336
3989,6481
3989,7221
3989,7281
3990,39
3990,106
3990,490
3990,526
3990,629
3990,766
3990,964
3990,1034
3990,1064
3990,1098
3990,1212
3990,1228
3990,1245
3990,1472
3990,1722
3990,1794
3990,2024
3990,2062
3990,2118
3990,2145
3990,2198
3990,2205
3990,2211
3990,2454
3990,2588
3990,2610
3990,2626
3990,2974
3990,3183
3990,3194
3990,3320
3990,3330
3990,3607
3990,4006
3990,4054
3990,4186
3990,4259
3990,4376
3990,4384
3990,4569
3990,4719
3990,5132
3990,5216
3990,5296
3990,5368
3990,5396
3990,5824
3990,5936
3990,5993
3990,6301
3990,6417
3990,6547
3990,6898
3990,6901
3990,6909
3990,7071
3990,7359
3990,7409
3991,526
3991,2111
3991,4805
3991,5063
3991,7130
3991,7250
3992,10
3992,1041
3992,1264
3992,1616
3992,1736
3992,1881
3992,2337
3992,2435
3992,3415
3992,3583
3992,3678
3992,3749
3992,3820
3992,4723
3992,4739
3992,5110
3992,5868
3992,6357
3992,6557
3992,6628
3992,7308
3992,7348
3992,7458
3992,7513
3993,67
3993,93
3993,150
3993,241
3993,650
3993,872
3993,1107
3993,1161
3993,1338
3993,1500
3993,1964
3993,2034
3993,2074
3993,2136
3993,2315
3993,2316
3993,2539
3993,2606
3993,2646
3993,2830
3993,2875
3993,3038
3993,3121
3993,3186
3993,3267
3993,3343
3993,3354
3993,3622
3993,3746
3993,3767
3993,4328
3993,4346
3993,4698
3993,5026
3993,5358
3993,5583
3993,5644
3993,5671
3993,5723
3993,5838
3993,5913
3993,5918
3993,6337
3993,6504
3993,6674
3993,6817
3993,6821
3993,6991
3993,7286
3993,7427
3994,308
3994,766
3994,1337
3994,1817
3994,2198
3994,3466
3994,3578
3994,3866
3994,4054
3994,7067
3994,7467
3995,148
3995,150
3995,241
3995,310
3995,650
3995,1385
3995,1534
3995,1674
3995,1924
3995,2162
3995,2315
3995,2505
3995,3038
3995,3154
3995,3233
3995,3327
3995,4239
3995,4621
3995,4691
3995,4705
3995,6005
3995,6241
3995,6433
3995,6689
3996,85
3996,240
3996,369
3996,415
3996,479
3996,552
3996,810
3996,841
3996,1058
3996,1113
3996,1210
3996,1211
3996,1330
3996,1415
3996,1453
3996,1634
3996,1690
3996,1862
3996,1959
3996,1996
3996,2106
3996,2129
3996,2198
3996,2239
3996,2370
3996,2377
3996,2410
3996,2600
3996,3049
3996,3183
3996,3362
3996,3538
3996,3748
3996,4080
3996,4096
3996,4228
3996,4257
3996,4376
3996,4384
3996,4392
3996,4806
3996,4952
3996,5194
3996,5258
3996,5286
3996,5296
3996,5351
3996,5641
3996,5816
3996,5855
3996,5881
3996,6039
3996,6400
3996,7231
3996,7289
3996,7296
3996,7369
3996,7525
3996,7572
3996,7582
3996,7593
3997,315
3997,342
3997,871
3997,1244
3997,1587
3997,1772
3997,1845
3997,1914
3997,2133
3997,2382
3997,2426
3997,2654
3997,2756
3997,3391
3997,3892
3997,3903
3997,4077
3997,4143
3997,4181
3997,5757
3997,6623
3997,6653
3997,6712
3997,6753
3997,6874
3997,7157
3997,7565
3997,7615
3998,515
3998,3004
3998,4687
3998,6513
3998,7492
3999,85
3999,1058
3999,2120
3999,2198
3999,2370
3999,3183
3999,3606
3999,3748
3999,3929
3999,4067
3999,4164
3999,4376
3999,4384
3999,5132
3999,5404
3999,5641
3999,5881
3999,6693
4000,21
4000,37
4000,209
4000,511
4000,734
4000,1043
4000,1049
4000,1068
4000,1443
4000,1989
4000,2437
4000,2702
4000,2976
4000,3094
4000,3175
4000,3292
4000,3396
4000,3586
4000,3735
4000,4104
4000,4130
4000,4429
4000,4582
4000,4646
4000,4677
4000,4920
4000,4997
4000,5656
4000,5861
4000,6050
4000,6169
4000,6514
4000,6768
4000,6814
4000,7178
4000,7620
4001,28
4001,1280
4001,1470
4001,2286
4001,2447
4001,3856
4001,4376
4001,4854
4001,5114
4001,5136
4001,5708
4001,7351
4002,941
4002,3244
4002,3437
4002,6808
4002,7217
4002,7641
4003,593
4003,1058
4003,1453
4003,2198
4003,3895
4003,4164
4003,4376
4003,5404
4003,5881
4003,6936
4003,7572
4004,561
4004,1223
4004,1292
4004,2983
4004,3399
4004,3479
4004,4487
4004,4663
4004,4761
4004,5405
4004,5751
4004,7598
4005,64
4005,249
4005,307
4005,355
4005,996
4005,1149
4005,1151
4005,1304
4005,1692
4005,1740
4005,1807
4005,1920
4005,2064
4005,2168
4005,2318
4005,2413
4005,2534
4005,2874
4005,3135
4005,3147
4005,3214
4005,3231
4005,3511
4005,3614
4005,4202
4005,4288
4005,4322
4005,4925
4005,5046
4005,5104
4005,5803
4005,6130
4005,6144
4005,6221
4005,6347
4005,6524
4005,6635
4005,6988
4005,7108
4005,7220
4005,7408
4005,7449
4005,7472
4005,7509
4006,39
4006,593
4006,629
4006,1064
4006,1418
4006,1722
4006,2145
4006,2198
4006,2211
4006,2626
4006,2703
4006,3330
4006,3895
4006,3990
4006,4569
4006,4719
4006,5216
4006,5993
4006,6301
4006,6898
4006,7067
4007,3533
4007,4209
4007,5514
4007,6360
4008,204
4008,273
4008,315
4008,554
4008,557
4008,581
4008,737
4008,794
4008,965
4008,995
4008,999
4008,1079
4008,1587
4008,1656
4008,1772
4008,1818
4008,2240
4008,2382
4008,2654
4008,2756
4008,2757
4008,3376
4008,3391
4008,3741
4008,3845
4008,3892
4008,3903
4008,3924
4008,3941
4008,4125
4008,4143
4008,4171
4008,4208
4008,4280
4008,4351
4008,4357
4008,4426
4008,4612
4008,4673
4008,4726
4008,4802
4008,5030
4008,5094
4008,5587
4008,5627
4008,5686
4008,5757
4008,5876
4008,5914
4008,6088
4008,6125
4008,6199
4008,6587
4008,6623
4008,6653
4008,6712
4008,6874
4008,7504
4008,7565
4009,203
4009,215
4009,922
4009,990
4009,1568
4009,2093
4009,2363
4009,2529
4009,2589
4009,2624
4009,3779
4009,3827
4009,3964
4009,4116
4009,4227
4009,4602
4009,4747
4009,4957
4009,4989
4009,5435
4009,6110
4009,7000
4009,7113
4009,7130
4009,7250
4009,7546
4011,354
4011,452
4011,624
4011,799
4011,929
4011,1147
4011,1201
4011,1208
4011,1265
4011,1366
4011,1837
4011,1968
4011,1971
4011,2185
4011,2278
4011,2403
4011,2578
4011,2580
4011,2858
4011,3254
4011,3338
4011,3402
4011,3943
4011,4036
4011,4119
4011,4481
4011,5021
4011,5073
4011,6158
4011,6375
4011,6697
4011,6863
4011,6883
4011,7028
4012,593
4012,1744
4012,1899
4012,2198
4012,2812
4012,4578
4012,6156
4012,6414
4012,6669
4012,7353
4012,7511
4012,7607
4013,383
4013,739
4013,1429
4013,1591
4013,1899
4013,2095
4013,2198
4013,2556
4013,2778
4013,2871
4013,2887
4013,3243
4013,3257
4013,3294
4013,3748
4013,4082
4013,4217
4013,4345
4013,4791
4013,4912
4013,5133
4013,6175
4013,6343
4013,7276
4013,7283
4013,7601
4014,918
4014,6201
4014,7064
4015,20
4015,137
4015,305
4015,403
4015,803
4015,1679
4015,1689
4015,2071
4015,3042
4015,3359
4015,3698
4015,3723
4015,3802
4015,4092
4015,4433
4015,4479
4015,4701
4015,4775
4015,5305
4015,5343
4015,5445
4015,5454
4015,5496
4015,6078
4015,6494
4015,6545
4015,6815
4015,7190
4015,7305
4016,276
4016,360
4016,2239
4016,2973
4016,5056
4016,6746
4017,1058
4017,1254
4017,1453
4017,3459
4017,3602
4017,4071
4017,4384
4017,4952
4017,5344
4017,5404
4017,6551
4018,140
4018,1398
4018,1451
4018,1547
4018,2167
4018,2178
4018,2429
4018,3192
4018,3200
4018,3609
4018,3639
4018,3696
4018,3971
4018,4374
4018,4597
4018,4652
4018,4815
4018,4929
4018,4996
4018,6326
4018,6809
4018,6820
4018,6862
4018,7199
4018,7439
4019,46
4019,160
4019,765
4019,918
4019,1109
4019,1255
4019,1454
4019,1816
4019,2293
4019,2764
4019,3828
4019,4103
4019,4428
4019,4560
4019,5400
4019,5617
4019,5802
4019,5910
4019,6418
4019,7068
4019,7442
4020,66
4020,1035
4020,1190
4020,1450
4020,2379
4020,3107
4020,3352
4020,3953
4020,4089
4020,4235
4020,4332
4020,4961
4020,5047
4020,5093
4020,5260
4020,5310
4020,5684
4020,5821
4020,6109
4020,6792
4020,7081
4020,7117
4021,305
4021,306
4021,2198
4021,3578
4021,3849
4021,6338
4021,6756
4021,7072
4021,7373
4022,5085
4023,77
4023,89
4023,169
4023,243
4023,366
4023,369
4023,392
4023,431
4023,482
4023,484
4023,593
4023,622
4023,710
4023,924
4023,1018
4023,1058
4023,1447
4023,1453
4023,1513
4023,1663
4023,1684
4023,1744
4023,1796
4023,1798
4023,1805
4023,1899
4023,2102
4023,2198
4023,2279
4023,2307
4023,2396
4023,2432
4023,2540
4023,2553
4023,2649
4023,2812
4023,3051
4023,3185
4023,3274
4023,3377
4023,3648
4023,3703
4023,3782
4023,3799
4023,4024
4023,4074
4023,4127
4023,4157
4023,4184
4023,4350
4023,4376
4023,4384
4023,4453
4023,4463
4023,4538
4023,4578
4023,4590
4023,4608
4023,4641
4023,4895
4023,4934
4023,4941
4023,5037
4023,5132
4023,5139
4023,5241
4023,5359
4023,5365
4023,5399
4023,5404
4023,5441
4023,5488
4023,5518
4023,5556
4023,5734
4023,5744
4023,5799
4023,5833
4023,5881
4023,5979
4023,6075
4023,6135
4023,6156
4023,6361
4023,6398
4023,6414
4023,6551
4023,6669
4023,6673
4023,6678
4023,6692
4023,6702
4023,6706
4023,6707
4023,6787
4023,6907
4023,6921
4023,6978
4023,7003
4023,7021
4023,7036
4023,7044
4023,7103
4023,7170
4023,7215
4023,7280
4023,7311
4023,7337
4023,7339
4023,7352
4023,7353
4023,7428
4023,7477
4023,7577
4023,7607
4024,169
4024,260
4024,265
4024,278
4024,322
4024,369
4024,431
4024,593
4024,727
4024,947
4024,1358
4024,1684
4024,1796
4024,2096
4024,2263
4024,2380
4024,2553
4024,3049
4024,3051
4024,3185
4024,3478
4024,3555
4024,3720
4024,4023
4024,4376
4024,4594
4024,4641
4024,4781
4024,4805
4024,5042
4024,5660
4024,5734
4024,5799
4024,6381
4024,6414
4024,6669
4024,6702
4024,7003
4024,7235
4024,7337
4024,7477
4025,545
4025,1010
4025,1057
4025,1068
4025,1338
4025,2074
4025,2585
4025,2606
4025,2840
4025,2912
4025,3327
4025,3354
4025,3622
4025,4346
4025,4656
4025,5671
4025,5746
4025,6051
4025,6225
4025,6299
4025,6337
4025,6493
4025,6495
4025,6606
4025,6674
4025,6845
4025,6991
4026,1191
4026,2239
4026,2287
4026,3152
4026,3667
4026,4417
4027,436
4027,621
4027,1239
4027,1718
4027,3329
4027,3557
4027,4314
4027,4482
4027,4725
4027,5604
4027,5839
4027,5907
4027,6328
4027,7376
4027,7579
4028,593
4028,2198
4028,2239
4028,3049
4028,3578
4028,3718
4028,3748
4028,4164
4028,4376
4028,4670
4028,4805
4028,5404
4028,6098
4028,6354
4029,40
4029,266
4029,287
4029,526
4029,766
4029,1185
4029,1215
4029,1379
4029,1409
4029,1575
4029,1725
4029,2062
4029,2084
4029,2113
4029,2198
4029,2377
4029,2536
4029,3194
4029,4259
4029,4569
4029,4719
4029,5022
4029,5132
4029,5263
4029,5396
4029,5404
4029,5474
4029,5674
4029,5707
4029,5864
4029,6098
4029,6909
4029,7225
4029,7298
4029,7589
4030,1235
4030,1755
4030,1878
4030,2082
4030,2464
4030,2865
4030,3728
4030,5792
4030,6857
4030,7242
4031,40
4031,143
4031,211
4031,248
4031,262
4031,456
4031,471
4031,490
4031,680
4031,834
4031,1185
4031,1245
4031,1315
4031,1603
4031,1725
4031,2062
4031,2070
4031,2113
4031,2211
4031,2415
4031,2438
4031,2586
4031,2795
4031,3179
4031,3194
4031,3207
4031,3339
4031,4033
4031,4173
4031,4294
4031,4301
4031,4373
4031,4522
4031,4735
4031,4940
4031,4991
4031,5022
4031,5181
4031,5188
4031,5433
4031,5474
4031,5993
4031,5997
4031,6079
4031,6159
4031,6210
4031,6369
4031,6379
4031,6403
4031,6452
4031,7020
4031,7032
4031,7293
4031,7359
4031,7602
4032,2174
4032,3137
4032,3248
4033,28
4033,72
4033,105
4033,107
4033,162
4033,167
4033,211
4033,248
4033,262
4033,306
4033,403
4033,471
4033,536
4033,634
4033,723
4033,756
4033,931
4033,966
4033,1060
4033,1125
4033,1139
4033,1182
4033,1228
4033,1252
4033,1253
4033,1270
4033,1280
4033,1353
4033,1457
4033,1541
4033,1585
4033,1603
4033,1627
4033,1633
4033,1666
4033,1777
4033,1911
4033,1961
4033,1981
4033,2045
4033,2070
4033,2239
4033,2286
4033,2342
4033,2447
4033,2648
4033,2740
4033,2746
4033,2761
4033,2871
4033,2910
4033,2952
4033,2960
4033,2969
4033,2997
4033,3035
4033,3054
4033,3109
4033,3139
4033,3174
4033,3224
4033,3278
4033,3310
4033,3439
4033,3475
4033,3525
4033,3577
4033,3579
4033,3585
4033,3685
4033,3686
4033,3849
4033,3856
4033,3916
4033,4031
4033,4098
4033,4103
4033,4371
4033,4390
4033,4462
4033,4668
4033,4729
4033,4731
4033,4817
4033,4854
4033,4959
4033,4991
4033,5001
4033,5004
4033,5114
4033,5181
4033,5188
4033,5254
4033,5321
4033,5364
4033,5433
4033,5437
4033,5461
4033,5500
4033,5550
4033,5615
4033,5674
4033,5768
4033,5843
4033,5930
4033,5932
4033,5953
4033,5963
4033,5997
4033,6015
4033,6079
4033,6085
4033,6134
4033,6176
4033,6282
4033,6338
4033,6431
4033,6450
4033,6572
4033,6600
4033,6629
4033,6722
4033,6726
4033,6784
4033,6807
4033,6947
4033,7072
4033,7087
4033,7276
4033,7293
4033,7298
4033,7351
4033,7377
4033,7391
4033,7409
4033,7414
4033,7430
4033,7503
4033,7526
4033,7596
4034,328
4034,516
4034,517
4034,661
4034,828
4034,1038
4034,1630
4034,1766
4034,1864
4034,1983
4034,2037
4034,2090
4034,2114
4034,2281
4034,2327
4034,2357
4034,2387
4034,3528
4034,3840
4034,4300
4034,4539
4034,4666
4034,4739
4034,5448
4034,5726
4034,5828
4034,6104
4034,6679
4034,7255
4034,7566
4035,464
4035,491
4035,512
4035,645
4035,1053
4035,1213
4035,1280
4035,1306
4035,1411
4035,1564
4035,1852
4035,2046
4035,2054
4035,2250
4035,2504
4035,3057
4035,3315
4035,3536
4035,3562
4035,3843
4035,4363
4035,5161
4035,5395
4035,5427
4035,5599
4035,6127
4035,6380
4035,6871
4036,68
4036,304
4036,348
4036,354
4036,406
4036,416
4036,451
4036,452
4036,547
4036,574
4036,594
4036,624
4036,635
4036,792
4036,799
4036,823
4036,929
4036,1025
4036,1059
4036,1071
4036,1147
4036,1154
4036,1203
4036,1231
4036,1265
4036,1307
4036,1352
4036,1366
4036,1384
4036,1387
4036,1398
4036,1462
4036,1542
4036,1557
4036,1605
4036,1634
4036,1779
4036,1837
4036,1968
4036,1971
4036,2029
4036,2242
4036,2276
4036,2278
4036,2403
4036,2578
4036,2580
4036,2642
4036,2692
4036,2696
4036,2716
4036,2802
4036,2841
4036,2846
4036,2919
4036,2937
4036,3029
4036,3055
4036,3200
4036,3228
4036,3254
4036,3286
4036,3301
4036,3338
4036,3390
4036,3402
4036,3505
4036,3519
4036,3522
4036,3535
4036,3611
4036,3694
4036,3769
4036,3790
4036,3943
4036,4011
4036,4079
4036,4090
4036,4119
4036,4132
4036,4139
4036,4166
4036,4444
4036,4481
4036,4547
4036,4550
4036,4844
4036,4927
4036,4977
4036,4998
4036,5021
4036,5055
4036,5073
4036,5096
4036,5112
4036,5149
4036,5196
4036,5233
4036,5246
4036,5590
4036,5712
4036,5766
4036,5956
4036,6011
4036,6158
4036,6375
4036,6455
4036,6498
4036,6659
4036,6697
4036,6833
4036,6863
4036,6883
4036,6932
4036,6934
4036,6938
4036,6943
4036,6949
4036,7002
4036,7028
4036,7148
4036,7199
4036,7301
4036,7350
4036,7358
4036,7466
4036,7533
4036,7567
4036,7625
4037,62
4037,95
4037,185
4037,432
4037,583
4037,625
4037,766
4037,771
4037,939
4037,1014
4037,1069
4037,1091
4037,1293
4037,1494
4037,1499
4037,1619
4037,1794
4037,1802
4037,2028
4037,2143
4037,2198
4037,2384
4037,2522
4037,2577
4037,2620
4037,2676
4037,2763
4037,2948
4037,2967
4037,2977
4037,2993
4037,3015
4037,3079
4037,3184
4037,3330
4037,3578
4037,3593
4037,3607
4037,3671
4037,3672
4037,3781
4037,3866
4037,3890
4037,3895
4037,3925
4037,3959
4037,4054
4037,4109
4037,4223
4037,4343
4037,4384
4037,4398
4037,4672
4037,4764
4037,4890
4037,5098
4037,5132
4037,5171
4037,5201
4037,5203
4037,5309
4037,5455
4037,5464
4037,5507
4037,5749
4037,5851
4037,5941
4037,5998
4037,6017
4037,6063
4037,6235
4037,6395
4037,6581
4037,6660
4037,6713
4037,6747
4037,6770
4037,7067
4037,7171
4037,7222
4037,7269
4037,7296
4037,7370
4037,7465
4037,7478
4037,7480
4037,7569
4037,7603
4037,7623
4038,749
4038,787
4038,848
4038,882
4038,1732
4038,1759
4038,1827
4038,1969
4038,2019
4038,2090
4038,2250
4038,2260
4038,2324
4038,2622
4038,2861
4038,2953
4038,3326
4038,3371
4038,3415
4038,4256
4038,4264
4038,4274
4038,4312
4038,4467
4038,4666
4038,4960
4038,5245
4038,5257
4038,5849
4038,5906
4038,6046
4038,6357
4038,6552
4038,6679
4038,7555
4039,92
4039,149
4039,305
4039,456
4039,606
4039,835
4039,1361
4039,1414
4039,1603
4039,1911
4039,1961
4039,2198
4039,2239
4039,2663
4039,2901
4039,3152
4039,3359
4039,3501
4039,3698
4039,3891
4039,4185
4039,4302
4039,4422
4039,4522
4039,4578
4039,5404
4039,5412
4039,5415
4039,5562
4039,5685
4039,6664
4039,7072
4039,7344
4039,7395
4039,7510
4040,5
4040,430
4040,864
4040,1817
4040,1979
4040,2427
4040,2524
4040,2863
4040,2879
4040,3378
4040,4042
4040,4043
4040,4654
4040,4913
4040,5787
4040,5796
4040,5912
4040,6067
4040,6071
4040,6246
4040,6386
4040,6724
4040,6914
4041,911
4041,1239
4041,1521
4041,1999
4041,2198
4041,2239
4041,3277
4041,3359
4041,3532
4041,4230
4041,4952
4041,5534
4041,6437
4041,6538
4041,7395
4042,495
4042,587
4042,728
4042,766
4042,956
4042,975
4042,1058
4042,2089
4042,2198
4042,2239
4042,2258
4042,2372
4042,2418
4042,2427
4042,2484
4042,2522
4042,2655
4042,2898
4042,3223
4042,3480
4042,3578
4042,3665
4042,3866
4042,3887
4042,3907
4042,4040
4042,4223
4042,4406
4042,4522
4042,4707
4042,5199
4042,5248
4042,5404
4042,5455
4042,5778
4042,5943
4042,6098
4042,6309
4042,6522
4042,6856
4042,7029
4042,7142
4042,7467
4042,7481
4043,4040
4043,4503
4043,7142
4044,28
4044,456
4044,593
4044,1429
4044,1470
4044,2286
4044,3856
4044,4805
4044,6702
4046,506
4046,551
4046,721
4046,1070
4046,1296
4046,1483
4046,2028
4046,2143
4046,2299
4046,2883
4046,3330
4046,3607
4046,3959
4046,4384
4046,4422
4046,4427
4046,4674
4046,6003
4046,6624
4046,6740
4046,7067
4046,7269
4046,7556
4047,1096
4047,1292
4047,1622
4047,3399
4047,4244
4047,4663
4047,5270
4047,6106
4047,6567
4047,6788
4047,6924
4047,7024
4047,7531
4047,7598
4048,275
4048,324
4048,412
4048,698
4048,749
4048,828
4048,1531
4048,1648
4048,1696
4048,1759
4048,1864
4048,2090
4048,2250
4048,2260
4048,2326
4048,2849
4048,3714
4048,4412
4048,4496
4048,4960
4048,5164
4048,5182
4048,5602
4048,5848
4048,5856
4048,5978
4048,6099
4048,6164
4048,6250
4048,6765
4048,6842
4048,7073
4048,7086
4048,7241
4048,7255
4049,103
4049,269
4049,762
4049,1293
4049,1782
4049,1961
4049,2086
4049,2239
4049,2621
4049,2795
4049,3171
4049,3359
4049,3698
4049,3930
4049,4080
4049,4083
4049,4174
4049,4384
4049,4555
4049,4724
4049,4952
4049,5029
4049,5993
4049,6297
4049,6301
4049,6707
4049,7007
4049,7395
4050,1287
4050,1716
4050,2198
4050,2325
4050,3506
4050,3532
4050,3821
4050,4153
4050,6412
4050,6909
4050,6920
4051,139
4051,195
4051,765
4051,941
4051,1010
4051,1057
4051,1385
4051,1450
4051,1535
4051,1629
4051,1816
4051,1964
4051,2014
4051,2316
4051,2496
4051,2585
4051,2606
4051,2702
4051,2709
4051,2748
4051,2840
4051,3038
4051,3046
4051,3107
4051,3121
4051,3186
4051,3197
4051,3267
4051,3354
4051,3586
4051,3622
4051,3633
4051,3902
4051,4137
4051,4150
4051,4238
4051,4239
4051,4323
4051,4325
4051,4346
4051,4560
4051,4698
4051,4804
4051,5047
4051,5310
4051,5337
4051,5563
4051,5656
4051,5671
4051,5723
4051,5802
4051,5838
4051,5965
4051,6418
4051,6556
4051,6599
4051,6674
4051,6821
4051,6910
4051,6957
4051,6991
4051,7026
4051,7145
4051,7155
4051,7292
4051,7427
4051,7613
4052,78
4052,378
4052,647
4052,825
4052,842
4052,1694
4052,1742
4052,1799
4052,1865
4052,2022
4052,2503
4052,2737
4052,3652
4052,3940
4052,4175
4052,4298
4052,4425
4052,4515
4052,4575
4052,4721
4052,4901
4052,4911
4052,4981
4052,5242
4052,5426
4052,5431
4052,5831
4052,5871
4052,6218
4052,6858
4052,6865
4052,7431
4052,7484
4052,7515
4052,7642
4052,7645
4053,3244
4053,6201
4054,62
4054,91
4054,127
4054,152
4054,308
4054,370
4054,495
4054,583
4054,625
4054,629
4054,718
4054,766
4054,776
4054,841
4054,953
4054,990
4054,1014
4054,1030
4054,1069
4054,1091
4054,1094
4054,1113
4054,1258
4054,1333
4054,1339
4054,1418
4054,1429
4054,1430
4054,1486
4054,1494
4054,1532
4054,1546
4054,1619
4054,1673
4054,1794
4054,1802
4054,1817
4054,1990
4054,2021
4054,2028
4054,2055
4054,2143
4054,2239
4054,2258
4054,2368
4054,2427
4054,2434
4054,2522
4054,2577
4054,2664
4054,2676
4054,2761
4054,2977
4054,2993
4054,3015
4054,3039
4054,3052
4054,3068
4054,3073
4054,3218
4054,3330
4054,3578
4054,3607
4054,3613
4054,3671
4054,3672
4054,3695
4054,3785
4054,3887
4054,3890
4054,3895
4054,3925
4054,3927
4054,3950
4054,3990
4054,3994
4054,4037
4054,4097
4054,4109
4054,4223
4054,4398
4054,4480
4054,4519
4054,4562
4054,4764
4054,4851
4054,4890
4054,4902
4054,5015
4054,5022
4054,5080
4054,5082
4054,5098
4054,5171
4054,5388
4054,5459
4054,5557
4054,5665
4054,5676
4054,5749
4054,5785
4054,5795
4054,5941
4054,5944
4054,5962
4054,5967
4054,5987
4054,5998
4054,6017
4054,6027
4054,6098
4054,6140
4054,6308
4054,6309
4054,6420
4054,6490
4054,6536
4054,6581
4054,6588
4054,6770
4054,6892
4054,6961
4054,7005
4054,7007
4054,7079
4054,7171
4054,7180
4054,7222
4054,7226
4054,7269
4054,7365
4054,7478
4054,7480
4054,7486
4054,7603
4054,7635
4055,162
4055,229
4055,305
4055,629
4055,803
4055,1185
4055,1472
4055,2164
4055,2170
4055,2198
4055,2586
4055,3022
4055,3042
4055,3359
4055,3698
4055,4433
4055,5146
4055,5305
4055,5397
4055,5467
4055,5614
4055,6551
4056,749
4056,787
4056,806
4056,1037
4056,1360
4056,1583
4056,1759
4056,2103
4056,2446
4056,2474
4056,3565
4056,3825
4056,4375
4056,4412
4056,4496
4056,4758
4056,4881
4056,5164
4056,5512
4056,6164
4056,6520
4056,7407
4057,526
4057,593
4057,1291
4057,2536
4057,3510
4057,4376
4057,4680
4057,5412
4057,6408
4057,6672
4058,668
4058,2135
4058,2497
4058,3409
4058,7051
4059,238
4059,396
4059,565
4059,799
4059,929
4059,1025
4059,1147
4059,1208
4059,1369
4059,1384
4059,1542
4059,1837
4059,1971
4059,2020
4059,2278
4059,2442
4059,2466
4059,2846
4059,4204
4059,4319
4059,4481
4059,5021
4059,5196
4059,5695
4059,6498
4059,7040
4059,7199
4059,7466
4060,2943
4060,3041
4060,3366
4060,3375
4060,7037
4060,7530
4061,93
4061,2473
4061,2891
4061,5985
4061,7031
4061,7482
4062,73
4062,103
4062,446
4062,526
4062,552
4062,593
4062,919
4062,1058
4062,1069
4062,1139
4062,1289
4062,1368
4062,1409
4062,1453
4062,1511
4062,1820
4062,1958
4062,1999
4062,2198
4062,2205
4062,2225
4062,2450
4062,2901
4062,2913
4062,3183
4062,3559
4062,3578
4062,3607
4062,3895
4062,4164
4062,4186
4062,4253
4062,4302
4062,4376
4062,4529
4062,4584
4062,4879
4062,4952
4062,4986
4062,5132
4062,5296
4062,5511
4062,5801
4062,5948
4062,6119
4062,6140
4062,7007
4062,7280
4062,7296
4062,7330
4063,1574
4063,3841
4063,4437
4063,4690
4063,4841
4063,4898
4063,5323
4063,5676
4063,5767
4063,5919
4063,6053
4063,6346
4063,6869
4063,7123
4063,7168
4063,7495
4064,3140
4065,1035
4065,1190
4065,2748
4065,4961
4065,6109
4065,6583
4065,6682
4065,7041
4065,7292
4065,7485
4066,631
4066,669
4066,1601
4066,2111
4066,2288
4066,3443
4066,3989
4066,4189
4066,4486
4066,4762
4067,5
4067,71
4067,170
4067,201
4067,212
4067,283
4067,287
4067,304
4067,341
4067,352
4067,382
4067,410
4067,421
4067,448
4067,460
4067,526
4067,551
4067,584
4067,600
4067,655
4067,683
4067,713
4067,724
4067,784
4067,785
4067,789
4067,793
4067,808
4067,833
4067,841
4067,911
4067,921
4067,934
4067,939
4067,942
4067,973
4067,986
4067,1063
4067,1064
4067,1090
4067,1185
4067,1196
4067,1284
4067,1287
4067,1291
4067,1317
4067,1521
4067,1549
4067,1582
4067,1584
4067,1624
4067,1631
4067,1642
4067,1645
4067,1651
4067,1655
4067,1665
4067,1733
4067,1780
4067,1805
4067,1809
4067,1810
4067,1842
4067,1854
4067,1859
4067,1884
4067,1922
4067,1978
4067,1996
4067,2059
4067,2111
4067,2172
4067,2175
4067,2186
4067,2198
4067,2215
4067,2273
4067,2279
4067,2325
4067,2376
4067,2402
4067,2404
4067,2423
4067,2441
4067,2461
4067,2529
4067,2536
4067,2558
4067,2564
4067,2586
4067,2673
4067,2703
4067,2783
4067,2798
4067,2855
4067,2856
4067,2903
4067,2913
4067,2921
4067,2945
4067,2958
4067,2965
4067,3050
4067,3062
4067,3078
4067,3083
4067,3114
4067,3125
4067,3177
4067,3183
4067,3190
4067,3206
4067,3209
4067,3250
4067,3270
4067,3339
4067,3353
4067,3403
4067,3455
4067,3503
4067,3506
4067,3510
4067,3514
4067,3520
4067,3527
4067,3538
4067,3539
4067,3559
4067,3587
4067,3641
4067,3702
4067,3725
4067,3758
4067,3781
4067,3784
4067,3786
4067,3827
4067,3882
4067,3888
4067,3898
4067,3985
4067,3999
4067,4069
4067,4153
4067,4164
4067,4177
4067,4206
4067,4233
4067,4241
4067,4253
4067,4301
4067,4304
4067,4313
4067,4384
4067,4408
4067,4502
4067,4525
4067,4541
4067,4543
4067,4584
4067,4590
4067,4593
4067,4596
4067,4622
4067,4714
4067,4754
4067,4785
4067,4811
4067,4919
4067,5022
4067,5037
4067,5115
4067,5120
4067,5132
4067,5170
4067,5231
4067,5286
4067,5312
4067,5375
4067,5445
4067,5468
4067,5556
4067,5641
4067,5648
4067,5722
4067,5739
4067,5798
4067,5832
4067,5842
4067,5851
4067,5917
4067,5975
4067,6022
4067,6036
4067,6047
4067,6059
4067,6067
4067,6131
4067,6296
4067,6348
4067,6381
4067,6408
4067,6412
4067,6430
4067,6466
4067,6538
4067,6547
4067,6610
4067,6630
4067,6636
4067,6672
4067,6699
4067,6704
4067,6705
4067,6713
4067,6769
4067,6909
4067,6920
4067,7032
4067,7077
4067,7096
4067,7130
4067,7131
4067,7163
4067,7170
4067,7312
4067,7322
4067,7336
4067,7459
4067,7512
4067,7519
4067,7569
4067,7608
4068,66
4068,662
4068,978
4068,1251
4068,3586
4068,4137
4068,4323
4068,5047
4068,5414
4068,7145
4069,225
4069,352
4069,499
4069,526
4069,808
4069,994
4069,1084
4069,1196
4069,1291
4069,1810
4069,1922
4069,2092
4069,2279
4069,2536
4069,2655
4069,3078
4069,3083
4069,3725
4069,4067
4069,4609
4069,4990
4069,5115
4069,5170
4069,5635
4069,5739
4069,5798
4069,5918
4069,6029
4069,6036
4069,6569
4069,6630
4069,6909
4069,7077
4069,7322
4069,7608
4070,189
4070,275
4070,324
4070,328
4070,749
4070,828
4070,850
4070,1428
4070,1531
4070,1583
4070,1609
4070,1648
4070,1696
4070,2090
4070,2147
4070,2260
4070,2326
4070,3116
4070,3346
4070,3543
4070,3640
4070,3722
4070,4412
4070,4739
4070,4938
4070,4960
4070,5045
4070,5069
4070,5409
4070,5540
4070,5602
4070,5753
4070,5848
4070,6164
4070,6250
4070,6363
4070,6372
4070,6670
4070,6765
4070,7073
4070,7272
4070,7348
4071,42
4071,69
4071,79
4071,89
4071,170
4071,220
4071,473
4071,593
4071,632
4071,693
4071,731
4071,774
4071,951
4071,1018
4071,1058
4071,1097
4071,1152
4071,1178
4071,1210
4071,1211
4071,1370
4071,1399
4071,1415
4071,1545
4071,1634
4071,1796
4071,1959
4071,2010
4071,2129
4071,2198
4071,2206
4071,2229
4071,2239
4071,2410
4071,2471
4071,2571
4071,2573
4071,2736
4071,2772
4071,2961
4071,3074
4071,3160
4071,3189
4071,3279
4071,3362
4071,3438
4071,3459
4071,3648
4071,3693
4071,3854
4071,4017
4071,4080
4071,4091
4071,4164
4071,4290
4071,4376
4071,4536
4071,4608
4071,4806
4071,4827
4071,5037
4071,5042
4071,5070
4071,5222
4071,5258
4071,5316
4071,5344
4071,5365
4071,5404
4071,5415
4071,5649
4071,5707
4071,5740
4071,5799
4071,5816
4071,5881
4071,6021
4071,6039
4071,6183
4071,6321
4071,6400
4071,6551
4071,6702
4071,6895
4071,6968
4071,7003
4071,7046
4071,7071
4071,7091
4071,7105
4071,7464
4071,7520
4071,7572
4071,7577
4071,7619
4072,1785
4072,2892
4072,2953
4072,4105
4072,5117
4072,7411
4073,313
4073,501
4073,723
4073,1966
4073,2233
4073,2247
4073,2372
4073,2532
4073,2985
4073,3509
4073,3922
4073,4685
4073,5150
4073,5729
4074,23
4074,89
4074,183
4074,258
4074,267
4074,534
4074,593
4074,622
4074,924
4074,963
4074,1058
4074,1214
4074,1350
4074,1513
4074,1663
4074,1684
4074,1723
4074,1744
4074,1796
4074,1798
4074,1805
4074,1899
4074,1942
4074,1993
4074,2106
4074,2198
4074,2340
4074,2380
4074,2396
4074,2432
4074,2541
4074,2553
4074,2575
4074,2812
4074,2832
4074,3020
4074,3051
4074,3184
4074,3446
4074,3616
4074,3623
4074,3648
4074,3748
4074,3782
4074,3799
4074,3897
4074,4023
4074,4127
4074,4164
4074,4350
4074,4376
4074,4538
4074,4578
4074,4712
4074,4774
4074,4805
4074,4934
4074,5015
4074,5132
4074,5160
4074,5286
4074,5365
4074,5399
4074,5404
4074,5493
4074,5518
4074,5538
4074,5637
4074,5799
4074,5961
4074,5966
4074,5979
4074,5982
4074,6135
4074,6156
4074,6183
4074,6398
4074,6414
4074,6551
4074,6669
4074,6673
4074,6678
4074,6702
4074,6707
4074,6849
4074,6887
4074,7036
4074,7067
4074,7071
4074,7337
4074,7464
4074,7477
4074,7568
4074,7572
4074,7577
4074,7607
4075,1162
4075,1824
4075,3143
4075,4088
4075,5973
4075,6206
4075,7001
4075,7198
4076,551
4076,839
4076,881
4076,5404
4076,5464
4076,7330
4077,284
4077,554
4077,557
4077,580
4077,758
4077,1656
4077,1772
4077,2654
4077,2756
4077,2757
4077,3376
4077,3924
4077,3997
4077,4143
4077,4208
4077,4280
4077,4673
4077,6653
4078,462
4078,548
4078,2462
4078,3329
4078,3336
4078,3709
4078,3824
4078,4118
4078,4136
4078,4482
4078,4507
4078,5253
4078,5318
4078,5422
4078,5763
4078,5907
4078,6263
4078,6293
4078,6491
4078,6845
4078,6908
4078,7375
4078,7579
4078,7591
4079,1207
4079,1307
4079,1352
4079,1405
4079,1793
4079,1890
4079,1968
4079,2069
4079,2085
4079,2242
4079,2942
4079,3033
4079,3200
4079,3390
4079,3519
4079,4036
4079,4229
4079,4299
4079,5096
4079,5477
4079,5621
4079,5956
4079,6543
4079,6903
4079,7002
4079,7138
4080,42
4080,85
4080,103
4080,115
4080,137
4080,149
4080,201
4080,235
4080,240
4080,260
4080,272
4080,283
4080,304
4080,346
4080,415
4080,421
4080,431
4080,482
4080,500
4080,553
4080,607
4080,611
4080,616
4080,727
4080,762
4080,795
4080,803
4080,836
4080,839
4080,841
4080,903
4080,904
4080,916
4080,958
4080,1133
4080,1170
4080,1178
4080,1210
4080,1211
4080,1218
4080,1249
4080,1254
4080,1268
4080,1278
4080,1296
4080,1330
4080,1349
4080,1368
4080,1370
4080,1427
4080,1444
4080,1453
4080,1478
4080,1540
4080,1544
4080,1545
4080,1581
4080,1610
4080,1621
4080,1690
4080,1735
4080,1778
4080,1840
4080,1860
4080,1862
4080,1958
4080,1965
4080,1978
4080,1991
4080,2033
4080,2040
4080,2106
4080,2115
4080,2129
4080,2166
4080,2194
4080,2207
4080,2290
4080,2294
4080,2320
4080,2332
4080,2339
4080,2370
4080,2377
4080,2427
4080,2479
4080,2520
4080,2521
4080,2600
4080,2617
4080,2620
4080,2621
4080,2744
4080,2755
4080,2765
4080,2770
4080,2808
4080,2852
4080,2888
4080,2911
4080,2974
4080,2991
4080,3025
4080,3079
4080,3093
4080,3160
4080,3171
4080,3183
4080,3196
4080,3212
4080,3226
4080,3234
4080,3269
4080,3284
4080,3311
4080,3370
4080,3394
4080,3408
4080,3459
4080,3502
4080,3602
4080,3698
4080,3708
4080,3712
4080,3734
4080,3748
4080,3762
4080,3895
4080,3926
4080,3948
4080,3996
4080,4049
4080,4071
4080,4083
4080,4086
4080,4090
4080,4091
4080,4096
4080,4157
4080,4167
4080,4174
4080,4184
4080,4196
4080,4286
4080,4290
4080,4303
4080,4356
4080,4366
4080,4376
4080,4384
4080,4420
4080,4469
4080,4608
4080,4697
4080,4785
4080,4801
4080,4803
4080,4806
4080,4865
4080,4952
4080,4983
4080,4986
4080,5048
4080,5058
4080,5095
4080,5222
4080,5261
4080,5296
4080,5344
4080,5346
4080,5351
4080,5385
4080,5459
4080,5468
4080,5471
4080,5490
4080,5557
4080,5593
4080,5629
4080,5707
4080,5714
4080,5816
4080,5840
4080,5859
4080,5941
4080,5952
4080,5961
4080,5976
4080,6021
4080,6039
4080,6075
4080,6121
4080,6236
4080,6242
4080,6259
4080,6297
4080,6400
4080,6451
4080,6487
4080,6518
4080,6527
4080,6540
4080,6574
4080,6579
4080,6618
4080,6693
4080,6738
4080,6760
4080,6802
4080,6892
4080,6961
4080,6981
4080,7008
4080,7046
4080,7101
4080,7105
4080,7134
4080,7197
4080,7252
4080,7254
4080,7277
4080,7320
4080,7331
4080,7365
4080,7374
4080,7385
4080,7448
4080,7465
4080,7468
4080,7501
4080,7572
4080,7580
4080,7582
4080,7593
4080,7599
4080,7633
4081,837
4081,1683
4081,4411
4081,4663
4081,6488
4082,419
4082,522
4082,592
4082,1024
4082,1194
4082,1197
4082,1236
4082,1591
4082,2095
4082,2117
4082,2173
4082,2294
4082,2685
4082,2887
4082,3053
4082,3063
4082,3257
4082,3621
4082,3657
4082,3807
4082,3923
4082,4013
4082,4217
4082,4345
4082,4650
4082,4791
4082,4812
4082,4828
4082,4848
4082,5061
4082,5133
4082,5302
4082,5568
4082,5595
4082,5932
4082,6054
4082,6289
4082,6353
4082,6759
4082,6983
4082,7276
4082,7283
4082,7311
4082,7398
4082,7534
4083,42
4083,103
4083,762
4083,903
4083,916
4083,1104
4083,1113
4083,1178
4083,1218
4083,1293
4083,1427
4083,1456
4083,1478
4083,1545
4083,1778
4083,2040
4083,2086
4083,2106
4083,2290
4083,3025
4083,3171
4083,3183
4083,3370
4083,3408
4083,3602
4083,3698
4083,3926
4083,4049
4083,4080
4083,4174
4083,4366
4083,4384
4083,4420
4083,4803
4083,4952
4083,5222
4083,5799
4083,6039
4083,6297
4083,6462
4083,6551
4083,6618
4083,6640
4083,6646
4083,6738
4083,6802
4083,7599
4084,100
4084,155
4084,761
4084,1442
4084,1597
4084,1768
4084,2199
4084,2374
4084,3004
4084,3005
4084,3549
4084,3625
4084,3800
4084,4368
4084,4378
4084,4454
4084,4571
4084,4577
4084,4687
4084,6126
4084,6258
4084,6651
4084,6729
4084,6766
4084,6864
4085,2000
4085,4118
4085,4725
4085,7579
4086,3
4086,60
4086,71
4086,240
4086,260
4086,479
4086,593
4086,599
4086,726
4086,766
4086,836
4086,1226
4086,1349
4086,1414
4086,1415
4086,1432
4086,1453
4086,1472
4086,1524
4086,1798
4086,1999
4086,2198
4086,2239
4086,2370
4086,2571
4086,2575
4086,2755
4086,2770
4086,2974
4086,3049
4086,3178
4086,3225
4086,3370
4086,3748
4086,4080
4086,4109
4086,4243
4086,4376
4086,4746
4086,4805
4086,4864
4086,4983
4086,5015
4086,5048
4086,5082
4086,5132
4086,5404
4086,5538
4086,5865
4086,6098
4086,6313
4086,6348
4086,6484
4086,6707
4086,7085
4086,7171
4086,7296
4086,7320
4086,7321
4086,7537
4086,7580
4087,166
4087,615
4087,733
4087,740
4087,977
4087,1061
4087,1438
4087,2064
4087,2850
4087,3759
4087,4925
4087,4993
4087,5092
4087,5419
4087,5523
4087,5618
4087,5793
4087,5884
4087,6094
4087,6226
4087,6396
4087,6419
4087,6652
4087,6671
4088,29
4088,656
4088,709
4088,740
4088,783
4088,884
4088,982
4088,1065
4088,1162
4088,1791
4088,1903
4088,1909
4088,3143
4088,3988
4088,4075
4088,4149
4088,4214
4088,4237
4088,4379
4088,4925
4088,4943
4088,5127
4088,5421
4088,5515
4088,5877
4088,5973
4088,6042
4088,6090
4088,6130
4088,6206
4088,6290
4088,6561
4088,6671
4088,6681
4088,7037
4088,7257
4089,791
4089,820
4089,1035
4089,1190
4089,1816
4089,2702
4089,3121
4089,3497
4089,3833
4089,3975
4089,4020
4089,4449
4089,4963
4089,5563
4089,5887
4089,6109
4089,6300
4089,6583
4089,7030
4090,304
4090,593
4090,1058
4090,1147
4090,1268
4090,1293
4090,1453
4090,1621
4090,1798
4090,1959
4090,1968
4090,2104
4090,2115
4090,2198
4090,2370
4090,2377
4090,2571
4090,2587
4090,2921
4090,2981
4090,4036
4090,4080
4090,4164
4090,4376
4090,4384
4090,4536
4090,4595
4090,4642
4090,4805
4090,4806
4090,4827
4090,4952
4090,5070
4090,5259
4090,5286
4090,5352
4090,5404
4090,5612
4090,5649
4090,5816
4090,5881
4090,5967
4090,6492
4090,6551
4090,6638
4090,6702
4090,6933
4090,6981
4090,7003
4090,7070
4090,7091
4090,7166
4090,7320
4090,7572
4090,7582
4091,42
4091,103
4091,727
4091,762
4091,836
4091,1058
4091,1453
4091,1513
4091,1544
4091,1798
4091,2183
4091,2198
4091,2239
4091,2290
4091,2370
4091,2911
4091,3070
4091,3140
4091,3183
4091,3284
4091,3359
4091,3394
4091,3408
4091,3459
4091,3698
4091,3748
4091,3882
4091,4071
4091,4080
4091,4174
4091,4376
4091,4384
4091,4465
4091,4768
4091,4803
4091,4806
4091,4952
4091,5070
4091,5222
4091,5404
4091,5452
4091,5471
4091,5629
4091,5641
4091,5799
4091,5816
4091,5955
4091,6039
4091,6121
4091,6236
4091,6618
4091,6646
4091,6702
4091,6707
4091,7091
4091,7369
4091,7474
4091,7582
4091,7599
4091,7607
4092,305
4092,4015
4092,4433
4092,4479
4092,5305
4092,5445
4092,6078
4093,64
4093,355
4093,932
4093,1149
4093,1740
4093,2168
4093,2413
4093,2874
4093,3511
4093,4202
4093,4208
4093,5046
4093,5104
4093,6144
4093,7220
4093,7449
4093,7509
4094,156
4094,430
4094,514
4094,829
4094,864
4094,934
4094,1001
4094,1188
4094,1388
4094,1650
4094,1832
4094,1891
4094,2155
4094,2288
4094,2355
4094,2570
4094,2863
4094,2879
4094,2918
4094,3031
4094,3260
4094,3378
4094,3407
4094,3793
4094,3855
4094,3883
4094,4486
4094,4532
4094,4617
4094,4654
4094,4762
4094,4799
4094,4913
4094,4973
4094,5168
4094,5456
4094,5574
4094,5771
4094,5787
4094,5796
4094,5912
4094,6058
4094,6071
4094,6339
4094,6386
4094,6536
4094,6542
4094,6724
4094,6744
4094,7084
4094,7107
4095,14
4095,69
4095,85
4095,260
4095,717
4095,766
4095,989
4095,1058
4095,1284
4095,1415
4095,1453
4095,1575
4095,1796
4095,1798
4095,1999
4095,2106
4095,2198
4095,2239
4095,2370
4095,2553
4095,2571
4095,3226
4095,3359
4095,3748
4095,3895
4095,4128
4095,4164
4095,4376
4095,4384
4095,4806
4095,4864
4095,5132
4095,5286
4095,5296
4095,5404
4095,5707
4095,5816
4095,5881
4095,6409
4095,6551
4095,6678
4095,6702
4095,6877
4095,6933
4095,7277
4095,7280
4095,7320
4095,7464
4095,7572
4096,85
4096,942
4096,1058
4096,1293
4096,1453
4096,1621
4096,1862
4096,1984
4096,2370
4096,2392
4096,2479
4096,2911
4096,3183
4096,3297
4096,3311
4096,3408
4096,3679
4096,3948
4096,3996
4096,4080
4096,4164
4096,4376
4096,4384
4096,5194
4096,5222
4096,5251
4096,5296
4096,5350
4096,5623
4096,5707
4096,5714
4096,5816
4096,5961
4096,6760
4096,6848
4096,6933
4096,7107
4096,7134
4096,7175
4096,7296
4096,7455
4096,7525
4096,7582
4097,73
4097,75
4097,198
4097,304
4097,369
4097,474
4097,551
4097,601
4097,766
4097,793
4097,881
4097,1245
4097,1406
4097,1610
4097,1612
4097,1958
4097,1999
4097,2086
4097,2198
4097,2299
4097,2332
4097,2569
4097,2701
4097,2905
4097,3037
4097,3311
4097,3330
4097,3503
4097,3515
4097,3559
4097,3866
4097,3895
4097,4054
4097,4384
4097,4469
4097,4490
4097,4523
4097,4719
4097,5132
4097,5455
4097,5464
4097,5661
4097,5865
4097,6001
4097,6086
4097,6395
4097,6551
4097,6588
4097,6660
4097,7067
4097,7269
4097,7330
4098,40
4098,143
4098,161
4098,299
4098,456
4098,471
4098,629
4098,964
4098,1185
4098,1228
4098,1245
4098,1627
4098,2118
4098,2145
4098,2415
4098,2438
4098,2586
4098,2626
4098,2738
4098,2795
4098,2801
4098,3179
4098,3339
4098,3888
4098,4033
4098,4173
4098,4294
4098,4373
4098,4522
4098,4569
4098,4735
4098,4940
4098,5022
4098,5368
4098,5504
4098,5993
4098,5997
4098,6369
4098,6389
4098,7032
4098,7298
4099,206
4099,1332
4099,1781
4099,2022
4099,2139
4099,2419
4099,2503
4099,2842
4099,3416
4099,4515
4099,4911
4099,5113
4099,5681
4099,6220
4099,6273
4099,6559
4099,6865
4099,7642
4099,7645
4100,72
4100,403
4100,536
4100,966
4100,1182
4100,1429
4100,1627
4100,1633
4100,1643
4100,1905
4100,1930
4100,2070
4100,2201
4100,2239
4100,2286
4100,2740
4100,2973
4100,3512
4100,3916
4100,4390
4100,4854
4100,5018
4100,5114
4100,5209
4100,5364
4100,5437
4100,5500
4100,5615
4100,5843
4100,5963
4100,6414
4100,6600
4100,6807
4100,7392
4101,458
4101,797
4101,983
4101,1073
4101,1233
4101,3526
4101,3771
4101,4254
4101,6657
4101,6712
4102,501
4102,593
4102,2198
4102,2239
4102,2380
4102,3773
4102,4344
4102,4376
4102,4670
4102,4805
4102,5197
4102,5676
4102,6189
4103,28
4103,750
4103,751
4103,1045
4103,1060
4103,1253
4103,1353
4103,1596
4103,1633
4103,1654
4103,1961
4103,2561
4103,2771
4103,3109
4103,3928
4103,4019
4103,4033
4103,4390
4103,4436
4103,4810
4103,4909
4103,4959
4103,5191
4103,6450
4103,6572
4103,6593
4103,6600
4103,6629
4103,6722
4103,6726
4103,6807
4103,7596
4104,12
4104,511
4104,588
4104,681
4104,880
4104,1419
4104,1440
4104,1565
4104,2282
4104,2976
4104,3175
4104,3453
4104,3603
4104,3735
4104,3953
4104,4000
4104,4235
4104,4275
4104,4429
4104,4471
4104,4850
4104,4997
4104,5533
4104,5582
4104,5684
4104,5720
4104,6025
4104,6169
4104,6324
4104,6514
4104,6768
4104,6814
4104,7178
4104,7575
4104,7620
4105,186
4105,335
4105,1785
4105,1900
4105,2215
4105,2364
4105,2667
4105,2899
4105,2953
4105,3283
4105,3961
4105,4072
4105,4403
4105,4905
4105,5117
4105,5619
4105,5711
4105,7411
4105,7506
4106,45
4106,485
4106,751
4106,791
4106,1048
4106,1175
4106,1252
4106,1535
4106,1952
4106,1955
4106,2078
4106,2872
4106,3121
4106,3205
4106,3437
4106,3461
4106,3828
4106,3949
4106,4305
4106,4452
4106,4705
4106,5074
4106,5331
4106,5521
4106,5616
4106,5617
4106,5725
4106,5872
4106,5894
4106,6117
4106,6223
4106,6349
4106,6352
4106,6554
4106,6642
4106,6757
4106,7112
4106,7245
4106,7435
4106,7482
4106,7485
4106,7538
4107,3791
4108,148
4108,365
4108,676
4108,887
4108,1109
4108,2077
4108,2236
4108,2477
4108,2607
4108,2749
4108,2966
4108,3154
4108,3705
4108,3934
4108,5065
4108,5616
4108,5624
4108,5690
4108,6433
4108,6517
4108,6656
4108,7030
4108,7367
4109,183
4109,432
4109,495
4109,766
4109,1058
4109,1069
4109,1339
4109,1418
4109,1453
4109,1494
4109,1795
4109,1802
4109,2198
4109,2239
4109,2354
4109,2571
4109,2977
4109,3578
4109,3671
4109,3887
4109,3895
4109,4037
4109,4054
4109,4086
4109,4223
4109,4376
4109,5132
4109,5212
4109,5404
4109,5998
4109,6098
4109,6409
4109,6553
4109,6581
4109,6747
4109,6770
4109,7067
4109,7171
4109,7478
4109,7632
4110,1567
4110,2196
4110,4896
4110,6130
4110,6173
4110,6423
4111,258
4111,1744
4111,2198
4111,2239
4111,2484
4111,2614
4111,3070
4111,3152
4111,4381
4111,4768
4111,5372
4111,7067
4112,557
4112,1656
4112,1679
4112,2604
4112,2654
4112,2756
4112,2757
4112,3391
4112,4143
4112,4280
4112,4354
4112,4673
4112,6653
4112,7541
4112,7565
4113,346
4113,552
4113,841
4113,1211
4113,1698
4113,1908
4113,2198
4113,2765
4113,3748
4113,4376
4113,4570
4113,4870
4113,5048
4113,5070
4113,5132
4113,5649
4113,6576
4113,6723
4113,6805
4113,7369
4114,258
4114,260
4114,369
4114,1167
4114,1296
4114,1798
4114,1999
4114,2013
4114,3715
4114,3895
4114,4164
4114,4384
4114,4806
4114,4952
4114,5740
4114,5816
4114,6551
4114,6702
4114,7003
4115,30
4115,225
4115,283
4115,526
4115,600
4115,613
4115,986
4115,1291
4115,1472
4115,2026
4115,2111
4115,2279
4115,2402
4115,2553
4115,3457
4115,3510
4115,3633
4115,3784
4115,4805
4115,5115
4115,5170
4115,6512
4115,6569
4115,6916
4115,7077
4115,7130
4115,7486
4115,7608
4116,15
4116,203
4116,264
4116,360
4116,438
4116,526
4116,669
4116,672
4116,684
4116,713
4116,922
4116,971
4116,1019
4116,1042
4116,1183
4116,1269
4116,1382
4116,1484
4116,1589
4116,1645
4116,1678
4116,1769
4116,1915
4116,2026
4116,2093
4116,2111
4116,2345
4116,2356
4116,2359
4116,2363
4116,2376
4116,2493
4116,2581
4116,2589
4116,2633
4116,2634
4116,2706
4116,2800
4116,2904
4116,2907
4116,2917
4116,2988
4116,3056
4116,3273
4116,3587
4116,3839
4116,3962
4116,3964
4116,4009
4116,4442
4116,4653
4116,4679
4116,4754
4116,4805
4116,4858
4116,4887
4116,4967
4116,4989
4116,5002
4116,5052
4116,5064
4116,5240
4116,5264
4116,5335
4116,5428
4116,5445
4116,5453
4116,5460
4116,5544
4116,5777
4116,5819
4116,5836
4116,6009
4116,6038
4116,6110
4116,6166
4116,6243
4116,6325
4116,6388
4116,6424
4116,6446
4116,6458
4116,6464
4116,6512
4116,6569
4116,6570
4116,6668
4116,6672
4116,6675
4116,6703
4116,6834
4116,6909
4116,7000
4116,7048
4116,7113
4116,7135
4116,7250
4116,7300
4116,7312
4116,7325
4116,7493
4116,7560
4117,147
4117,398
4117,444
4117,481
4117,561
4117,618
4117,690
4117,1086
4117,1223
4117,1646
4117,1683
4117,2489
4117,2491
4117,2499
4117,2873
4117,3180
4117,3211
4117,3452
4117,3733
4117,4244
4117,4411
4117,4494
4117,4663
4117,4711
4117,4873
4117,5345
4117,5357
4117,5489
4117,5737
4117,5974
4117,6311
4117,6488
4117,6496
4117,6609
4117,6625
4117,6924
4117,7016
4117,7218
4117,7383
4117,7489
4117,7598
4118,86
4118,429
4118,769
4118,1075
4118,1674
4118,2000
4118,2068
4118,2162
4118,2210
4118,2303
4118,2583
4118,2629
4118,3233
4118,3327
4118,3329
4118,3368
4118,3847
4118,3911
4118,3913
4118,4078
4118,4085
4118,4219
4118,4239
4118,4308
4118,4482
4118,4507
4118,4555
4118,4621
4118,4725
4118,5400
4118,5604
4118,5680
4118,6274
4118,6293
4118,6314
4118,6516
4118,6544
4118,6741
4118,6821
4118,7039
4118,7377
4118,7441
4118,7579
4118,7600
4119,44
4119,68
4119,104
4119,238
4119,281
4119,348
4119,354
4119,396
4119,406
4119,451
4119,452
4119,457
4119,546
4119,547
4119,574
4119,594
4119,624
4119,635
4119,792
4119,799
4119,823
4119,915
4119,929
4119,1025
4119,1033
4119,1114
4119,1147
4119,1154
4119,1168
4119,1199
4119,1201
4119,1203
4119,1208
4119,1231
4119,1265
4119,1300
4119,1312
4119,1318
4119,1342
4119,1366
4119,1369
4119,1384
4119,1387
4119,1462
4119,1542
4119,1553
4119,1571
4119,1576
4119,1602
4119,1713
4119,1754
4119,1779
4119,1837
4119,1968
4119,1971
4119,2020
4119,2029
4119,2203
4119,2276
4119,2278
4119,2403
4119,2442
4119,2578
4119,2580
4119,2642
4119,2687
4119,2692
4119,2696
4119,2716
4119,2841
4119,2846
4119,2858
4119,2919
4119,2934
4119,3029
4119,3055
4119,3110
4119,3254
4119,3286
4119,3338
4119,3402
4119,3418
4119,3517
4119,3519
4119,3522
4119,3535
4119,3541
4119,3556
4119,3764
4119,3769
4119,3943
4119,4011
4119,4036
4119,4132
4119,4139
4119,4166
4119,4222
4119,4319
4119,4327
4119,4331
4119,4359
4119,4389
4119,4396
4119,4444
4119,4481
4119,4547
4119,4550
4119,4568
4119,4627
4119,4825
4119,4841
4119,4844
4119,4927
4119,4977
4119,4998
4119,5021
4119,5055
4119,5073
4119,5087
4119,5096
4119,5112
4119,5149
4119,5193
4119,5196
4119,5233
4119,5246
4119,5353
4119,5470
4119,5479
4119,5590
4119,5712
4119,5766
4119,5956
4119,6011
4119,6158
4119,6204
4119,6292
4119,6375
4119,6498
4119,6638
4119,6659
4119,6697
4119,6710
4119,6833
4119,6863
4119,6883
4119,6932
4119,6938
4119,6943
4119,6949
4119,6963
4119,7004
4119,7028
4119,7148
4119,7152
4119,7301
4119,7350
4119,7533
4119,7567
4119,7571
4119,7625
4120,456
4120,1790
4120,2425
4120,2563
4120,3115
4120,4160
4120,4573
4120,4805
4120,7446
4120,7467
4121,333
4121,631
4121,1132
4121,1181
4121,1362
4121,1653
4121,1832
4121,2162
4121,2515
4121,2570
4121,2810
4121,3443
4121,3485
4121,3599
4121,3767
4121,3793
4121,3981
4121,4172
4121,4621
4121,5063
4121,5814
4121,6283
4121,6481
4121,6744
4121,7078
4121,7253
4122,671
4122,703
4122,1693
4122,2303
4122,3914
4122,4387
4122,6472
4123,147
4123,481
4123,679
4123,837
4123,1096
4123,1223
4123,1622
4123,1637
4123,1889
4123,2468
4123,2499
4123,2853
4123,3047
4123,3180
4123,3211
4123,3733
4123,3904
4123,4244
4123,4411
4123,4485
4123,4487
4123,4498
4123,4663
4123,4681
4123,5737
4123,5750
4123,5974
4123,6106
4123,6311
4123,6488
4123,6508
4123,6788
4123,6829
4123,7383
4123,7598
4124,929
4124,1141
4124,1283
4124,2862
4124,3075
4124,4222
4124,4431
4124,4439
4124,4643
4124,4888
4124,6008
4124,6394
4124,6697
4124,7115
4125,315
4125,342
4125,965
4125,1079
4125,1131
4125,1244
4125,1772
4125,2133
4125,2443
4125,2756
4125,2813
4125,3391
4125,3460
4125,4008
4125,4226
4125,4280
4125,4567
4125,4899
4125,5019
4125,5380
4125,6623
4125,6653
4125,7314
4125,7565
4126,7
4126,247
4126,337
4126,441
4126,935
4126,1204
4126,1471
4126,1636
4126,1827
4126,1852
4126,2180
4126,2255
4126,2504
4126,2957
4126,3048
4126,3057
4126,3204
4126,3263
4126,3315
4126,3489
4126,3738
4126,3806
4126,3843
4126,4265
4126,4639
4126,4648
4126,4897
4126,5147
4126,5600
4126,5977
4126,6081
4126,6255
4126,6525
4126,6607
4126,6650
4126,6687
4126,6763
4126,6891
4126,7092
4126,7306
4127,89
4127,258
4127,366
4127,369
4127,375
4127,593
4127,811
4127,1028
4127,1186
4127,1351
4127,1467
4127,1569
4127,1663
4127,1752
4127,1899
4127,2102
4127,2598
4127,2649
4127,2689
4127,3008
4127,3051
4127,3185
4127,3439
4127,3623
4127,3683
4127,3704
4127,3720
4127,4023
4127,4074
4127,4415
4127,4522
4127,4578
4127,4586
4127,4591
4127,5050
4127,5214
4127,5362
4127,5469
4127,5495
4127,5518
4127,5543
4127,5606
4127,5734
4127,5853
4127,5979
4127,6414
4127,6526
4127,6702
4127,6968
4127,7247
4127,7280
4127,7294
4127,7610
4128,1058
4128,2198
4128,2239
4128,3748
4128,4095
4128,4164
4128,7582
4130,117
4130,1010
4130,1773
4130,3396
4130,4000
4130,4291
4130,5838
4130,6674
4131,3562
4132,304
4132,348
4132,354
4132,452
4132,547
4132,574
4132,594
4132,624
4132,635
4132,799
4132,823
4132,1147
4132,1168
4132,1201
4132,1203
4132,1208
4132,1265
4132,1366
4132,1837
4132,1968
4132,1971
4132,2203
4132,2278
4132,2403
4132,2578
4132,2580
4132,2696
4132,2841
4132,2846
4132,2858
4132,3254
4132,3286
4132,3338
4132,3402
4132,3522
4132,3943
4132,4036
4132,4119
4132,4139
4132,4166
4132,4481
4132,4927
4132,4977
4132,4998
4132,5021
4132,5149
4132,5196
4132,5233
4132,5246
4132,5712
4132,6011
4132,6158
4132,6375
4132,6498
4132,6659
4132,6697
4132,6863
4132,6883
4132,6938
4132,7028
4132,7083
4132,7148
4132,7301
4132,7533
4132,7625
4133,7
4133,247
4133,890
4133,935
4133,1053
4133,1204
4133,1213
4133,1306
4133,1460
4133,1471
4133,1636
4133,1852
4133,2180
4133,2321
4133,2591
4133,2957
4133,3048
4133,3057
4133,3204
4133,3315
4133,3481
4133,3489
4133,3536
4133,3738
4133,3806
4133,3843
4133,4265
4133,4334
4133,4623
4133,4639
4133,4644
4133,5147
4133,5274
4133,5427
4133,5600
4133,5977
4133,5995
4133,6213
4133,6255
4133,6607
4133,6650
4133,6687
4133,6763
4133,6891
4133,6894
4133,7092
4134,140
4134,371
4134,437
4134,979
4134,1547
4134,1848
4134,2167
4134,2178
4134,2351
4134,2429
4134,2459
4134,2519
4134,2942
4134,3192
4134,3200
4134,3497
4134,3639
4134,3694
4134,3696
4134,3790
4134,4364
4134,4374
4134,4597
4134,4652
4134,4815
4134,4929
4134,4996
4134,5516
4134,5521
4134,5900
4134,6150
4134,6167
4134,6248
4134,6326
4134,6456
4134,6529
4134,6809
4134,6820
4134,6862
4134,6875
4134,7082
4134,7089
4134,7185
4134,7199
4134,7326
4134,7429
4134,7439
4135,361
4135,873
4135,1998
4135,4520
4135,5988
4136,381
4136,621
4136,1132
4136,1372
4136,2254
4136,2390
4136,2978
4136,3141
4136,3336
4136,3847
4136,4078
4136,4482
4136,4824
4136,5253
4136,5318
4136,5374
4136,5907
4136,6836
4136,7200
4136,7576
4136,7583
4137,662
4137,1450
4137,1816
4137,2083
4137,2316
4137,2473
4137,3186
4137,4051
4137,4068
4137,5047
4137,5122
4137,5221
4137,5310
4137,5337
4137,5414
4137,5563
4137,5802
4137,6109
4137,6120
4137,7622
4138,5367
4139,348
4139,354
4139,452
4139,547
4139,594
4139,792
4139,799
4139,823
4139,929
4139,1025
4139,1147
4139,1201
4139,1203
4139,1208
4139,1231
4139,1265
4139,1542
4139,1576
4139,1713
4139,1837
4139,1968
4139,1971
4139,2029
4139,2278
4139,2403
4139,2578
4139,2580
4139,2642
4139,2846
4139,2858
4139,3338
4139,3402
4139,3522
4139,3769
4139,3943
4139,4036
4139,4119
4139,4132
4139,4166
4139,4481
4139,4977
4139,4998
4139,5021
4139,5055
4139,5073
4139,5196
4139,5233
4139,5712
4139,5766
4139,6158
4139,6292
4139,6375
4139,6498
4139,6659
4139,6697
4139,6863
4139,6883
4139,6938
4139,6943
4139,7002
4139,7028
4139,7148
4139,7301
4139,7533
4139,7571
4139,7625
4140,7269
4140,7608
4141,73
4141,305
4141,551
4141,1293
4141,1707
4141,2586
4141,3212
4141,3359
4141,3866
4141,3944
4141,4384
4141,4952
4141,5305
4141,5375
4141,5467
4141,5561
4141,5614
4141,6411
4141,6733
4141,6828
4141,7196
4141,7510
4142,275
4142,316
4142,328
4142,801
4142,828
4142,1391
4142,1504
4142,1685
4142,1696
4142,1759
4142,1849
4142,1864
4142,1969
4142,2090
4142,2260
4142,2622
4142,2768
4142,3324
4142,3597
4142,4300
4142,4614
4142,4666
4142,4739
4142,5448
4142,5848
4142,6679
4142,7118
4142,7255
4143,4
4143,19
4143,22
4143,204
4143,284
4143,315
4143,554
4143,557
4143,580
4143,581
4143,682
4143,741
4143,794
4143,871
4143,965
4143,995
4143,1079
4143,1131
4143,1244
4143,1308
4143,1488
4143,1587
4143,1656
4143,1664
4143,1772
4143,1845
4143,1914
4143,1920
4143,1953
4143,1982
4143,2133
4143,2240
4143,2382
4143,2443
4143,2654
4143,2756
4143,2757
4143,3064
4143,3258
4143,3266
4143,3326
4143,3376
4143,3391
4143,3417
4143,3563
4143,3619
4143,3741
4143,3880
4143,3881
4143,3892
4143,3903
4143,3924
4143,3941
4143,3997
4143,4008
4143,4077
4143,4112
4143,4171
4143,4208
4143,4280
4143,4351
4143,4426
4143,4599
4143,4612
4143,4673
4143,4726
4143,4802
4143,4899
4143,4984
4143,5019
4143,5030
4143,5266
4143,5587
4143,5627
4143,5686
4143,5754
4143,5876
4143,5914
4143,6088
4143,6111
4143,6199
4143,6347
4143,6623
4143,6645
4143,6653
4143,6712
4143,6975
4143,7236
4143,7314
4143,7451
4143,7504
4143,7565
4143,7615
4144,409
4144,959
4144,1124
4144,1920
4144,2109
4144,2181
4144,2409
4144,2720
4144,2837
4144,3231
4144,3747
4144,3801
4144,4896
4144,4950
4144,4980
4144,5421
4144,5759
4144,5829
4144,6231
4144,6550
4144,6791
4144,7098
4144,7126
4144,7165
4144,7243
4145,187
4145,256
4145,314
4145,708
4145,884
4145,1065
4145,1247
4145,1311
4145,1446
4145,1502
4145,1537
4145,1791
4145,2064
4145,2148
4145,2292
4145,2792
4145,3231
4145,3424
4145,3494
4145,3754
4145,4849
4145,4925
4145,5184
4145,5237
4145,5697
4145,5793
4145,5867
4145,5877
4145,6042
4145,6090
4145,6130
4145,6290
4145,6376
4145,6598
4145,6671
4145,6806
4145,6873
4145,7243
4146,17
4146,182
4146,256
4146,314
4146,695
4146,708
4146,740
4146,1065
4146,1446
4146,1502
4146,1567
4146,1791
4146,1804
4146,2148
4146,2168
4146,2196
4146,2328
4146,2534
4146,3258
4146,3293
4146,3424
4146,3754
4146,3988
4146,4937
4146,4943
4146,5053
4146,5169
4146,5237
4146,5697
4146,5860
4146,5867
4146,6090
4146,6094
4146,6130
4146,6200
4146,6376
4146,6423
4146,6482
4146,6652
4146,6806
4146,7136
4147,26
4147,85
4147,266
4147,593
4147,1058
4147,1415
4147,1472
4147,1524
4147,1999
4147,2170
4147,2198
4147,2239
4147,2370
4147,2755
4147,3049
4147,3428
4147,3522
4147,3698
4147,4210
4147,4376
4147,4864
4147,5070
4147,5082
4147,5132
4147,5286
4147,5404
4147,5931
4147,6313
4147,6537
4147,7071
4147,7582
4148,2049
4148,2431
4148,3005
4148,3202
4148,4378
4148,4687
4148,5234
4148,5734
4148,6592
4149,131
4149,695
4149,708
4149,1162
4149,1446
4149,1487
4149,1567
4149,1903
4149,1909
4149,2674
4149,2774
4149,2792
4149,3210
4149,3908
4149,3988
4149,4088
4149,4287
4149,4610
4149,4620
4149,4813
4149,4943
4149,4993
4149,5256
4149,5267
4149,5591
4149,6094
4149,6207
4149,6453
4149,6652
4149,7133
4149,7208
4149,7257
4149,7342
4149,7343
4149,7631
4150,195
4150,242
4150,941
4150,2293
4150,2379
4150,3244
4150,4051
4150,4689
4150,4810
4150,4906
4150,4961
4150,5563
4150,7155
4151,147
4151,481
4151,561
4151,688
4151,746
4151,782
4151,943
4151,1223
4151,2395
4151,2499
4151,2786
4151,3180
4151,3393
4151,3504
4151,3733
4151,4191
4151,4244
4151,4353
4151,4411
4151,4485
4151,4491
4151,4564
4151,4663
4151,4884
4151,5072
4151,5230
4151,5476
4151,5489
4151,5737
4151,5896
4151,5928
4151,5974
4151,6222
4151,6488
4151,6609
4151,6625
4151,6924
4151,7110
4151,7218
4151,7383
4151,7463
4151,7598
4152,485
4152,536
4152,644
4152,851
4152,931
4152,970
4152,1060
4152,1458
4152,1633
4152,1930
4152,1961
4152,1981
4152,2561
4152,2746
4152,2973
4152,3035
4152,3310
4152,3335
4152,3605
4152,3928
4152,4959
4152,5360
4152,5437
4152,5843
4152,5953
4152,5963
4152,6085
4152,6450
4152,6807
4153,5
4153,8
4153,71
4153,212
4153,283
4153,299
4153,382
4153,521
4153,583
4153,584
4153,655
4153,683
4153,724
4153,921
4153,1090
4153,1102
4153,1196
4153,1263
4153,1287
4153,1479
4153,1521
4153,1549
4153,1624
4153,1716
4153,1733
4153,1810
4153,1910
4153,1922
4153,1978
4153,2047
4153,2059
4153,2172
4153,2186
4153,2215
4153,2325
4153,2529
4153,2632
4153,2673
4153,2809
4153,2893
4153,2945
4153,2999
4153,3062
4153,3083
4153,3125
4153,3190
4153,3209
4153,3264
4153,3270
4153,3407
4153,3455
4153,3506
4153,3520
4153,3539
4153,3559
4153,3650
4153,3702
4153,3751
4153,3898
4153,4050
4153,4067
4153,4177
4153,4313
4153,4427
4153,4490
4153,4502
4153,4584
4153,4634
4153,4811
4153,4987
4153,5111
4153,5120
4153,5132
4153,5373
4153,5650
4153,5722
4153,5732
4153,5798
4153,5851
4153,5858
4153,5917
4153,6026
4153,6036
4153,6059
4153,6063
4153,6070
4153,6348
4153,6395
4153,6412
4153,6427
4153,6538
4153,6610
4153,6677
4153,6699
4153,6713
4153,6909
4153,6920
4153,6966
4153,7006
4153,7131
4153,7322
4153,7422
4153,7569
4154,27
4154,48
4154,192
4154,259
4154,269
4154,389
4154,411
4154,476
4154,766
4154,875
4154,1098
4154,1105
4154,1239
4154,1661
4154,1782
4154,1872
4154,2062
4154,2198
4154,2239
4154,2418
4154,2572
4154,2661
4154,2820
4154,3194
4154,3216
4154,3277
4154,3359
4154,3373
4154,3428
4154,3561
4154,4230
4154,4289
4154,4422
4154,4569
4154,4822
4154,5039
4154,5199
4154,5289
4154,5372
4154,5412
4154,5474
4154,5707
4154,5797
4154,6210
4154,6437
4154,6551
4154,6582
4154,6854
4154,6901
4154,7290
4154,7298
4154,7357
4154,7395
4155,726
4155,1058
4155,1415
4155,1959
4155,2198
4155,2239
4155,2370
4155,2564
4155,3861
4155,4376
4155,4608
4155,5296
4155,5404
4155,5649
4155,5816
4155,7046
4156,258
4156,469
4156,659
4156,774
4156,818
4156,924
4156,1206
4156,1210
4156,1517
4156,1671
4156,1698
4156,1744
4156,1899
4156,2060
4156,2198
4156,2336
4156,2380
4156,2381
4156,2410
4156,2782
4156,3063
4156,3105
4156,3221
4156,3373
4156,3623
4156,3683
4156,3748
4156,4161
4156,4243
4156,4278
4156,4380
4156,4510
4156,4570
4156,4662
4156,4870
4156,4946
4156,5048
4156,5070
4156,5214
4156,5324
4156,5372
4156,5584
4156,6077
4156,6702
4156,6850
4156,6887
4156,7021
4156,7097
4156,7150
4156,7204
4156,7294
4156,7536
4157,23
4157,42
4157,89
4157,169
4157,260
4157,267
4157,369
4157,431
4157,593
4157,762
4157,839
4157,942
4157,1178
4157,1214
4157,1218
4157,1350
4157,1415
4157,1421
4157,1456
4157,1513
4157,1545
4157,1663
4157,1723
4157,1738
4157,1796
4157,1798
4157,1862
4157,2013
4157,2106
4157,2115
4157,2198
4157,2229
4157,2239
4157,2290
4157,2313
4157,2396
4157,2553
4157,2600
4157,3183
4157,3184
4157,3188
4157,3363
4157,3734
4157,3748
4157,3926
4157,4023
4157,4080
4157,4350
4157,4376
4157,4384
4157,4453
4157,4578
4157,4608
4157,4641
4157,4806
4157,4952
4157,4971
4157,5365
4157,5404
4157,5641
4157,5707
4157,5756
4157,5799
4157,5816
4157,5881
4157,6039
4157,6082
4157,6135
4157,6183
4157,6451
4157,6540
4157,6551
4157,6574
4157,6669
4157,6673
4157,6692
4157,6702
4157,6707
4157,6847
4157,6882
4157,6921
4157,7003
4157,7023
4157,7105
4157,7231
4157,7353
4157,7464
4157,7465
4157,7477
4157,7535
4157,7568
4157,7607
4158,869
4158,951
4158,3347
4158,3444
4158,4787
4158,7044
4159,518
4159,582
4159,2239
4159,2287
4159,3152
4159,5056
4159,6406
4160,34
4160,610
4160,835
4160,1058
4160,1453
4160,1730
4160,1790
4160,1929
4160,2104
4160,2198
4160,2253
4160,2287
4160,2440
4160,2704
4160,3160
4160,3331
4160,3433
4160,3578
4160,4120
4160,4573
4160,4592
4160,4595
4160,4691
4160,4805
4160,5037
4160,5132
4160,5559
4160,6354
4160,6994
4160,7003
4160,7116
4160,7164
4160,7233
4160,7446
4161,28
4161,42
4161,89
4161,258
4161,269
4161,593
4161,633
4161,720
4161,1017
4161,1058
4161,1206
4161,1210
4161,1344
4161,1561
4161,1663
4161,1738
4161,1744
4161,1796
4161,1798
4161,1993
4161,2095
4161,2198
4161,2239
4161,2336
4161,2541
4161,2615
4161,2618
4161,2782
4161,3105
4161,3185
4161,3277
4161,3380
4161,3623
4161,3856
4161,4156
4161,4243
4161,4347
4161,4376
4161,4388
4161,4578
4161,4805
4161,5006
4161,5042
4161,5372
4161,5404
4161,5904
4161,5979
4161,5982
4161,6039
4161,6315
4161,6409
4161,6414
4161,6669
4161,6673
4161,6702
4161,6707
4161,7085
4161,7204
4161,7280
4161,7289
4161,7296
4161,7369
4161,7395
4161,7464
4161,7467
4161,7607
4161,7610
4162,626
4162,1798
4162,1847
4162,2198
4162,2239
4162,2410
4162,3459
4162,5641
4162,6551
4162,6646
4162,6702
4163,137
4163,162
4163,305
4163,1563
4163,1679
4163,1766
4163,1896
4163,2751
4163,3698
4163,4433
4163,5305
4163,5614
4163,6078
4163,6411
4164,33
4164,41
4164,42
4164,69
4164,77
4164,98
4164,109
4164,115
4164,124
4164,129
4164,170
4164,184
4164,192
4164,220
4164,233
4164,272
4164,287
4164,346
4164,421
4164,469
4164,473
4164,500
4164,527
4164,540
4164,552
4164,553
4164,593
4164,711
4164,717
4164,770
4164,780
4164,789
4164,810
4164,811
4164,813
4164,836
4164,841
4164,854
4164,869
4164,942
4164,951
4164,989
4164,990
4164,1022
4164,1040
4164,1058
4164,1081
4164,1097
4164,1102
4164,1105
4164,1152
4164,1167
4164,1170
4164,1178
4164,1210
4164,1211
4164,1226
4164,1254
4164,1266
4164,1268
4164,1284
4164,1330
4164,1357
4164,1370
4164,1399
4164,1414
4164,1415
4164,1421
4164,1430
4164,1485
4164,1491
4164,1492
4164,1513
4164,1545
4164,1561
4164,1569
4164,1575
4164,1581
4164,1582
4164,1620
4164,1634
4164,1665
4164,1698
4164,1705
4164,1708
4164,1796
4164,1854
4164,1875
4164,1880
4164,1898
4164,1899
4164,1993
4164,1996
4164,1997
4164,2010
4164,2013
4164,2039
4164,2042
4164,2048
4164,2060
4164,2108
4164,2166
4164,2183
4164,2198
4164,2206
4164,2229
4164,2239
4164,2267
4164,2334
4164,2336
4164,2339
4164,2370
4164,2377
4164,2406
4164,2410
4164,2471
4164,2479
4164,2540
4164,2571
4164,2573
4164,2586
4164,2587
4164,2595
4164,2626
4164,2632
4164,2645
4164,2657
4164,2736
4164,2772
4164,2808
4164,2814
4164,2848
4164,2855
4164,2882
4164,2913
4164,2931
4164,2938
4164,2958
4164,2979
4164,2981
4164,3049
4164,3050
4164,3051
4164,3074
4164,3079
4164,3160
4164,3177
4164,3226
4164,3234
4164,3245
4164,3264
4164,3284
4164,3289
4164,3311
4164,3334
4164,3362
4164,3370
4164,3377
4164,3384
4164,3462
4164,3493
4164,3502
4164,3514
4164,3546
4164,3616
4164,3659
4164,3692
4164,3693
4164,3704
4164,3710
4164,3715
4164,3748
4164,3758
4164,3844
4164,3856
4164,3861
4164,3895
4164,3947
4164,3985
4164,3999
4164,4003
4164,4028
4164,4062
4164,4067
4164,4071
4164,4074
4164,4090
4164,4095
4164,4096
4164,4114
4164,4128
4164,4167
4164,4188
4164,4203
4164,4210
4164,4217
4164,4253
4164,4257
4164,4290
4164,4333
4164,4355
4164,4376
4164,4384
4164,4392
4164,4466
4164,4483
4164,4500
4164,4510
4164,4535
4164,4553
4164,4556
4164,4570
4164,4578
4164,4580
4164,4588
4164,4595
4164,4642
4164,4669
4164,4792
4164,4805
4164,4806
4164,4941
4164,5007
4164,5008
4164,5039
4164,5049
4164,5056
4164,5058
4164,5070
4164,5108
4164,5132
4164,5139
4164,5194
4164,5212
4164,5214
4164,5220
4164,5224
4164,5251
4164,5258
4164,5286
4164,5296
4164,5316
4164,5344
4164,5352
4164,5365
4164,5381
4164,5398
4164,5404
4164,5415
4164,5455
4164,5459
4164,5463
4164,5468
4164,5490
4164,5507
4164,5510
4164,5551
4164,5557
4164,5559
4164,5577
4164,5593
4164,5612
4164,5641
4164,5646
4164,5649
4164,5669
4164,5708
4164,5714
4164,5732
4164,5833
4164,5855
4164,5881
4164,5888
4164,5937
4164,5945
4164,5952
4164,5961
4164,5962
4164,5975
4164,5979
4164,5987
4164,6021
4164,6047
4164,6073
4164,6075
4164,6098
4164,6140
4164,6188
4164,6215
4164,6228
4164,6242
4164,6284
4164,6315
4164,6327
4164,6335
4164,6354
4164,6400
4164,6409
4164,6413
4164,6449
4164,6484
4164,6492
4164,6500
4164,6553
4164,6576
4164,6658
4164,6669
4164,6702
4164,6707
4164,6714
4164,6758
4164,6801
4164,6811
4164,6830
4164,6843
4164,6847
4164,6848
4164,6867
4164,6890
4164,6892
4164,6895
4164,6933
4164,6952
4164,6961
4164,6990
4164,6992
4164,7003
4164,7023
4164,7046
4164,7070
4164,7079
4164,7091
4164,7105
4164,7114
4164,7139
4164,7147
4164,7159
4164,7277
4164,7311
4164,7320
4164,7369
4164,7428
4164,7448
4164,7464
4164,7466
4164,7471
4164,7481
4164,7520
4164,7525
4164,7534
4164,7539
4164,7572
4164,7582
4164,7597
4166,281
4166,348
4166,354
4166,452
4166,547
4166,594
4166,624
4166,635
4166,792
4166,799
4166,823
4166,929
4166,1147
4166,1154
4166,1168
4166,1201
4166,1203
4166,1208
4166,1231
4166,1265
4166,1300
4166,1366
4166,1542
4166,1754
4166,1779
4166,1837
4166,1968
4166,1971
4166,2203
4166,2278
4166,2403
4166,2578
4166,2580
4166,2642
4166,2696
4166,2841
4166,2846
4166,2858
4166,3254
4166,3286
4166,3301
4166,3338
4166,3390
4166,3402
4166,3522
4166,3769
4166,3943
4166,4036
4166,4119
4166,4132
4166,4139
4166,4481
4166,4977
4166,4998
4166,5021
4166,5073
4166,5196
4166,5233
4166,5246
4166,5712
4166,6011
4166,6158
4166,6292
4166,6375
4166,6455
4166,6498
4166,6659
4166,6697
4166,6863
4166,6883
4166,6938
4166,7028
4166,7148
4166,7301
4166,7533
4166,7625
4167,85
4167,269
4167,369
4167,479
4167,542
4167,593
4167,903
4167,1293
4167,1784
4167,1798
4167,1968
4167,2198
4167,2239
4167,2313
4167,3357
4167,3459
4167,3748
4167,4080
4167,4164
4167,4369
4167,4616
4167,4768
4167,4806
4167,4864
4167,4952
4167,5707
4167,5816
4167,5955
4167,6100
4167,6265
4167,6551
4167,6707
4167,6802
4167,6906
4167,7071
4167,7401
4167,7487
4167,7572
4167,7582
4168,20
4168,73
4168,143
4168,305
4168,551
4168,1189
4168,1707
4168,3895
4168,4384
4168,5772
4168,6411
4168,6951
4168,7196
4169,7620
4170,70
4170,1650
4170,5506
4170,5550
4171,22
4171,554
4171,737
4171,995
4171,1079
4171,2757
4171,3391
4171,3741
4171,3924
4171,4008
4171,4143
4171,4208
4171,4280
4171,4673
4171,5686
4171,6088
4171,6623
4171,6653
4171,7504
4172,28
4172,139
4172,381
4172,429
4172,525
4172,548
4172,634
4172,1181
4172,1230
4172,2515
4172,2545
4172,2613
4172,2705
4172,3120
4172,3176
4172,3405
4172,3485
4172,3599
4172,3645
4172,3709
4172,3740
4172,3828
4172,4121
4172,4361
4172,4488
4172,4750
4172,5076
4172,5388
4172,5494
4172,5763
4172,5814
4172,5890
4172,6277
4172,6283
4172,6356
4172,6469
4172,6905
4172,6908
4172,6999
4172,7057
4172,7078
4172,7332
4172,7419
4173,40
4173,51
4173,106
4173,211
4173,217
4173,248
4173,262
4173,456
4173,471
4173,474
4173,490
4173,526
4173,680
4173,834
4173,846
4173,970
4173,1139
4173,1212
4173,1253
4173,1315
4173,1347
4173,1409
4173,1586
4173,1777
4173,1896
4173,1911
4173,2062
4173,2070
4173,2084
4173,2179
4173,2588
4173,2701
4173,2831
4173,3013
4173,3194
4173,3310
4173,3339
4173,4031
4173,4098
4173,4178
4173,4259
4173,4330
4173,4386
4173,4745
4173,4991
4173,5188
4173,5321
4173,5368
4173,5433
4173,5461
4173,5674
4173,5864
4173,5953
4173,5997
4173,6079
4173,6085
4173,6119
4173,6210
4173,6379
4173,6417
4173,6511
4173,6563
4173,6572
4173,6600
4173,6630
4173,6726
4173,6947
4173,7072
4173,7252
4173,7293
4173,7359
4173,7374
4173,7409
4173,7414
4173,7503
4173,7596
4174,103
4174,223
4174,476
4174,509
4174,533
4174,762
4174,1218
4174,1249
4174,1286
4174,1296
4174,1429
4174,1961
4174,1965
4174,2040
4174,2043
4174,2047
4174,2086
4174,2106
4174,2173
4174,2239
4174,2320
4174,3171
4174,3183
4174,3408
4174,3532
4174,3602
4174,3698
4174,3744
4174,3854
4174,4049
4174,4080
4174,4083
4174,4091
4174,4217
4174,4384
4174,4407
4174,4803
4174,4952
4174,5222
4174,5654
4174,5839
4174,5999
4174,6039
4174,6259
4174,6297
4174,6301
4174,6487
4174,6551
4174,6618
4174,7395
4174,7474
4174,7510
4174,7599
4175,206
4175,323
4175,378
4175,401
4175,842
4175,1313
4175,1694
4175,1865
4175,2022
4175,2050
4175,2472
4175,2503
4175,2737
4175,3797
4175,4052
4175,4425
4175,4515
4175,4901
4175,4981
4175,5005
4175,5569
4175,5607
4175,6018
4175,6220
4175,6239
4175,6858
4175,6865
4175,7642
4175,7645
4176,89
4176,593
4176,632
4176,906
4176,1744
4176,1796
4176,2198
4176,3353
4176,3704
4176,3720
4176,4376
4176,4538
4176,4578
4176,4588
4176,4641
4176,5734
4176,5881
4176,5903
4176,6414
4176,6669
4176,6692
4176,6702
4176,6866
4176,7477
4177,85
4177,260
4177,415
4177,421
4177,789
4177,942
4177,1210
4177,1415
4177,1430
4177,1453
4177,1478
4177,2215
4177,2339
4177,2370
4177,2377
4177,2441
4177,2620
4177,2703
4177,2903
4177,2911
4177,3183
4177,3311
4177,3370
4177,3538
4177,3559
4177,3718
4177,3748
4177,4067
4177,4153
4177,4253
4177,4313
4177,4384
4177,4398
4177,4952
4177,5132
4177,5222
4177,5296
4177,5350
4177,5623
4177,5641
4177,5704
4177,5707
4177,6412
4177,6551
4177,6760
4177,6794
4177,6920
4177,7147
4177,7369
4177,7572
4178,331
4178,381
4178,462
4178,544
4178,585
4178,846
4178,980
4178,1032
4178,1036
4178,1252
4178,1297
4178,1359
4178,1669
4178,1764
4178,2000
4178,3141
4178,3313
4178,3336
4178,3557
4178,3573
4178,3631
4178,3650
4178,3952
4178,4173
4178,4320
4178,4362
4178,4725
4178,4908
4178,5014
4178,5630
4178,5839
4178,5971
4178,6298
4178,6328
4178,6719
4178,6868
4178,6967
4178,7153
4178,7191
4178,7375
4178,7576
4179,561
4179,653
4179,2786
4179,4411
4179,4475
4179,4524
4179,4663
4179,6488
4180,3604
4181,19
4181,315
4181,420
4181,581
4181,871
4181,1244
4181,1324
4181,2133
4181,2426
4181,2813
4181,3030
4181,3041
4181,3236
4181,3845
4181,3997
4181,4208
4181,4292
4181,4351
4181,4789
4181,4899
4181,5030
4181,5094
4181,5300
4181,5361
4181,5380
4181,5884
4181,6006
4181,6623
4181,6653
4181,6753
4181,7404
4181,7451
4181,7565
4182,269
4182,456
4182,1058
4182,2198
4182,2239
4182,2287
4182,3063
4182,3070
4182,3080
4182,3152
4182,3359
4182,4184
4182,4768
4182,4771
4182,5167
4182,5404
4182,6406
4182,6414
4182,7467
4183,2
4183,544
4183,980
4183,2152
4183,4757
4183,5986
4183,7558
4183,7590
4184,23
4184,85
4184,134
4184,152
4184,213
4184,240
4184,260
4184,304
4184,369
4184,375
4184,482
4184,566
4184,593
4184,789
4184,795
4184,916
4184,939
4184,942
4184,1058
4184,1064
4184,1067
4184,1102
4184,1113
4184,1368
4184,1444
4184,1453
4184,1456
4184,1467
4184,1478
4184,1524
4184,1540
4184,1545
4184,1582
4184,1621
4184,1634
4184,1661
4184,1711
4184,1798
4184,1840
4184,1945
4184,2039
4184,2106
4184,2129
4184,2198
4184,2239
4184,2313
4184,2370
4184,2410
4184,2441
4184,2571
4184,2600
4184,2657
4184,2661
4184,2725
4184,2882
4184,2888
4184,2911
4184,2931
4184,2961
4184,3008
4184,3183
4184,3185
4184,3251
4184,3408
4184,3748
4184,3756
4184,3758
4184,3859
4184,3954
4184,3958
4184,3970
4184,4023
4184,4080
4184,4182
4184,4243
4184,4286
4184,4376
4184,4384
4184,4420
4184,4453
4184,4511
4184,4578
4184,4595
4184,4682
4184,4782
4184,4803
4184,4806
4184,4871
4184,4952
4184,5222
4184,5261
4184,5278
4184,5296
4184,5404
4184,5463
4184,5689
4184,5707
4184,5740
4184,5797
4184,5799
4184,5816
4184,5955
4184,6121
4184,6397
4184,6414
4184,6449
4184,6537
4184,6540
4184,6551
4184,6618
4184,6640
4184,6646
4184,6702
4184,6707
4184,6810
4184,6906
4184,6933
4184,6971
4184,6978
4184,7071
4184,7097
4184,7280
4184,7289
4184,7320
4184,7369
4184,7395
4184,7582
4184,7597
4184,7607
4184,7628
4185,336
4185,456
4185,461
4185,495
4185,501
4185,766
4185,1030
4185,1062
4185,1337
4185,1339
4185,1414
4185,1418
4185,1572
4185,1682
4185,1794
4185,1795
4185,1817
4185,1956
4185,1958
4185,2143
4185,2317
4185,2358
4185,2418
4185,2425
4185,2490
4185,2522
4185,2625
4185,2629
4185,2801
4185,3578
4185,3654
4185,3671
4185,3701
4185,3866
4185,3887
4185,3922
4185,4039
4185,5150
4185,5378
4185,5464
4185,5652
4185,5758
4185,5948
4185,6098
4185,6118
4185,6211
4185,6422
4185,6572
4185,7029
4185,7054
4185,7305
4185,7467
4185,7518
4185,7597
4186,143
4186,161
4186,287
4186,456
4186,629
4186,881
4186,1064
4186,1066
4186,1185
4186,1409
4186,1486
4186,1707
4186,2113
4186,2586
4186,2588
4186,2626
4186,2964
4186,3037
4186,3275
4186,3339
4186,3643
4186,3726
4186,3990
4186,4062
4186,4529
4186,4735
4186,4797
4186,4940
4186,4987
4186,5022
4186,5511
4186,5993
4186,6588
4186,6878
4186,7007
4186,7032
4186,7330
4186,7445
4187,305
4187,862
4187,1689
4187,1961
4187,2304
4187,3369
4187,3600
4187,3802
4187,5483
4187,5866
4187,6341
4187,6572
4187,7184
4188,89
4188,169
4188,369
4188,593
4188,945
4188,1058
4188,1513
4188,1723
4188,1738
4188,1744
4188,1796
4188,1899
4188,2198
4188,2370
4188,2553
4188,3051
4188,3446
4188,3856
4188,4164
4188,4463
4188,4578
4188,4680
4188,4805
4188,4934
4188,5042
4188,5139
4188,5404
4188,5679
4188,5881
4188,5979
4188,6183
4188,6414
4188,6475
4188,6551
4188,6678
4188,6702
4188,7010
4188,7097
4188,7170
4188,7330
4188,7535
4188,7607
4189,88
4189,146
4189,225
4189,336
4189,395
4189,1052
4189,1143
4189,1181
4189,2570
4189,2897
4189,3005
4189,3725
4189,3778
4189,3783
4189,3793
4189,4066
4189,4378
4189,4400
4189,4451
4189,4454
4189,4577
4189,4687
4189,4817
4189,5009
4189,5226
4189,6048
4189,6114
4189,6378
4189,6651
4189,6729
4189,6748
4189,6896
4189,7304
4190,85
4190,240
4190,593
4190,1368
4190,1561
4190,1945
4190,2106
4190,2198
4190,2239
4190,3284
4190,3408
4190,4384
4190,4556
4190,4952
4190,5816
4190,6098
4190,6551
4190,6702
4190,6707
4190,7395
4190,7464
4190,7535
4191,74
4191,425
4191,444
4191,561
4191,578
4191,618
4191,685
4191,782
4191,1096
4191,1223
4191,1292
4191,1509
4191,1683
4191,2012
4191,2073
4191,2395
4191,2444
4191,2468
4191,2548
4191,2843
4191,2873
4191,3211
4191,3393
4191,3399
4191,3411
4191,3449
4191,3479
4191,4151
4191,4244
4191,4252
4191,4411
4191,4423
4191,4478
4191,4487
4191,4491
4191,4494
4191,4524
4191,4607
4191,4663
4191,4761
4191,4873
4191,4884
4191,5228
4191,5345
4191,5357
4191,5405
4191,5751
4191,5896
4191,5908
4191,6083
4191,6508
4191,6972
4191,7015
4191,7324
4191,7361
4191,7531
4191,7598
4192,414
4192,1632
4192,1765
4192,1839
4192,2467
4192,2616
4192,2846
4192,3071
4192,3752
4192,3764
4192,4818
4192,5800
4192,6056
4192,6812
4192,7189
4193,589
4193,941
4193,1035
4193,1068
4193,1869
4193,3586
4193,3735
4193,3872
4193,4209
4193,4646
4193,6307
4193,6768
4193,7062
4193,7586
4194,28
4194,105
4194,276
4194,495
4194,766
4194,1145
4194,1153
4194,1280
4194,1429
4194,1744
4194,1929
4194,1962
4194,1966
4194,2239
4194,2287
4194,2509
4194,2933
4194,3295
4194,3331
4194,3552
4194,3578
4194,3887
4194,4805
4194,4835
4194,4863
4194,5485
4194,5664
4194,5889
4194,6700
4194,7154
4194,7164
4194,7467
4195,7019
4196,28
4196,1347
4196,1377
4196,1429
4196,2239
4196,2633
4196,3152
4196,3277
4196,4080
4196,4522
4196,4952
4196,5707
4196,6224
4196,6345
4196,6618
4196,7300
4196,7395
4196,7599
4196,7649
4197,177
4197,257
4197,886
4197,1675
4197,1728
4197,2204
4197,2343
4197,2528
4197,2538
4197,3201
4197,3412
4197,3879
4197,4399
4197,4497
4197,5124
4197,7500
4197,7544
4198,696
4198,760
4198,1022
4198,1383
4198,1581
4198,2032
4198,2243
4198,2375
4198,2376
4198,3469
4198,3542
4198,3581
4198,3618
4198,3641
4198,3761
4198,3947
4198,4696
4198,4715
4198,4894
4198,5080
4198,5155
4198,5226
4198,5234
4198,5804
4198,6219
4198,6464
4198,6880
4198,7164
4198,7560
4199,488
4199,5654
4200,160
4200,310
4200,586
4200,1252
4200,1425
4200,2712
4200,2867
4200,3085
4200,3173
4200,3400
4200,3472
4200,3490
4200,3705
4200,3770
4200,3865
4200,4410
4200,4752
4200,5367
4200,5387
4200,5994
4200,6070
4200,6312
4200,6314
4200,6367
4200,7004
4201,652
4201,3299
4201,3494
4201,3744
4201,3763
4201,4295
4201,4367
4201,4407
4201,4930
4201,5154
4202,297
4202,307
4202,355
4202,996
4202,1149
4202,1692
4202,1740
4202,1808
4202,2168
4202,2217
4202,2413
4202,2534
4202,2874
4202,2947
4202,3135
4202,3147
4202,3511
4202,4005
4202,4093
4202,4611
4202,5046
4202,5104
4202,5803
4202,6144
4202,6524
4202,6988
4202,7408
4202,7449
4202,7460
4202,7472
4202,7509
4203,89
4203,258
4203,260
4203,269
4203,593
4203,947
4203,1513
4203,1663
4203,2129
4203,2198
4203,2239
4203,2614
4203,2738
4203,3185
4203,3277
4203,3359
4203,3428
4203,3693
4203,3710
4203,4164
4203,4352
4203,4393
4203,4510
4203,4522
4203,4578
4203,4589
4203,4682
4203,4768
4203,4805
4203,4806
4203,5070
4203,5372
4203,5404
4203,5707
4203,5717
4203,5816
4203,5881
4203,6039
4203,6183
4203,6551
4203,6646
4203,6678
4203,6702
4203,6707
4203,7003
4203,7097
4203,7395
4203,7628
4204,532
4204,915
4204,1025
4204,1971
4204,3433
4204,3578
4204,4059
4204,4319
4204,4805
4204,5021
4204,5695
4204,6747
4204,6963
4204,7040
4204,7466
4204,7481
4205,4699
4205,4736
4205,4837
4205,5822
4205,6405
4205,6776
4206,456
4206,526
4206,967
4206,986
4206,1058
4206,1291
4206,1809
4206,2170
4206,2198
4206,2215
4206,2253
4206,2423
4206,2965
4206,3078
4206,3193
4206,3384
4206,3457
4206,3587
4206,3786
4206,4067
4206,4304
4206,4376
4206,4805
4206,5132
4206,5251
4206,5556
4206,6408
4206,6569
4206,6952
4206,7147
4206,7336
4206,7608
4206,7627
4207,3295
4207,3381
4207,3578
4208,4
4208,19
4208,122
4208,208
4208,273
4208,284
4208,315
4208,342
4208,420
4208,554
4208,557
4208,581
4208,620
4208,737
4208,1079
4208,1193
4208,1244
4208,1308
4208,1324
4208,1392
4208,1488
4208,1664
4208,1721
4208,1737
4208,1771
4208,1772
4208,1914
4208,1920
4208,1923
4208,2133
4208,2226
4208,2350
4208,2654
4208,2757
4208,3266
4208,3280
4208,3391
4208,3741
4208,3845
4208,3892
4208,3903
4208,3924
4208,4008
4208,4077
4208,4093
4208,4143
4208,4171
4208,4181
4208,4251
4208,4280
4208,4292
4208,4351
4208,4414
4208,4426
4208,4512
4208,4599
4208,4673
4208,4726
4208,4763
4208,4849
4208,4899
4208,4984
4208,5019
4208,5025
4208,5131
4208,5410
4208,5429
4208,5515
4208,5587
4208,5611
4208,5686
4208,5762
4208,5884
4208,5914
4208,6042
4208,6088
4208,6111
4208,6125
4208,6153
4208,6194
4208,6199
4208,6278
4208,6347
4208,6480
4208,6550
4208,6623
4208,6653
4208,6928
4208,6948
4208,6975
4208,7157
4208,7314
4208,7347
4208,7451
4208,7460
4208,7461
4208,7504
4208,7541
4208,7565
4208,7615
4209,66
4209,157
4209,195
4209,205
4209,347
4209,589
4209,895
4209,1043
4209,1175
4209,1190
4209,1248
4209,1276
4209,1288
4209,1295
4209,1416
4209,1681
4209,1691
4209,1951
4209,2308
4209,2323
4209,2492
4209,2702
4209,2799
4209,2840
4209,2963
4209,2984
4209,3107
4209,3227
4209,3437
4209,3533
4209,3792
4209,3819
4209,3852
4209,3975
4209,4007
4209,4193
4209,4260
4209,4424
4209,4445
4209,4625
4209,4742
4209,4909
4209,4970
4209,5239
4209,5260
4209,5298
4209,5331
4209,5400
4209,5434
4209,5684
4209,5701
4209,5838
4209,6116
4209,6300
4209,6307
4209,6360
4209,6432
4209,6436
4209,6577
4209,6642
4209,7026
4209,7049
4209,7316
4209,7379
4209,7423
4209,7618
4209,7622
4210,23
4210,60
4210,260
4210,304
4210,317
4210,455
4210,566
4210,593
4210,727
4210,811
4210,865
4210,869
4210,1058
4210,1106
4210,1254
4210,1415
4210,1421
4210,1472
4210,1524
4210,1590
4210,1668
4210,1723
4210,1798
4210,1862
4210,1959
4210,1999
4210,2013
4210,2115
4210,2198
4210,2275
4210,2406
4210,2571
4210,2586
4210,2587
4210,2659
4210,2716
4210,2921
4210,2961
4210,2967
4210,2981
4210,3039
4210,3049
4210,3050
4210,3060
4210,3062
4210,3225
4210,3264
4210,3446
4210,3522
4210,3693
4210,3713
4210,3748
4210,3808
4210,4147
4210,4164
4210,4376
4210,4384
4210,4578
4210,4641
4210,4642
4210,4670
4210,4680
4210,4805
4210,4864
4210,5037
4210,5070
4210,5132
4210,5404
4210,5468
4210,5518
4210,5612
4210,5649
4210,5707
4210,5853
4210,5881
4210,5961
4210,6024
4210,6034
4210,6098
4210,6313
4210,6414
4210,6449
4210,6484
4210,6492
4210,6551
4210,6638
4210,6659
4210,6678
4210,6702
4210,6704
4210,6731
4210,6759
4210,6787
4210,6847
4210,6892
4210,6968
4210,6984
4210,6992
4210,7003
4210,7071
4210,7091
4210,7166
4210,7276
4210,7280
4210,7296
4210,7428
4210,7440
4210,7464
4211,261
4211,484
4211,593
4211,868
4211,2198
4211,2553
4211,2913
4211,4630
4211,4680
4211,4805
4211,5006
4211,5054
4211,5132
4211,5234
4211,5404
4211,5493
4211,5679
4211,5734
4211,5881
4211,6702
4211,7003
4211,7464
4212,1058
4212,1899
4212,2198
4212,4805
4212,5132
4212,5468
4212,5881
4213,390
4213,593
4213,814
4213,1058
4213,1584
4213,1744
4213,1836
4213,1902
4213,2198
4213,3093
4213,3438
4213,3538
4213,4376
4213,6461
4213,6907
4213,7003
4213,7477
4214,120
4214,1162
4214,1234
4214,1909
4214,2362
4214,3143
4214,4088
4214,5675
4214,5927
4214,6094
4214,6681
4214,6855
4215,1758
4215,2397
4215,2990
4215,5548
4215,5922
4215,7260
4216,754
4216,934
4216,1058
4216,1357
4216,1414
4216,1546
4216,1575
4216,1631
4216,1655
4216,1862
4216,1875
4216,1884
4216,2407
4216,2772
4216,3131
4216,3203
4216,3384
4216,3545
4216,3672
4216,3895
4216,4269
4216,4365
4216,4371
4216,4376
4216,4466
4216,4543
4216,4670
4216,4805
4216,5351
4216,6193
4216,6553
4216,6952
4216,6954
4216,7147
4216,7416
4216,7481
4216,7519
4216,7585
4217,26
4217,134
4217,352
4217,383
4217,419
4217,456
4217,522
4217,533
4217,592
4217,593
4217,658
4217,659
4217,739
4217,764
4217,811
4217,899
4217,1004
4217,1024
4217,1082
4217,1092
4217,1194
4217,1197
4217,1280
4217,1305
4217,1429
4217,1472
4217,1591
4217,1744
4217,1899
4217,2117
4217,2173
4217,2198
4217,2205
4217,2206
4217,2239
4217,2294
4217,2336
4217,2556
4217,2685
4217,2778
4217,2859
4217,2871
4217,2887
4217,2931
4217,2961
4217,3051
4217,3053
4217,3063
4217,3105
4217,3123
4217,3241
4217,3243
4217,3247
4217,3294
4217,3438
4217,3621
4217,3657
4217,3807
4217,3923
4217,3966
4217,4013
4217,4082
4217,4164
4217,4174
4217,4241
4217,4345
4217,4347
4217,4386
4217,4791
4217,4895
4217,4912
4217,5042
4217,5070
4217,5097
4217,5133
4217,5234
4217,5290
4217,5293
4217,5302
4217,5311
4217,5327
4217,5442
4217,5568
4217,5597
4217,5703
4217,5734
4217,5903
4217,5932
4217,5936
4217,5958
4217,5993
4217,6054
4217,6175
4217,6215
4217,6289
4217,6335
4217,6343
4217,6353
4217,6371
4217,6506
4217,6572
4217,6702
4217,6723
4217,6759
4217,6790
4217,6917
4217,6983
4217,7021
4217,7071
4217,7119
4217,7276
4217,7283
4217,7311
4217,7398
4217,7409
4217,7464
4217,7526
4217,7534
4217,7601
4218,835
4218,1371
4218,2005
4218,2494
4218,2907
4218,3249
4218,3331
4218,3433
4218,3578
4218,4805
4218,5234
4218,6703
4219,2239
4219,4118
4219,4482
4219,6274
4219,6946
4220,212
4220,584
4220,1287
4220,2579
4220,3513
4220,4376
4220,4427
4220,4917
4220,6412
4220,6909
4221,729
4221,1638
4221,2877
4221,3280
4221,4613
4221,5271
4221,6410
4221,6816
4222,44
4222,434
4222,954
4222,1496
4222,1560
4222,1571
4222,1576
4222,1715
4222,2580
4222,2803
4222,3556
4222,4119
4222,4124
4222,4389
4222,4501
4222,4817
4222,5149
4222,6008
4222,6926
4222,7571
4223,62
4223,91
4223,304
4223,305
4223,372
4223,432
4223,583
4223,766
4223,771
4223,1069
4223,1091
4223,1094
4223,1418
4223,1682
4223,1794
4223,1802
4223,1958
4223,2060
4223,2143
4223,2198
4223,2202
4223,2239
4223,2332
4223,2427
4223,2522
4223,2977
4223,3223
4223,3330
4223,3421
4223,3607
4223,3672
4223,3866
4223,3871
4223,3895
4223,3925
4223,3959
4223,4037
4223,4042
4223,4054
4223,4109
4223,4376
4223,4735
4223,4764
4223,5513
4223,5749
4223,5865
4223,5948
4223,5957
4223,5962
4223,5987
4223,5998
4223,6098
4223,6448
4223,6560
4223,6581
4223,7054
4223,7067
4223,7269
4223,7296
4223,7330
4223,7443
4223,7584
4223,7632
4224,399
4224,401
4224,441
4224,935
4224,991
4224,1204
4224,1694
4224,1852
4224,2022
4224,2050
4224,2180
4224,2255
4224,2321
4224,2472
4224,3048
4224,3130
4224,3420
4224,3730
4224,3843
4224,4265
4224,5161
4224,5393
4224,5569
4224,5600
4224,5977
4224,6525
4224,6650
4224,6687
4224,6865
4224,6894
4224,7027
4225,6436
4226,126
4226,315
4226,737
4226,871
4226,915
4226,1115
4226,1392
4226,1656
4226,1772
4226,2064
4226,2133
4226,3361
4226,4125
4226,4237
4226,4280
4226,4673
4226,5131
4226,6138
4226,6199
4226,6347
4226,6623
4226,7460
4226,7565
4227,544
4227,990
4227,1660
4227,2354
4227,2624
4227,3567
4227,4009
4227,5435
4227,5781
4227,6110
4227,7000
4228,73
4228,881
4228,904
4228,1070
4228,1296
4228,1610
4228,1612
4228,1794
4228,1862
4228,2194
4228,2370
4228,2377
4228,2460
4228,2544
4228,3171
4228,3183
4228,3311
4228,3394
4228,3410
4228,3503
4228,3532
4228,3681
4228,3948
4228,3996
4228,4384
4228,4386
4228,4469
4228,4490
4228,4952
4228,5218
4228,5292
4228,5464
4228,6063
4228,6086
4228,6297
4228,6660
4228,6848
4228,7032
4228,7252
4228,7330
4228,7599
4229,1207
4229,1405
4229,1793
4229,3519
4229,4079
4229,5621
4229,5956
4229,7002
4229,7138
4229,7199
4230,27
4230,226
4230,259
4230,393
4230,432
4230,766
4230,1094
4230,1112
4230,1239
4230,1661
4230,1941
4230,2009
4230,2198
4230,2202
4230,2212
4230,2239
4230,2380
4230,2418
4230,2614
4230,2661
4230,2750
4230,3277
4230,3359
4230,3532
4230,3578
4230,3831
4230,4041
4230,4154
4230,4682
4230,5392
4230,5435
4230,5534
4230,5689
4230,5931
4230,6069
4230,6434
4230,6437
4230,6487
4230,6596
4230,6775
4230,7067
4230,7290
4230,7395
4230,7610
4230,7628
4231,738
4231,3248
4232,160
4232,549
4232,791
4232,1295
4232,1338
4232,1403
4232,1674
4232,1952
4232,1955
4232,2078
4232,2135
4232,2422
4232,2799
4232,2872
4232,3205
4232,3239
4232,3281
4232,3524
4232,3705
4232,3729
4232,4239
4232,4867
4232,5894
4232,6436
4232,6501
4232,7112
4232,7160
4232,7442
4232,7621
4233,85
4233,795
4233,1011
4233,1058
4233,1113
4233,1293
4233,1368
4233,1453
4233,1575
4233,1624
4233,1775
4233,2106
4233,2143
4233,2215
4233,2370
4233,2377
4233,2392
4233,2620
4233,2911
4233,2974
4233,3183
4233,3311
4233,3506
4233,3538
4233,3698
4233,3895
4233,4067
4233,4286
4233,4376
4233,4384
4233,4865
4233,4919
4233,4952
4233,5296
4233,5641
4233,5730
4233,6412
4233,6551
4233,6618
4233,6760
4233,6920
4233,7147
4233,7269
4233,7296
4233,7401
4233,7465
4233,7535
4234,304
4234,417
4234,1984
4234,2277
4234,2278
4234,2392
4234,2524
4234,2546
4234,4518
4234,5422
4234,5947
4234,6061
4234,6158
4234,6178
4234,6266
4234,7107
4234,7109
4234,7175
4234,7389
4234,7455
4234,7591
4235,193
4235,244
4235,347
4235,394
4235,734
4235,880
4235,894
4235,1043
4235,1440
4235,1933
4235,2245
4235,2297
4235,2597
4235,2748
4235,2799
4235,3121
4235,3168
4235,3222
4235,3453
4235,3571
4235,3735
4235,3833
4235,3949
4235,3975
4235,4020
4235,4104
4235,4260
4235,4332
4235,4361
4235,4661
4235,4850
4235,5057
4235,5239
4235,5298
4235,5701
4235,5946
4235,6025
4235,6031
4235,6049
4235,6072
4235,6107
4235,6120
4235,6612
4235,6792
4235,7261
4235,7447
4236,517
4236,767
4236,828
4236,882
4236,1054
4236,1364
4236,1434
4236,1531
4236,1648
4236,1696
4236,1732
4236,1759
4236,1766
4236,1867
4236,2147
4236,2192
4236,2250
4236,2260
4236,2327
4236,2717
4236,2754
4236,2822
4236,3116
4236,3346
4236,3523
4236,3840
4236,4412
4236,4496
4236,4603
4236,4704
4236,4758
4236,4881
4236,4960
4236,4992
4236,5164
4236,5245
4236,5497
4236,5512
4236,5529
4236,5658
4236,5692
4236,5706
4236,6164
4236,6383
4236,6416
4236,6520
4236,6552
4236,6772
4236,6842
4236,7013
4236,7060
4236,7241
4236,7348
4237,54
4237,121
4237,122
4237,177
4237,204
4237,420
4237,581
4237,595
4237,699
4237,730
4237,737
4237,824
4237,902
4237,932
4237,968
4237,1003
4237,1021
4237,1099
4237,1124
4237,1146
4237,1237
4237,1256
4237,1262
4237,1303
4237,1326
4237,1392
4237,1422
4237,1455
4237,1468
4237,1537
4237,1567
4237,1664
4237,1676
4237,1737
4237,1762
4237,1835
4237,1841
4237,1855
4237,1857
4237,1920
4237,2064
4237,2133
4237,2140
4237,2196
4237,2318
4237,2333
4237,2343
4237,2366
4237,2388
4237,2391
4237,2394
4237,2399
4237,2439
4237,2507
4237,2528
4237,2538
4237,2605
4237,2638
4237,2710
4237,2720
4237,2788
4237,2790
4237,2885
4237,2943
4237,2949
4237,3087
4237,3147
4237,3201
4237,3258
4237,3266
4237,3361
4237,3366
4237,3389
4237,3412
4237,3482
4237,3569
4237,3572
4237,3719
4237,3736
4237,3774
4237,3803
4237,3850
4237,3879
4237,3905
4237,3939
4237,3963
4237,4088
4237,4226
4237,4382
4237,4399
4237,4403
4237,4418
4237,4443
4237,4497
4237,4516
4237,4534
4237,4557
4237,4599
4237,4615
4237,4849
4237,4861
4237,4924
4237,4925
4237,4974
4237,4984
4237,5027
4237,5053
4237,5100
4237,5124
4237,5131
4237,5135
4237,5163
4237,5279
4237,5333
4237,5410
4237,5429
4237,5439
4237,5480
4237,5611
4237,5673
4237,5762
4237,5884
4237,5934
4237,6095
4237,6113
4237,6173
4237,6194
4237,6199
4237,6247
4237,6268
4237,6347
4237,6374
4237,6423
4237,6428
4237,6480
4237,6530
4237,6622
4237,6899
4237,6935
4237,6993
4237,7009
4237,7141
4237,7264
4237,7268
4237,7275
4237,7285
4237,7291
4237,7317
4237,7404
4237,7405
4237,7460
4237,7461
4237,7483
4237,7491
4237,7530
4237,7544
4238,108
4238,765
4238,1816
4238,1869
4238,2702
4238,4051
4238,4521
4238,4969
4238,5232
4238,5400
4238,5402
4238,5563
4238,5724
4238,5725
4238,5821
4238,6031
4238,6109
4238,6316
4238,6583
4238,6715
4238,7613
4239,195
4239,200
4239,621
4239,630
4239,872
4239,941
4239,1087
4239,1338
4239,1503
4239,1534
4239,1556
4239,2121
4239,2136
4239,2422
4239,2436
4239,2477
4239,2695
4239,2803
4239,3086
4239,3154
4239,3229
4239,3239
4239,3244
4239,3495
4239,3647
4239,3995
4239,4051
4239,4118
4239,4232
4239,4410
4239,4495
4239,4628
4239,4810
4239,4970
4239,5137
4239,5172
4239,6433
4239,6436
4239,6473
4239,7129
4239,7620
4239,7639
4239,7641
4240,1128
4240,3198
4240,4632
4240,5686
4241,89
4241,258
4241,304
4241,309
4241,369
4241,593
4241,1024
4241,1152
4241,1178
4241,1415
4241,1513
4241,1620
4241,1796
4241,1899
4241,1959
4241,1993
4241,1999
4241,2198
4241,2239
4241,2336
4241,2553
4241,2573
4241,2615
4241,2782
4241,3105
4241,3185
4241,3693
4241,4067
4241,4217
4241,4347
4241,4376
4241,4388
4241,4402
4241,4578
4241,4669
4241,4805
4241,4895
4241,4954
4241,5132
4241,5139
4241,5255
4241,5365
4241,5404
4241,5493
4241,5707
4241,5881
4241,6183
4241,6215
4241,6551
4241,6630
4241,6638
4241,6678
4241,6702
4241,6707
4241,6800
4241,6990
4241,7003
4241,7032
4241,7170
4241,7280
4241,7353
4241,7464
4241,7477
4241,7572
4241,7607
4242,1015
4242,1565
4242,1822
4242,1988
4242,2035
4242,2245
4242,2282
4242,3094
4242,3571
4242,3603
4242,4321
4242,4657
4242,4720
4242,4732
4242,4843
4242,4866
4242,4907
4242,4963
4242,5187
4242,5548
4242,5558
4242,5592
4242,5642
4242,5789
4242,6044
4242,6205
4242,6573
4242,6755
4242,6819
4242,7423
4242,7497
4242,7516
4242,7562
4242,7595
4243,23
4243,75
4243,89
4243,169
4243,258
4243,319
4243,369
4243,383
4243,484
4243,552
4243,593
4243,633
4243,780
4243,818
4243,868
4243,1206
4243,1280
4243,1421
4243,1513
4243,1738
4243,1744
4243,1763
4243,1798
4243,2087
4243,2106
4243,2198
4243,2239
4243,2380
4243,2406
4243,2615
4243,2782
4243,3051
4243,3105
4243,3184
4243,3185
4243,3277
4243,3359
4243,3380
4243,3578
4243,3594
4243,3704
4243,3713
4243,3983
4243,4086
4243,4156
4243,4161
4243,4184
4243,4253
4243,4347
4243,4352
4243,4380
4243,4388
4243,4522
4243,4578
4243,4630
4243,4805
4243,4816
4243,4870
4243,4946
4243,5006
4243,5042
4243,5148
4243,5324
4243,5372
4243,5412
4243,5584
4243,5626
4243,5679
4243,5797
4243,5799
4243,5982
4243,6100
4243,6215
4243,6315
4243,6335
4243,6397
4243,6414
4243,6596
4243,6678
4243,6702
4243,6707
4243,6850
4243,6887
4243,7003
4243,7097
4243,7150
4243,7204
4243,7276
4243,7280
4243,7289
4243,7294
4243,7353
4243,7395
4243,7464
4243,7568
4243,7607
4244,147
4244,179
4244,221
4244,263
4244,398
4244,444
4244,481
4244,510
4244,561
4244,578
4244,618
4244,653
4244,663
4244,671
4244,679
4244,685
4244,688
4244,744
4244,782
4244,812
4244,837
4244,855
4244,901
4244,969
4244,992
4244,1086
4244,1096
4244,1126
4244,1223
4244,1292
4244,1365
4244,1420
4244,1466
4244,1477
4244,1509
4244,1529
4244,1555
4244,1562
4244,1622
4244,1637
4244,1683
4244,1889
4244,1917
4244,1944
4244,2012
4244,2067
4244,2073
4244,2137
4244,2238
4244,2259
4244,2352
4244,2361
4244,2395
4244,2444
4244,2449
4244,2468
4244,2489
4244,2491
4244,2499
4244,2658
4244,2786
4244,2827
4244,2843
4244,2873
4244,2896
4244,2926
4244,2983
4244,3047
4244,3180
4244,3211
4244,3255
4244,3393
4244,3399
4244,3411
4244,3435
4244,3441
4244,3449
4244,3452
4244,3479
4244,3487
4244,3584
4244,3733
4244,3737
4244,3984
4244,4047
4244,4117
4244,4123
4244,4151
4244,4191
4244,4252
4244,4310
4244,4353
4244,4411
4244,4423
4244,4459
4244,4475
4244,4478
4244,4485
4244,4487
4244,4491
4244,4494
4244,4498
4244,4524
4244,4585
4244,4607
4244,4663
4244,4681
4244,4703
4244,4708
4244,4761
4244,4873
4244,4884
4244,4886
4244,4914
4244,4921
4244,4968
4244,5016
4244,5038
4244,5072
4244,5138
4244,5228
4244,5270
4244,5345
4244,5357
4244,5405
4244,5476
4244,5489
4244,5573
4244,5609
4244,5718
4244,5721
4244,5737
4244,5751
4244,5784
4244,5896
4244,5908
4244,5935
4244,5972
4244,6083
4244,6092
4244,6103
4244,6106
4244,6168
4244,6227
4244,6288
4244,6311
4244,6488
4244,6496
4244,6508
4244,6567
4244,6709
4244,6788
4244,6829
4244,6972
4244,7012
4244,7015
4244,7024
4244,7110
4244,7214
4244,7218
4244,7263
4244,7324
4244,7361
4244,7426
4244,7444
4244,7469
4244,7489
4244,7502
4244,7531
4244,7598
4245,275
4245,324
4245,749
4245,828
4245,909
4245,1609
4245,1648
4245,1696
4245,1759
4245,1864
4245,1881
4245,2090
4245,2250
4245,2260
4245,2326
4245,2516
4245,3640
4245,3722
4245,3830
4245,4412
4245,4739
4245,4881
4245,4883
4245,4938
4245,4960
4245,5045
4245,5069
4245,5250
4245,5409
4245,5602
4245,5848
4245,6164
4245,6250
4245,6670
4245,6765
4245,7073
4247,5119
4248,123
4248,552
4248,659
4248,1210
4248,1284
4248,2095
4248,2198
4248,2206
4248,2410
4248,2617
4248,2765
4248,2911
4248,3049
4248,3061
4248,3748
4248,3929
4248,4806
4248,5048
4248,5070
4248,5108
4248,5132
4248,5286
4248,5649
4248,5888
4248,6723
4248,6811
4248,7090
4248,7143
4249,260
4249,1712
4249,2198
4249,2215
4249,2888
4249,3018
4249,3312
4249,3698
4249,3748
4249,4253
4249,4384
4249,4398
4249,5296
4249,5404
4249,6551
4249,6961
4249,7572
4250,1788
4251,1392
4251,1772
4251,4208
4251,6199
4251,6347
4252,147
4252,425
4252,481
4252,561
4252,619
4252,690
4252,746
4252,943
4252,1223
4252,1646
4252,2383
4252,2398
4252,2499
4252,2548
4252,2843
4252,2853
4252,3211
4252,3504
4252,3733
4252,4191
4252,4244
4252,4423
4252,4491
4252,4564
4252,4663
4252,4703
4252,4708
4252,4761
4252,5228
4252,5230
4252,5357
4252,5476
4252,5751
4252,5896
4252,5920
4252,5928
4252,5974
4252,6106
4252,6222
4252,6311
4252,6488
4252,6609
4252,6625
4252,6725
4252,6924
4252,7015
4252,7218
4252,7383
4252,7489
4252,7531
4252,7598
4253,304
4253,353
4253,369
4253,527
4253,593
4253,657
4253,766
4253,770
4253,789
4253,836
4253,868
4253,939
4253,942
4253,1011
4253,1058
4253,1106
4253,1232
4253,1268
4253,1350
4253,1368
4253,1430
4253,1453
4253,1472
4253,1621
4253,1634
4253,1652
4253,1847
4253,1999
4253,2106
4253,2194
4253,2198
4253,2239
4253,2320
4253,2370
4253,2377
4253,2406
4253,2595
4253,2617
4253,2620
4253,2661
4253,2765
4253,2911
4253,3025
4253,3183
4253,3264
4253,3330
4253,3394
4253,3593
4253,3607
4253,3692
4253,3895
4253,4062
4253,4067
4253,4164
4253,4177
4253,4243
4253,4249
4253,4296
4253,4303
4253,4313
4253,4376
4253,4384
4253,4578
4253,4680
4253,4806
4253,4865
4253,4919
4253,5261
4253,5278
4253,5296
4253,5463
4253,5707
4253,5839
4253,6140
4253,6208
4253,6313
4253,6331
4253,6551
4253,6649
4253,6702
4253,6707
4253,6760
4253,6774
4253,6984
4253,6992
4253,7101
4253,7105
4253,7296
4253,7501
4253,7535
4253,7604
4253,7607
4254,498
4254,984
4254,4101
4254,6637
4255,223
4255,329
4255,648
4255,752
4255,1252
4255,1261
4255,1335
4255,1394
4255,1436
4255,1465
4255,2213
4255,2265
4255,2488
4255,2527
4255,2997
4255,3351
4255,3566
4255,4282
4255,4462
4255,5175
4255,5248
4255,5506
4255,5550
4255,5571
4255,5778
4255,6123
4255,6142
4255,6513
4255,6548
4255,6558
4255,6721
4255,7087
4255,7153
4255,7267
4255,7414
4256,412
4256,1531
4256,1734
4256,2324
4256,2854
4256,2861
4256,3091
4256,3529
4256,4038
4256,4312
4256,5706
4256,5882
4256,6143
4256,6465
4256,6520
4256,6997
4256,7014
4257,69
4257,260
4257,369
4257,731
4257,1058
4257,1210
4257,1268
4257,1744
4257,1775
4257,1925
4257,2194
4257,2320
4257,2571
4257,2736
4257,2981
4257,3051
4257,3183
4257,3279
4257,3377
4257,3693
4257,3756
4257,3867
4257,3996
4257,4164
4257,4376
4257,4877
4257,5139
4257,5258
4257,5404
4257,5518
4257,5707
4257,5734
4257,5740
4257,5799
4257,5816
4257,6140
4257,6492
4257,6562
4257,7008
4257,7289
4257,7369
4257,7582
4258,135
4258,1015
4258,1565
4258,1588
4258,1822
4258,1953
4258,2035
4258,3094
4258,3497
4258,3603
4258,3852
4258,4275
4258,4720
4258,4850
4258,4997
4258,5276
4258,5548
4258,5558
4258,5789
4258,5854
4258,5960
4258,6044
4258,6573
4258,6755
4258,6819
4258,6823
4258,6875
4258,7450
4258,7497
4258,7562
4258,7575
4258,7620
4259,1
4259,40
4259,143
4259,161
4259,483
4259,490
4259,881
4259,1066
4259,1185
4259,1486
4259,2113
4259,2298
4259,2586
4259,2626
4259,2801
4259,2964
4259,3013
4259,3077
4259,3382
4259,3503
4259,3990
4259,4029
4259,4173
4259,4294
4259,4735
4259,4940
4259,4987
4259,5081
4259,5504
4259,5511
4259,5993
4259,6369
4259,6417
4259,6452
4259,6588
4259,7032
4259,7128
4259,7330
4259,7359
4260,199
4260,1049
4260,1450
4260,3107
4260,3615
4260,3953
4260,4209
4260,4235
4260,4646
4260,4661
4260,4689
4260,4786
4260,4804
4260,5043
4260,5074
4260,5310
4260,5684
4260,5821
4260,6307
4260,6418
4260,6647
4260,6691
4260,7081
4260,7160
4260,7586
4260,7620
4261,2198
4261,2679
4261,4384
4261,7553
4262,1113
4262,1798
4262,2013
4262,2215
4262,2620
4262,3003
4262,3406
4262,3408
4262,3559
4262,4384
4262,4952
4262,5095
4262,6016
4262,6551
4262,6933
4262,7385
4262,7455
4262,7464
4262,7465
4263,809
4263,2175
4263,2198
4263,2558
4263,2798
4263,4805
4263,5234
4263,5312
4264,850
4264,879
4264,928
4264,1346
4264,1709
4264,1759
4264,1827
4264,1849
4264,1969
4264,2090
4264,2099
4264,2250
4264,2260
4264,2324
4264,2622
4264,2953
4264,2975
4264,3116
4264,4038
4264,4467
4264,4666
4264,4728
4264,4739
4264,4960
4264,5448
4264,5668
4264,5849
4264,5906
4264,6010
4264,6046
4264,6091
4264,6250
4264,6363
4264,6465
4264,6552
4264,7124
4264,7188
4265,7
4265,158
4265,399
4265,401
4265,433
4265,441
4265,749
4265,888
4265,890
4265,1053
4265,1204
4265,1243
4265,1280
4265,1306
4265,1411
4265,1648
4265,1694
4265,1852
4265,2046
4265,2050
4265,2054
4265,2180
4265,2250
4265,2255
4265,2321
4265,2957
4265,3048
4265,3057
4265,3164
4265,3371
4265,3536
4265,3806
4265,3811
4265,3843
4265,4126
4265,4133
4265,4224
4265,4855
4265,5161
4265,5395
4265,5427
4265,5600
4265,5915
4265,6099
4265,6127
4265,6151
4265,6213
4265,6357
4265,6380
4265,6525
4265,6650
4265,6687
4265,6763
4265,6852
4265,6871
4265,6894
4265,7248
4265,7305
4265,7378
4266,2080
4266,2269
4266,5874
4267,258
4267,449
4267,568
4267,1105
4267,1561
4267,2239
4267,2979
4267,3063
4267,3070
4267,3364
4267,3594
4267,3710
4267,3844
4267,3912
4267,4706
4267,5039
4267,5199
4267,5372
4267,5404
4267,5510
4267,6228
4267,6582
4267,6890
4268,224
4268,1655
4268,2049
4268,2431
4268,3566
4268,4378
4268,5550
4268,6592
4269,766
4269,904
4269,1430
4269,1453
4269,1884
4269,3177
4269,3311
4269,3607
4269,3948
4269,4216
4269,4376
4269,4384
4269,4830
4269,4952
4269,5194
4269,5231
4269,5404
4269,5816
4269,6954
4269,6961
4269,7252
4269,7572
4270,73
4270,551
4270,1058
4270,1757
4270,1910
4270,3124
4270,4309
4270,5375
4271,3043
4271,6550
4272,101
4272,630
4272,1503
4272,1946
4272,2077
4272,2319
4272,2436
4272,2607
4272,2963
4272,3154
4272,3219
4272,3227
4272,3229
4272,3495
4272,3934
4272,4646
4272,4689
4272,5690
4272,6433
4272,7081
4272,7367
4273,196
4273,288
4273,313
4273,672
4273,833
4273,1413
4273,1859
4273,2247
4273,2653
4273,2760
4273,2807
4273,2817
4273,3049
4273,3384
4273,3545
4273,3817
4273,3962
4273,4573
4273,4609
4273,4670
4273,4805
4273,5200
4273,5634
4273,6074
4273,7270
4273,7634
4274,412
4274,1243
4274,1346
4274,1709
4274,1827
4274,2250
4274,2854
4274,2861
4274,3024
4274,3371
4274,3529
4274,4038
4274,6099
4274,6479
4274,7014
4274,7035
4275,135
4275,681
4275,845
4275,1015
4275,1565
4275,1953
4275,2053
4275,2100
4275,2230
4275,2282
4275,2976
4275,3094
4275,3112
4275,3156
4275,3175
4275,3191
4275,3292
4275,3960
4275,4104
4275,4258
4275,4291
4275,4429
4275,4720
4275,5020
4275,5086
4275,5434
4275,5548
4275,5582
4275,5642
4275,5789
4275,6050
4275,6205
4275,6324
4275,6472
4275,6514
4275,6573
4275,6819
4275,7450
4275,7475
4275,7575
4275,7620
4276,3494
4276,3771
4276,4976
4276,7564
4277,9
4277,128
4277,252
4277,564
4277,796
4277,908
4277,1300
4277,1358
4277,1435
4277,1550
4277,2044
4277,2094
4277,2263
4277,2305
4277,2378
4277,2665
4277,2707
4277,3365
4277,3484
4277,3555
4277,4430
4277,4769
4277,4882
4277,5118
4277,5192
4277,5486
4277,5625
4277,5636
4277,5933
4277,6555
4277,7094
4277,7514
4278,593
4278,1185
4278,1899
4278,2198
4278,2782
4278,3578
4278,4156
4278,5048
4278,6077
4278,6409
4278,6702
4279,355
4279,1807
4279,2168
4279,2874
4279,7449
4279,7509
4280,22
4280,273
4280,284
4280,315
4280,519
4280,554
4280,557
4280,580
4280,682
4280,758
4280,794
4280,884
4280,965
4280,995
4280,1079
4280,1131
4280,1244
4280,1488
4280,1604
4280,1656
4280,1772
4280,1818
4280,1914
4280,1920
4280,1982
4280,2133
4280,2240
4280,2311
4280,2382
4280,2426
4280,2443
4280,2654
4280,2756
4280,2757
4280,2813
4280,3064
4280,3150
4280,3376
4280,3391
4280,3417
4280,3460
4280,3516
4280,3563
4280,3619
4280,3741
4280,3880
4280,3892
4280,3903
4280,3924
4280,3941
4280,4008
4280,4077
4280,4112
4280,4125
4280,4143
4280,4171
4280,4208
4280,4226
4280,4426
4280,4492
4280,4567
4280,4673
4280,4726
4280,4802
4280,4899
4280,4984
4280,5266
4280,5291
4280,5587
4280,5627
4280,5686
4280,5754
4280,5757
4280,5774
4280,5793
4280,5876
4280,5914
4280,5968
4280,6052
4280,6125
4280,6163
4280,6199
4280,6250
4280,6601
4280,6623
4280,6645
4280,6653
4280,6657
4280,6753
4280,7236
4280,7314
4280,7451
4280,7504
4280,7541
4280,7565
4280,7615
4281,328
4281,463
4281,516
4281,1505
4281,1732
4281,1759
4281,1849
4281,1867
4281,1969
4281,2090
4281,2114
4281,2260
4281,2281
4281,2324
4281,2327
4281,2357
4281,2387
4281,2622
4281,2768
4281,3090
4281,3663
4281,3840
4281,3874
4281,4566
4281,4614
4281,4666
4281,4728
4281,5164
4281,5448
4281,5497
4281,5588
4281,5849
4281,6046
4281,6534
4281,6679
4281,7255
4282,100
4282,223
4282,329
4282,382
4282,648
4282,747
4282,1252
4282,1275
4282,1335
4282,1394
4282,1731
4282,1750
4282,1853
4282,2081
4282,2213
4282,2218
4282,2221
4282,2277
4282,2392
4282,2430
4282,2488
4282,2527
4282,2546
4282,2574
4282,2579
4282,2897
4282,3240
4282,3351
4282,3407
4282,3566
4282,3731
4282,4255
4282,4356
4282,4362
4282,4368
4282,4404
4282,4571
4282,4767
4282,4889
4282,4904
4282,5379
4282,5550
4282,5571
4282,5661
4282,5839
4282,6123
4282,6142
4282,6558
4282,6590
4282,6615
4282,6713
4282,6740
4282,7006
4282,7107
4282,7195
4282,7267
4282,7479
4282,7569
4283,650
4283,918
4283,1109
4283,1338
4283,1687
4283,2872
4283,3645
4283,4878
4283,5713
4283,6501
4283,7064
4283,7112
4284,993
4284,2157
4285,226
4285,590
4285,593
4285,1444
4285,2750
4285,3532
4285,3607
4285,3698
4285,4952
4285,6578
4286,85
4286,260
4286,369
4286,593
4286,789
4286,904
4286,1067
4286,1106
4286,1293
4286,1421
4286,1453
4286,1478
4286,1798
4286,1840
4286,2106
4286,2194
4286,2320
4286,2370
4286,2377
4286,2911
4286,2974
4286,3025
4286,3183
4286,3311
4286,3330
4286,3532
4286,3538
4286,3895
4286,3926
4286,3954
4286,3970
4286,4080
4286,4184
4286,4233
4286,4384
4286,4865
4286,4952
4286,5222
4286,5296
4286,5623
4286,5756
4286,5799
4286,5976
4286,6510
4286,6551
4286,6618
4286,6760
4286,7071
4286,7101
4286,7269
4286,7296
4286,7330
4286,7464
4286,7465
4286,7535
4286,7568
4287,708
4287,1593
4287,1903
4287,3210
4287,4149
4287,4813
4287,5256
4287,6094
4287,6453
4287,7133
4287,7631
4288,355
4288,2168
4288,2413
4288,2874
4288,4005
4288,6144
4288,7449
4289,411
4289,766
4289,2239
4289,2572
4289,3277
4289,4154
4289,7290
4290,69
4290,260
4290,304
4290,566
4290,1058
4290,1268
4290,1293
4290,1370
4290,1415
4290,1798
4290,1959
4290,1999
4290,2198
4290,2377
4290,3152
4290,3185
4290,3748
4290,3861
4290,4071
4290,4080
4290,4164
4290,4376
4290,4384
4290,4392
4290,4578
4290,4806
4290,4952
4290,5194
4290,5222
4290,5296
4290,5404
4290,5707
4290,5816
4290,5881
4290,6098
4290,6551
4290,6702
4290,7071
4290,7280
4290,7572
4290,7607
4291,681
4291,1443
4291,1565
4291,2053
4291,2100
4291,2976
4291,3156
4291,3175
4291,3292
4291,4130
4291,4275
4291,4429
4291,4736
4291,4837
4291,5020
4291,5086
4291,5462
4291,5582
4291,5720
4291,6169
4291,6205
4291,6324
4291,6979
4291,7475
4291,7575
4291,7620
4292,520
4292,617
4292,709
4292,778
4292,783
4292,884
4292,977
4292,1791
4292,2064
4292,3030
4292,3127
4292,3366
4292,3494
4292,3759
4292,3845
4292,4181
4292,4208
4292,4814
4292,4925
4292,5618
4292,5793
4292,5877
4292,5884
4292,6130
4292,6355
4292,6671
4292,6712
4292,6806
4293,303
4294,28
4294,51
4294,211
4294,217
4294,262
4294,456
4294,471
4294,490
4294,536
4294,803
4294,834
4294,964
4294,1139
4294,1245
4294,1280
4294,1361
4294,1379
4294,1627
4294,1725
4294,1777
4294,1872
4294,1896
4294,1911
4294,2062
4294,2070
4294,2084
4294,2145
4294,2211
4294,2586
4294,2901
4294,3013
4294,3194
4294,3224
4294,3577
4294,3643
4294,4031
4294,4098
4294,4259
4294,4390
4294,4569
4294,4745
4294,5001
4294,5056
4294,5188
4294,5321
4294,5368
4294,5433
4294,5461
4294,5674
4294,5864
4294,5953
4294,5997
4294,6079
4294,6105
4294,6119
4294,6210
4294,6211
4294,6282
4294,6354
4294,6369
4294,6572
4294,6733
4294,6761
4294,6878
4294,6909
4294,6947
4294,7298
4294,7359
4294,7503
4294,7589
4295,28
4295,296
4295,443
4295,456
4295,487
4295,573
4295,575
4295,652
4295,750
4295,930
4295,970
4295,1045
4295,1060
4295,1078
4295,1125
4295,1174
4295,1253
4295,1280
4295,1355
4295,1429
4295,1510
4295,1525
4295,1596
4295,1741
4295,1899
4295,1905
4295,2095
4295,2198
4295,2239
4295,2519
4295,2565
4295,2796
4295,3109
4295,3256
4295,3299
4295,3512
4295,3685
4295,3724
4295,3744
4295,3763
4295,3928
4295,3969
4295,4201
4295,4311
4295,4367
4295,4407
4295,4473
4295,4959
4295,5109
4295,5136
4295,5154
4295,5191
4295,5654
4295,5694
4295,5980
4295,6134
4295,6137
4295,6572
4295,6593
4295,6629
4295,6722
4295,6726
4295,6807
4295,7392
4295,7453
4295,7503
4296,446
4296,865
4296,2017
4296,2198
4296,4253
4296,4680
4296,6409
4296,7266
4297,94
4297,920
4297,1417
4297,1585
4297,2447
4297,2835
4297,3224
4297,3585
4297,6282
4298,378
4298,401
4298,459
4298,647
4298,842
4298,1332
4298,1781
4298,1827
4298,1865
4298,2022
4298,2139
4298,2369
4298,2503
4298,2737
4298,3652
4298,3940
4298,4052
4298,4425
4298,4911
4298,4981
4298,5102
4298,5426
4298,5431
4298,5681
4298,5871
4298,6132
4298,6218
4298,6858
4298,6865
4298,7515
4298,7642
4298,7645
4299,368
4299,608
4299,798
4299,1059
4299,1207
4299,1307
4299,1341
4299,1352
4299,1405
4299,1968
4299,2069
4299,2167
4299,2289
4299,2466
4299,2942
4299,3126
4299,3200
4299,3694
4299,3971
4299,4079
4299,4339
4299,4794
4299,5450
4299,5477
4299,5683
4299,5905
4299,6080
4299,6285
4299,6543
4299,7138
4299,7185
4299,7199
4299,7315
4300,442
4300,516
4300,517
4300,541
4300,649
4300,786
4300,1038
4300,1221
4300,1504
4300,1630
4300,1685
4300,1751
4300,1863
4300,2019
4300,2037
4300,2098
4300,2250
4300,2312
4300,2357
4300,2387
4300,2389
4300,2681
4300,2806
4300,3065
4300,3090
4300,3217
4300,3324
4300,3392
4300,3558
4300,3575
4300,3820
4300,3874
4300,4034
4300,4142
4300,4554
4300,4619
4300,4666
4300,4741
4300,4751
4300,4758
4300,5306
4300,5555
4300,5588
4300,5653
4300,5825
4300,5828
4300,6091
4300,6104
4300,6257
4300,6383
4300,6519
4300,6520
4300,6534
4300,6603
4300,6648
4300,6666
4300,6913
4300,7043
4300,7075
4300,7118
4300,7124
4300,7144
4300,7255
4300,7366
4300,7470
4300,7566
4300,7630
4300,7648
4301,40
4301,107
4301,211
4301,217
4301,248
4301,266
4301,305
4301,456
4301,526
4301,834
4301,911
4301,964
4301,1058
4301,1139
4301,1185
4301,1212
4301,1315
4301,1361
4301,1572
4301,1603
4301,1722
4301,1764
4301,1911
4301,2062
4301,2084
4301,2143
4301,2198
4301,2205
4301,2211
4301,2701
4301,3224
4301,3320
4301,3351
4301,3382
4301,3515
4301,3559
4301,4031
4301,4067
4301,4376
4301,4569
4301,4940
4301,5132
4301,5188
4301,5216
4301,5289
4301,5321
4301,5368
4301,5396
4301,5455
4301,5530
4301,5997
4301,6079
4301,6096
4301,6119
4301,6301
4301,6451
4301,6547
4301,6563
4301,6761
4301,6947
4301,6952
4301,7128
4301,7298
4301,7409
4301,7556
4302,39
4302,40
4302,92
4302,161
4302,218
4302,456
4302,601
4302,606
4302,860
4302,1064
4302,1185
4302,1310
4302,1938
4302,2248
4302,2738
4302,2901
4302,3359
4302,3394
4302,3501
4302,3698
4302,3832
4302,4039
4302,4062
4302,4330
4302,4422
4302,4637
4302,4735
4302,4904
4302,4940
4302,4986
4302,5346
4302,5511
4302,6281
4302,6451
4302,6588
4302,6951
4302,7330
4303,85
4303,240
4303,260
4303,369
4303,795
4303,1058
4303,1113
4303,1330
4303,1453
4303,1478
4303,1668
4303,1798
4303,1860
4303,1959
4303,2106
4303,2128
4303,2215
4303,2370
4303,2377
4303,2765
4303,2852
4303,2911
4303,3183
4303,3311
4303,3408
4303,3538
4303,3646
4303,3804
4303,3895
4303,4080
4303,4253
4303,4376
4303,4384
4303,4787
4303,4806
4303,4952
4303,5099
4303,5139
4303,5296
4303,5799
4303,5816
4303,6242
4303,6492
4303,6551
4303,6702
4303,6707
4303,6760
4303,6802
4303,7085
4303,7296
4303,7320
4303,7385
4303,7464
4303,7465
4303,7487
4303,7568
4303,7580
4303,7599
4304,41
4304,967
4304,986
4304,1042
4304,1058
4304,1414
4304,1575
4304,1809
4304,1875
4304,2170
4304,2215
4304,2772
4304,3078
4304,3268
4304,3384
4304,3587
4304,3962
4304,4067
4304,4206
4304,4376
4304,4670
4304,4805
4304,4900
4304,5251
4304,5556
4304,6408
4304,6696
4304,6952
4304,7147
4304,7481
4304,7519
4305,668
4305,704
4305,791
4305,1012
4305,1148
4305,1295
4305,1535
4305,1952
4305,1955
4305,2165
4305,2500
4305,2789
4305,2799
4305,2872
4305,3159
4305,3645
4305,3669
4305,3949
4305,4106
4305,4452
4305,4527
4305,4909
4305,5134
4305,5391
4305,5617
4305,5887
4305,5894
4305,6008
4305,6117
4305,6181
4305,6223
4305,6349
4305,6352
4305,6554
4305,6642
4305,6757
4305,7112
4305,7160
4305,7237
4305,7245
4305,7287
4305,7538
4306,258
4306,1744
4306,2198
4306,2239
4306,3364
4306,5199
4306,5372
4306,6887
4307,89
4307,276
4307,947
4307,1284
4307,1444
4307,1561
4307,1961
4307,2198
4307,2239
4307,2484
4307,3152
4307,3277
4307,4384
4307,4479
4307,4522
4307,5234
4307,6702
4307,7395
4308,2068
4308,2162
4308,3329
4308,3911
4308,3913
4308,4118
4308,4482
4308,4507
4308,4555
4308,4621
4308,4725
4308,5604
4308,5763
4308,6214
4308,6274
4308,6946
4308,7579
4308,7591
4309,73
4309,551
4309,919
4309,1707
4309,3643
4309,4270
4309,4330
4309,5467
4309,5650
4309,6411
4309,7445
4310,481
4310,561
4310,837
4310,943
4310,1223
4310,1646
4310,2499
4310,2853
4310,2873
4310,4244
4310,4411
4310,4663
4310,5345
4310,5357
4310,5974
4310,6488
4310,6609
4310,6625
4310,7383
4310,7489
4310,7531
4310,7598
4311,6
4311,652
4311,2519
4311,2700
4311,3802
4311,4295
4312,412
4312,517
4312,787
4312,828
4312,882
4312,1122
4312,1759
4312,2098
4312,2134
4312,2324
4312,2474
4312,2622
4312,2635
4312,2754
4312,2822
4312,2861
4312,3529
4312,4038
4312,4256
4312,4467
4312,5706
4312,6143
4312,6391
4312,6520
4312,6552
4312,6842
4312,6997
4312,7555
4313,85
4313,369
4313,789
4313,942
4313,1058
4313,1113
4313,1210
4313,1453
4313,1478
4313,1521
4313,2194
4313,2215
4313,2370
4313,2377
4313,2410
4313,2441
4313,2911
4313,3183
4313,3311
4313,3538
4313,3559
4313,4067
4313,4153
4313,4177
4313,4253
4313,4376
4313,4384
4313,4694
4313,4952
4313,5132
4313,5222
4313,5350
4313,5641
4313,5704
4313,5707
4313,5730
4313,6412
4313,6551
4313,6760
4313,6794
4313,6920
4313,6952
4313,6984
4313,7147
4313,7296
4313,7369
4313,7607
4314,769
4314,1359
4314,1657
4314,3329
4314,3557
4314,4027
4314,4555
4314,5604
4314,5971
4314,6454
4314,7579
4315,92
4315,259
4315,1239
4315,1377
4315,2239
4315,3532
4315,3866
4315,7067
4315,7330
4317,73
4317,305
4317,551
4317,611
4317,1472
4317,1586
4317,1831
4317,2215
4317,3698
4317,4384
4317,4406
4317,4952
4317,5296
4318,1774
4318,1961
4318,3139
4318,3369
4318,3499
4318,3802
4318,5173
4318,5483
4318,5866
4319,104
4319,238
4319,342
4319,396
4319,799
4319,915
4319,929
4319,1025
4319,1033
4319,1208
4319,1265
4319,1384
4319,1772
4319,1971
4319,2133
4319,2278
4319,2692
4319,2858
4319,3338
4319,3402
4319,4059
4319,4119
4319,4204
4319,4481
4319,5021
4319,5149
4319,5196
4319,6111
4319,6158
4319,6199
4319,6697
4319,6932
4319,6963
4319,7466
4319,7625
4320,246
4320,331
4320,462
4320,544
4320,585
4320,707
4320,769
4320,777
4320,846
4320,852
4320,980
4320,1198
4320,1297
4320,1522
4320,1596
4320,1655
4320,1669
4320,1745
4320,1764
4320,1934
4320,2000
4320,2314
4320,2612
4320,3177
4320,3232
4320,3313
4320,3336
4320,3339
4320,3521
4320,3531
4320,3557
4320,3631
4320,3650
4320,3832
4320,3911
4320,3952
4320,4178
4320,4362
4320,4482
4320,4549
4320,4725
4320,4757
4320,5301
4320,5604
4320,5630
4320,5743
4320,5961
4320,5992
4320,6179
4320,6193
4320,6198
4320,6263
4320,6328
4320,6370
4320,6619
4320,6769
4320,6867
4320,6868
4320,6954
4320,6967
4320,7153
4320,7191
4320,7195
4320,7375
4320,7412
4321,798
4321,1988
4321,2100
4321,4242
4321,4843
4321,4866
4321,4903
4321,5592
4321,6205
4321,7516
4322,249
4322,297
4322,355
4322,376
4322,422
4322,932
4322,1149
4322,1151
4322,1740
4322,2168
4322,2217
4322,2413
4322,2874
4322,3135
4322,3147
4322,3486
4322,3511
4322,3879
4322,4005
4322,4611
4322,4744
4322,5046
4322,5104
4322,5803
4322,5951
4322,6524
4322,6988
4322,7108
4322,7273
4322,7408
4322,7449
4322,7460
4322,7509
4323,1068
4323,3107
4323,3586
4323,3989
4323,4051
4323,4068
4323,5671
4323,5802
4323,7281
4324,461
4324,766
4324,924
4324,1134
4324,1339
4324,2198
4324,2425
4324,3203
4324,3578
4324,3866
4324,3922
4324,4743
4324,4890
4324,5455
4324,6098
4324,6211
4325,1035
4325,1331
4325,1450
4325,2153
4325,2500
4325,2876
4325,3833
4325,3980
4325,4051
4325,4449
4325,4926
4325,4961
4325,4963
4325,5047
4325,5057
4325,5106
4325,5310
4325,5563
4325,5677
4325,5802
4325,5913
4325,6109
4325,6120
4325,6205
4325,6300
4325,6780
4325,7041
4325,7117
4325,7205
4326,475
4326,593
4326,904
4326,916
4326,1058
4326,1067
4326,1472
4326,1798
4326,1833
4326,2106
4326,2198
4326,2370
4326,2571
4326,2671
4326,2711
4326,2725
4326,2888
4326,3493
4326,3958
4326,4680
4326,4806
4326,4847
4326,4864
4326,5707
4326,5756
4326,5859
4326,6265
4326,6551
4326,6906
4326,7465
4326,7535
4326,7537
4327,354
4327,564
4327,796
4327,822
4327,908
4327,1147
4327,1300
4327,1358
4327,1550
4327,2027
4327,2665
4327,3067
4327,3418
4327,3706
4327,4119
4327,5192
4327,5486
4327,5636
4327,6555
4327,7094
4327,7393
4328,150
4328,545
4328,650
4328,872
4328,1075
4328,1500
4328,2136
4328,2315
4328,2606
4328,3186
4328,3534
4328,3622
4328,3746
4328,3993
4328,4533
4328,5314
4328,5466
4328,5723
4328,6005
4328,6606
4328,6991
4329,2104
4329,2253
4329,2440
4329,3019
4329,5112
4330,73
4330,606
4330,1064
4330,1212
4330,1938
4330,2901
4330,3643
4330,3891
4330,4173
4330,4302
4330,4309
4330,5467
4330,5936
4330,5993
4330,6779
4331,354
4331,452
4331,1201
4331,1576
4331,1730
4331,2278
4331,3402
4331,4119
4331,5388
4331,5479
4331,6136
4331,6158
4331,6926
4332,2976
4332,3156
4332,3175
4332,3437
4332,3735
4332,4020
4332,4235
4332,5020
4332,5260
4332,5684
4332,6169
4332,6324
4332,6514
4332,6768
4332,6814
4332,7081
4332,7532
4332,7586
4332,7620
4333,23
4333,33
4333,183
4333,1226
4333,1798
4333,2013
4333,2313
4333,3184
4333,4164
4333,5015
4333,5756
4333,6673
4333,6702
4333,7067
4333,7464
4334,158
4334,491
4334,2054
4334,2504
4334,3481
4334,4133
4334,5395
4334,6127
4334,6479
4334,7378
4335,54
4335,932
4335,2528
4335,3412
4335,3879
4336,545
4336,1009
4336,1057
4336,1381
4336,1933
4336,2034
4336,2051
4336,2074
4336,2762
4336,3344
4336,3524
4336,3622
4336,4346
4336,5238
4336,5583
4336,5725
4336,6084
4336,6147
4336,6674
4337,0
4337,1561
4337,1744
4337,1899
4337,2166
4337,2239
4337,2406
4337,2484
4337,3070
4337,3152
4337,3710
4337,5007
4337,5039
4337,5070
4337,5167
4337,5398
4337,5406
4337,5412
4337,5585
4337,5632
4337,5764
4337,6345
4337,6582
4337,6778
4337,6887
4337,7395
4338,47
4338,334
4338,952
4338,960
4338,1413
4338,2233
4338,2425
4338,2653
4338,2714
4338,2760
4338,3195
4338,3342
4338,3545
4338,3745
4338,4419
4338,4685
4338,5664
4338,6546
4338,6839
4338,7456
4339,437
4339,1207
4339,1352
4339,1405
4339,1606
4339,1793
4339,2085
4339,2289
4339,2466
4339,2942
4339,3033
4339,3200
4339,3519
4339,4299
4339,4370
4339,5342
4339,5477
4339,5481
4339,5579
4339,5621
4339,5956
4339,6150
4339,6456
4339,6529
4339,6543
4339,6875
4339,6903
4339,7002
4339,7138
4339,7185
4339,7199
4339,7425
4339,7429
4340,1177
4340,1567
4340,2792
4340,4620
4340,5827
4340,6094
4340,6207
4340,6681
4340,7343
4340,7631
4341,31
4341,1051
4341,1164
4341,2051
4341,2184
4341,2876
4341,3248
4341,6072
4341,6463
4341,7026
4342,38
4342,216
4342,569
4342,749
4342,1309
4342,1360
4342,1609
4342,1706
4342,1743
4342,1759
4342,2090
4342,2189
4342,2250
4342,2326
4342,2552
4342,3032
4342,3597
4342,4960
4342,5272
4342,5602
4342,5662
4342,5848
4342,6250
4342,6275
4342,6357
4343,62
4343,185
4343,495
4343,532
4343,625
4343,771
4343,1069
4343,1091
4343,1094
4343,1339
4343,1418
4343,1682
4343,1802
4343,2021
4343,2143
4343,2577
4343,2676
4343,2977
4343,3330
4343,3607
4343,3887
4343,3959
4343,4037
4343,4672
4343,4764
4343,4890
4343,5865
4343,5893
4343,5987
4343,5998
4343,6017
4343,6211
4343,7067
4343,7171
4343,7269
4343,7422
4343,7443
4343,7478
4343,7480
4343,7603
4343,7623
4344,274
4344,413
4344,495
4344,558
4344,835
4344,1153
4344,1744
4344,1979
4344,2198
4344,2239
4344,2295
4344,2385
4344,2686
4344,2927
4344,3152
4344,3578
4344,4102
4344,4489
4344,5080
4344,5123
4344,5354
4344,5484
4344,5664
4344,6101
4344,6211
4344,7247
4344,7467
4345,134
4345,419
4345,522
4345,1002
4345,1004
4345,1024
4345,1236
4345,2095
4345,2117
4345,2294
4345,2309
4345,2556
4345,2819
4345,2871
4345,2887
4345,3053
4345,3123
4345,3257
4345,4013
4345,4082
4345,4217
4345,4650
4345,4791
4345,4812
4345,4828
4345,4848
4345,5061
4345,5327
4345,5568
4345,5595
4345,5932
4345,6175
4345,6289
4345,6343
4345,6353
4345,6759
4345,6983
4345,7276
4345,7398
4345,7534
4346,93
4346,195
4346,480
4346,872
4346,1075
4346,1107
4346,1161
4346,1773
4346,1964
4346,2034
4346,2136
4346,2316
4346,2606
4346,2875
4346,3145
4346,3186
4346,3354
4346,3396
4346,3534
4346,3622
4346,3993
4346,4025
4346,4051
4346,4336
4346,4533
4346,4698
4346,4926
4346,5026
4346,5358
4346,5466
4346,5644
4346,5913
4346,6051
4346,6201
4346,6504
4346,6817
4346,6998
4347,42
4347,258
4347,400
4347,593
4347,774
4347,849
4347,924
4347,1178
4347,1476
4347,1744
4347,1899
4347,2206
4347,2380
4347,2381
4347,2615
4347,3138
4347,3623
4347,3704
4347,4161
4347,4217
4347,4241
4347,4243
4347,4408
4347,4870
4347,4946
4347,5042
4347,5048
4347,5372
4347,5415
4347,5543
4347,5734
4347,5853
4347,6152
4347,6702
4347,6887
4347,7003
4347,7021
4347,7105
4347,7181
4347,7536
4348,1280
4348,1429
4348,2250
4348,3371
4349,535
4349,771
4349,1013
4349,3330
4349,3421
4349,3578
4349,3871
4349,3895
4349,3959
4349,5957
4349,6098
4349,6581
4349,7067
4349,7603
4350,169
4350,260
4350,267
4350,294
4350,369
4350,431
4350,482
4350,593
4350,1350
4350,1478
4350,1545
4350,1684
4350,1798
4350,1907
4350,2396
4350,2432
4350,2540
4350,3051
4350,3138
4350,3185
4350,3188
4350,3377
4350,3582
4350,3897
4350,4023
4350,4074
4350,4157
4350,4578
4350,5139
4350,5707
4350,5740
4350,5799
4350,5816
4350,5979
4350,6082
4350,6188
4350,6414
4350,6562
4350,6706
4350,7170
4350,7280
4350,7353
4350,7464
4351,4
4351,19
4351,204
4351,279
4351,315
4351,554
4351,581
4351,1079
4351,1146
4351,1324
4351,1587
4351,1772
4351,2133
4351,2264
4351,2813
4351,3151
4351,3741
4351,3845
4351,3892
4351,3903
4351,3924
4351,4008
4351,4143
4351,4181
4351,4208
4351,4357
4351,4414
4351,4557
4351,4673
4351,4726
4351,5094
4351,5131
4351,5587
4351,5757
4351,5914
4351,6006
4351,6587
4351,6623
4351,6653
4351,6712
4351,7504
4351,7565
4352,27
4352,258
4352,562
4352,659
4352,774
4352,924
4352,1744
4352,1899
4352,2030
4352,2198
4352,2239
4352,2307
4352,2380
4352,2614
4352,3221
4352,3306
4352,3373
4352,3623
4352,3947
4352,4203
4352,4243
4352,4662
4352,4682
4352,4870
4352,5199
4352,5214
4352,5372
4352,5404
4352,5543
4352,5707
4352,5797
4352,5979
4352,6024
4352,6077
4352,6397
4352,6492
4352,6787
4352,6850
4352,6890
4352,6968
4352,7097
4352,7294
4352,7395
4353,147
4353,444
4353,481
4353,561
4353,578
4353,618
4353,688
4353,746
4353,782
4353,1223
4353,1622
4353,1646
4353,2012
4353,2395
4353,2449
4353,2491
4353,2786
4353,3255
4353,3984
4353,4151
4353,4244
4353,4423
4353,4491
4353,4494
4353,4564
4353,4663
4353,4884
4353,5072
4353,5230
4353,5357
4353,5489
4353,5737
4353,5896
4353,5974
4353,6222
4353,6311
4353,6488
4353,6609
4353,6625
4353,7110
4353,7218
4353,7383
4353,7463
4353,7598
4354,4112
4354,4673
4354,6653
4354,7541
4355,23
4355,85
4355,89
4355,260
4355,369
4355,593
4355,1058
4355,1453
4355,1513
4355,1634
4355,1663
4355,1782
4355,1798
4355,1840
4355,1999
4355,2106
4355,2129
4355,2198
4355,2239
4355,2370
4355,2571
4355,2888
4355,3538
4355,3693
4355,3698
4355,3895
4355,3970
4355,4164
4355,4376
4355,4384
4355,4422
4355,4578
4355,4806
4355,4952
4355,5037
4355,5372
4355,5404
4355,5415
4355,5707
4355,5881
4355,6449
4355,6487
4355,6551
4355,6678
4355,6702
4355,6707
4355,6971
4355,7071
4355,7280
4355,7395
4355,7572
4355,7607
4356,92
4356,839
4356,1064
4356,1078
4356,1189
4356,1296
4356,1299
4356,1432
4356,1495
4356,2205
4356,2901
4356,2954
4356,3124
4356,3351
4356,3427
4356,3488
4356,3688
4356,3698
4356,3831
4356,3832
4356,4080
4356,4282
4356,4420
4356,4422
4356,4724
4356,5091
4356,5504
4356,5685
4356,6063
4356,6123
4356,6269
4356,6624
4356,6740
4356,6759
4356,7134
4356,7195
4356,7239
4356,7365
4357,19
4357,563
4357,581
4357,1587
4357,2264
4357,2813
4357,3236
4357,3741
4357,3845
4357,3924
4357,4008
4357,4351
4357,4726
4357,5094
4357,6587
4357,6623
4357,6712
4357,7565
4358,73
4358,91
4358,495
4358,593
4358,766
4358,930
4358,1013
4358,1058
4358,1284
4358,1337
4358,1339
4358,1418
4358,1494
4358,1739
4358,1926
4358,1979
4358,2143
4358,2198
4358,2205
4358,2239
4358,2349
4358,2425
4358,2427
4358,2522
4358,3098
4358,3246
4358,3492
4358,3578
4358,3607
4358,3695
4358,4376
4358,4986
4358,5144
4358,5455
4358,5505
4358,6118
4358,6211
4358,6522
4358,6565
4358,7029
4358,7240
4358,7300
4358,7607
4359,354
4359,452
4359,1472
4359,1999
4359,4119
4359,6638
4360,268
4360,7227
4360,7488
4361,139
4361,764
4361,994
4361,1419
4361,1450
4361,1465
4361,1963
4361,2379
4361,2695
4361,2709
4361,3086
4361,3175
4361,3267
4361,3735
4361,4172
4361,4235
4361,4646
4361,4810
4361,4856
4361,4906
4361,4994
4361,5020
4361,6205
4361,6433
4361,6549
4361,6621
4361,7620
4361,7641
4362,246
4362,331
4362,462
4362,585
4362,707
4362,846
4362,852
4362,980
4362,994
4362,1032
4362,1036
4362,1118
4362,1181
4362,1252
4362,1285
4362,1291
4362,1297
4362,1359
4362,1669
4362,1688
4362,1764
4362,2000
4362,2218
4362,2221
4362,2527
4362,2612
4362,2739
4362,2741
4362,2809
4362,2954
4362,2959
4362,3026
4362,3131
4362,3177
4362,3313
4362,3368
4362,3531
4362,3557
4362,3631
4362,3650
4362,3770
4362,3911
4362,4178
4362,4282
4362,4320
4362,4549
4362,4555
4362,4725
4362,4757
4362,4767
4362,4908
4362,5014
4362,5063
4362,5301
4362,5535
4362,5571
4362,5604
4362,5630
4362,5743
4362,5907
4362,5986
4362,5992
4362,6005
4362,6179
4362,6198
4362,6293
4362,6314
4362,6328
4362,6358
4362,6460
4362,6491
4362,6493
4362,6544
4362,6619
4362,6630
4362,6845
4362,6851
4362,6868
4362,6967
4362,7039
4362,7045
4362,7153
4362,7191
4362,7195
4362,7375
4362,7376
4362,7412
4362,7576
4362,7579
4363,464
4363,491
4363,645
4363,781
4363,1213
4363,1411
4363,1895
4363,2180
4363,2475
4363,3057
4363,3471
4363,3738
4363,3806
4363,4035
4363,4598
4363,4631
4363,4640
4363,4644
4363,4780
4363,4795
4363,5147
4363,5236
4363,5275
4363,5393
4363,5599
4363,5727
4363,5755
4363,5783
4363,6390
4363,6641
4363,6752
4363,6763
4363,6871
4363,6891
4363,7056
4364,368
4364,1208
4364,1398
4364,1848
4364,1968
4364,1986
4364,2351
4364,2459
4364,2501
4364,2580
4364,2699
4364,3200
4364,3694
4364,3790
4364,3863
4364,3921
4364,3971
4364,4134
4364,4370
4364,4929
4364,5900
4364,6781
4364,6862
4364,6934
4364,6977
4364,7002
4364,7185
4364,7199
4364,7358
4364,7439
4365,576
4365,1631
4365,1790
4365,1884
4365,2175
4365,2198
4365,3049
4365,3115
4365,3578
4365,4216
4365,4376
4365,5132
4365,5312
4365,5332
4365,6732
4365,7446
4366,260
4366,593
4366,1104
4366,1268
4366,1415
4366,2198
4366,2239
4366,2617
4366,3152
4366,3183
4366,3264
4366,3912
4366,3970
4366,4080
4366,4083
4366,4384
4366,4952
4366,5404
4366,5707
4366,6284
4366,6618
4366,6707
4366,7114
4366,7330
4366,7464
4366,7628
4367,4201
4367,4295
4367,6807
4367,7137
4367,7453
4368,250
4368,747
4368,998
4368,1853
4368,1987
4368,2897
4368,3004
4368,3240
4368,3821
4368,4084
4368,4282
4368,4571
4368,4605
4368,6123
4368,6651
4368,7479
4368,7624
4369,475
4369,2039
4369,2888
4369,3357
4369,3895
4369,4167
4369,4971
4369,5955
4369,6702
4369,6906
4370,368
4370,798
4370,1352
4370,1398
4370,2069
4370,2085
4370,2167
4370,3679
4370,3694
4370,3971
4370,4339
4370,4364
4370,4794
4370,5450
4370,5683
4370,5905
4370,6167
4370,6285
4370,6809
4370,7082
4370,7185
4370,7199
4370,7315
4370,7429
4370,7605
4371,116
4371,495
4371,967
4371,1058
4371,1145
4371,1667
4371,1790
4371,1854
4371,1979
4371,2032
4371,2066
4371,2198
4371,2239
4371,2287
4371,2558
4371,2798
4371,3115
4371,3203
4371,3295
4371,3331
4371,3433
4371,3527
4371,3578
4371,4033
4371,4216
4371,4376
4371,4592
4371,4670
4371,4714
4371,4805
4371,4831
4371,5068
4371,5132
4371,5203
4371,5234
4371,5304
4371,5332
4371,5415
4371,6197
4371,6702
4371,6945
4371,7116
4371,7164
4371,7446
4371,7467
4371,7481
4372,2748
4373,48
4373,118
4373,211
4373,217
4373,248
4373,269
4373,411
4373,446
4373,593
4373,834
4373,947
4373,964
4373,1058
4373,1098
4373,1228
4373,1245
4373,1379
4373,1725
4373,1872
4373,1911
4373,2070
4373,2084
4373,2198
4373,2211
4373,2212
4373,2239
4373,2415
4373,2447
4373,2586
4373,2801
4373,2820
4373,3049
4373,3194
4373,3224
4373,3561
4373,3578
4373,3643
4373,3849
4373,3987
4373,4031
4373,4098
4373,4376
4373,4522
4373,4569
4373,4719
4373,4731
4373,4805
4373,4822
4373,4991
4373,5001
4373,5188
4373,5199
4373,5214
4373,5263
4373,5368
4373,5372
4373,5474
4373,5664
4373,5674
4373,5685
4373,5740
4373,5864
4373,5997
4373,6210
4373,6338
4373,6403
4373,6451
4373,6572
4373,6702
4373,6761
4373,7035
4373,7293
4373,7298
4373,7357
4373,7395
4373,7589
4374,140
4374,1200
4374,1398
4374,1451
4374,1547
4374,2167
4374,2178
4374,2429
4374,3192
4374,3200
4374,3609
4374,3639
4374,3696
4374,3971
4374,4018
4374,4134
4374,4597
4374,4652
4374,4815
4374,4929
4374,4996
4374,5516
4374,6167
4374,6248
4374,6326
4374,6809
4374,6820
4374,6862
4374,7199
4374,7439
4375,412
4375,749
4375,1531
4375,1648
4375,1734
4375,1759
4375,1969
4375,1977
4375,2090
4375,2192
4375,2250
4375,2260
4375,2324
4375,2754
4375,2822
4375,2854
4375,3091
4375,3371
4375,3825
4375,4056
4375,4412
4375,4960
4375,5164
4375,5257
4375,5512
4375,5540
4375,5600
4375,5848
4375,6099
4375,6164
4375,6250
4375,7014
4375,7086
4375,7348
4375,7614
4376,3
4376,5
4376,14
4376,15
4376,18
4376,23
4376,34
4376,41
4376,42
4376,69
4376,71
4376,76
4376,85
4376,91
4376,94
4376,98
4376,99
4376,115
4376,116
4376,123
4376,127
4376,129
4376,137
4376,143
4376,152
4376,170
4376,185
4376,192
4376,196
4376,201
4376,213
4376,220
4376,235
4376,240
4376,260
4376,266
4376,272
4376,290
4376,304
4376,317
4376,320
4376,345
4376,346
4376,366
4376,369
4376,410
4376,415
4376,421
4376,431
4376,432
4376,446
4376,456
4376,460
4376,469
4376,473
4376,475
4376,479
4376,482
4376,495
4376,502
4376,526
4376,527
4376,540
4376,552
4376,555
4376,566
4376,576
4376,599
4376,607
4376,626
4376,629
4376,657
4376,706
4376,707
4376,711
4376,717
4376,726
4376,727
4376,731
4376,735
4376,760
4376,776
4376,780
4376,784
4376,789
4376,795
4376,803
4376,804
4376,809
4376,810
4376,811
4376,813
4376,821
4376,831
4376,836
4376,839
4376,841
4376,847
4376,852
4376,854
4376,863
4376,869
4376,881
4376,904
4376,911
4376,921
4376,934
4376,942
4376,945
4376,951
4376,953
4376,958
4376,973
4376,986
4376,989
4376,1011
4376,1030
4376,1042
4376,1046
4376,1047
4376,1058
4376,1063
4376,1064
4376,1089
4376,1092
4376,1093
4376,1097
4376,1102
4376,1106
4376,1113
4376,1152
4376,1170
4376,1178
4376,1185
4376,1186
4376,1195
4376,1210
4376,1211
4376,1224
4376,1226
4376,1254
4376,1266
4376,1268
4376,1284
4376,1293
4376,1317
4376,1330
4376,1333
4376,1337
4376,1339
4376,1349
4376,1357
4376,1368
4376,1370
4376,1399
4376,1409
4376,1414
4376,1415
4376,1418
4376,1421
4376,1423
4376,1431
4376,1442
4376,1453
4376,1456
4376,1472
4376,1478
4376,1481
4376,1485
4376,1486
4376,1491
4376,1494
4376,1513
4376,1517
4376,1521
4376,1524
4376,1545
4376,1551
4376,1561
4376,1566
4376,1575
4376,1582
4376,1586
4376,1614
4376,1620
4376,1621
4376,1631
4376,1634
4376,1642
4376,1645
4376,1650
4376,1651
4376,1655
4376,1663
4376,1665
4376,1667
4376,1668
4376,1684
4376,1695
4376,1697
4376,1705
4376,1708
4376,1718
4376,1723
4376,1730
4376,1744
4376,1747
4376,1769
4376,1775
4376,1784
4376,1790
4376,1797
4376,1798
4376,1809
4376,1817
4376,1826
4376,1833
4376,1840
4376,1847
4376,1854
4376,1860
4376,1862
4376,1875
4376,1876
4376,1877
4376,1880
4376,1884
4376,1894
4376,1899
4376,1907
4376,1908
4376,1912
4376,1915
4376,1918
4376,1927
4376,1941
4376,1959
4376,1965
4376,1970
4376,1979
4376,1993
4376,1996
4376,1997
4376,1999
4376,2010
4376,2013
4376,2021
4376,2033
4376,2039
4376,2048
4376,2049
4376,2058
4376,2060
4376,2066
4376,2089
4376,2093
4376,2095
4376,2104
4376,2106
4376,2113
4376,2115
4376,2120
4376,2129
4376,2145
4376,2155
4376,2170
4376,2172
4376,2173
4376,2175
4376,2183
4376,2194
4376,2198
4376,2205
4376,2208
4376,2229
4376,2239
4376,2243
4376,2258
4376,2267
4376,2279
4376,2287
4376,2294
4376,2313
4376,2314
4376,2334
4376,2336
4376,2339
4376,2340
4376,2345
4376,2358
4376,2368
4376,2370
4376,2375
4376,2376
4376,2377
4376,2380
4376,2384
4376,2393
4376,2402
4376,2406
4376,2410
4376,2427
4376,2431
4376,2432
4376,2440
4376,2441
4376,2461
4376,2471
4376,2479
4376,2485
4376,2487
4376,2494
4376,2521
4376,2522
4376,2533
4376,2553
4376,2555
4376,2558
4376,2565
4376,2571
4376,2573
4376,2575
4376,2576
4376,2586
4376,2587
4376,2595
4376,2617
4376,2618
4376,2626
4376,2627
4376,2632
4376,2637
4376,2639
4376,2645
4376,2650
4376,2657
4376,2659
4376,2660
4376,2671
4376,2675
4376,2677
4376,2711
4376,2725
4376,2736
4376,2738
4376,2744
4376,2745
4376,2755
4376,2765
4376,2766
4376,2770
4376,2772
4376,2795
4376,2796
4376,2798
4376,2801
4376,2808
4376,2816
4376,2848
4376,2852
4376,2855
4376,2857
4376,2863
4376,2881
4376,2882
4376,2886
4376,2888
4376,2905
4376,2911
4376,2913
4376,2931
4376,2938
4376,2956
4376,2958
4376,2961
4376,2972
4376,2974
4376,2977
4376,2981
4376,2991
4376,3025
4376,3039
4376,3049
4376,3050
4376,3061
4376,3070
4376,3074
4376,3077
4376,3079
4376,3093
4376,3113
4376,3114
4376,3115
4376,3125
4376,3131
4376,3138
4376,3149
4376,3152
4376,3160
4376,3162
4376,3170
4376,3177
4376,3178
4376,3179
4376,3183
4376,3185
4376,3193
4376,3196
4376,3203
4376,3226
4376,3234
4376,3237
4376,3245
4376,3259
4376,3264
4376,3268
4376,3269
4376,3270
4376,3279
4376,3284
4376,3297
4376,3311
4376,3334
4376,3347
4376,3362
4376,3363
4376,3370
4376,3373
4376,3377
4376,3384
4376,3398
4376,3403
4376,3428
4376,3445
4376,3459
4376,3462
4376,3469
4376,3492
4376,3493
4376,3502
4376,3510
4376,3514
4376,3520
4376,3521
4376,3527
4376,3538
4376,3540
4376,3542
4376,3545
4376,3593
4376,3616
4376,3623
4376,3632
4376,3650
4376,3654
4376,3659
4376,3671
4376,3672
4376,3683
4376,3692
4376,3693
4376,3695
4376,3697
4376,3704
4376,3708
4376,3710
4376,3713
4376,3718
4376,3720
4376,3748
4376,3750
4376,3753
4376,3758
4376,3784
4376,3793
4376,3808
4376,3855
4376,3867
4376,3868
4376,3882
4376,3887
4376,3890
4376,3926
4376,3930
4376,3948
4376,3958
4376,3970
4376,3982
4376,3985
4376,3990
4376,3996
4376,3999
4376,4001
4376,4003
4376,4023
4376,4024
4376,4028
4376,4057
4376,4062
4376,4071
4376,4074
4376,4080
4376,4086
4376,4090
4376,4091
4376,4095
4376,4096
4376,4102
4376,4109
4376,4113
4376,4147
4376,4155
4376,4157
4376,4161
4376,4164
4376,4176
4376,4184
4376,4206
4376,4210
4376,4213
4376,4216
4376,4220
4376,4223
4376,4233
4376,4241
4376,4253
4376,4257
4376,4269
4376,4290
4376,4301
4376,4303
4376,4304
4376,4313
4376,4355
4376,4358
4376,4365
4376,4371
4376,4373
4376,4384
4376,4392
4376,4398
4376,4402
4376,4408
4376,4422
4376,4434
4376,4442
4376,4465
4376,4466
4376,4479
4376,4502
4376,4511
4376,4513
4376,4525
4376,4528
4376,4529
4376,4535
4376,4541
4376,4543
4376,4549
4376,4553
4376,4556
4376,4570
4376,4573
4376,4578
4376,4579
4376,4580
4376,4592
4376,4595
4376,4602
4376,4608
4376,4616
4376,4642
4376,4658
4376,4670
4376,4680
4376,4685
4376,4691
4376,4694
4376,4714
4376,4737
4376,4746
4376,4757
4376,4768
4376,4771
4376,4785
4376,4787
4376,4791
4376,4803
4376,4805
4376,4806
4376,4827
4376,4831
4376,4839
4376,4845
4376,4846
4376,4847
4376,4857
4376,4863
4376,4864
4376,4865
4376,4869
4376,4870
4376,4874
4376,4877
4376,4919
4376,4934
4376,4940
4376,4948
4376,4982
4376,4983
4376,5022
4376,5037
4376,5039
4376,5048
4376,5049
4376,5054
4376,5058
4376,5068
4376,5070
4376,5082
4376,5108
4376,5111
4376,5132
4376,5139
4376,5141
4376,5143
4376,5176
4376,5194
4376,5197
4376,5201
4376,5203
4376,5208
4376,5212
4376,5213
4376,5219
4376,5220
4376,5222
4376,5223
4376,5224
4376,5231
4376,5234
4376,5243
4376,5251
4376,5258
4376,5259
4376,5273
4376,5278
4376,5286
4376,5296
4376,5301
4376,5304
4376,5312
4376,5316
4376,5328
4376,5332
4376,5344
4376,5348
4376,5350
4376,5351
4376,5365
4376,5371
4376,5381
4376,5388
4376,5398
4376,5403
4376,5404
4376,5412
4376,5415
4376,5425
4376,5459
4376,5468
4376,5470
4376,5485
4376,5490
4376,5492
4376,5504
4376,5507
4376,5511
4376,5518
4376,5531
4376,5532
4376,5543
4376,5552
4376,5556
4376,5557
4376,5559
4376,5577
4376,5593
4376,5612
4376,5623
4376,5626
4376,5640
4376,5641
4376,5649
4376,5651
4376,5667
4376,5704
4376,5707
4376,5709
4376,5710
4376,5714
4376,5722
4376,5730
4376,5732
4376,5734
4376,5740
4376,5756
4376,5772
4376,5782
4376,5785
4376,5797
4376,5799
4376,5808
4376,5816
4376,5832
4376,5833
4376,5840
4376,5855
4376,5859
4376,5865
4376,5873
4376,5881
4376,5888
4376,5898
4376,5924
4376,5936
4376,5937
4376,5941
4376,5945
4376,5948
4376,5949
4376,5952
4376,5955
4376,5961
4376,5962
4376,5975
4376,5976
4376,5979
4376,5982
4376,5987
4376,5993
4376,6016
4376,6017
4376,6021
4376,6022
4376,6024
4376,6027
4376,6040
4376,6047
4376,6067
4376,6069
4376,6075
4376,6078
4376,6082
4376,6098
4376,6108
4376,6140
4376,6170
4376,6171
4376,6183
4376,6193
4376,6202
4376,6208
4376,6211
4376,6216
4376,6228
4376,6230
4376,6242
4376,6272
4376,6284
4376,6287
4376,6309
4376,6313
4376,6315
4376,6335
4376,6354
4376,6369
4376,6381
4376,6400
4376,6403
4376,6409
4376,6414
4376,6430
4376,6449
4376,6464
4376,6474
4376,6475
4376,6484
4376,6486
4376,6492
4376,6507
4376,6510
4376,6537
4376,6540
4376,6551
4376,6553
4376,6562
4376,6576
4376,6579
4376,6584
4376,6588
4376,6597
4376,6618
4376,6636
4376,6672
4376,6684
4376,6693
4376,6696
4376,6699
4376,6707
4376,6723
4376,6724
4376,6760
4376,6769
4376,6778
4376,6787
4376,6794
4376,6805
4376,6811
4376,6825
4376,6843
4376,6847
4376,6848
4376,6852
4376,6877
4376,6880
4376,6892
4376,6895
4376,6904
4376,6906
4376,6907
4376,6909
4376,6930
4376,6933
4376,6936
4376,6945
4376,6951
4376,6952
4376,6954
4376,6961
4376,6968
4376,6971
4376,6981
4376,6984
4376,6989
4376,6990
4376,6992
4376,6994
4376,7003
4376,7008
4376,7010
4376,7017
4376,7018
4376,7021
4376,7023
4376,7032
4376,7044
4376,7046
4376,7054
4376,7071
4376,7077
4376,7079
4376,7085
4376,7091
4376,7096
4376,7102
4376,7103
4376,7105
4376,7116
4376,7125
4376,7147
4376,7151
4376,7164
4376,7166
4376,7170
4376,7180
4376,7210
4376,7216
4376,7231
4376,7252
4376,7266
4376,7277
4376,7278
4376,7280
4376,7289
4376,7294
4376,7296
4376,7310
4376,7311
4376,7320
4376,7321
4376,7330
4376,7339
4376,7340
4376,7353
4376,7369
4376,7382
4376,7385
4376,7424
4376,7446
4376,7448
4376,7452
4376,7464
4376,7465
4376,7467
4376,7471
4376,7474
4376,7481
4376,7519
4376,7520
4376,7525
4376,7535
4376,7537
4376,7539
4376,7553
4376,7560
4376,7568
4376,7572
4376,7573
4376,7578
4376,7580
4376,7582
4376,7593
4376,7597
4376,7607
4376,7612
4376,7632
4376,7638
4377,271
4377,286
4377,300
4377,623
4377,1490
4377,1755
4377,2141
4377,2464
4377,3728
4377,3945
4377,5244
4377,6364
4378,88
4378,100
4378,146
4378,395
4378,638
4378,648
4378,654
4378,752
4378,761
4378,998
4378,1143
4378,1322
4378,1362
4378,1436
4378,1597
4378,1618
4378,1853
4378,1931
4378,1987
4378,2049
4378,2198
4378,2199
4378,2261
4378,2265
4378,2374
4378,2430
4378,2431
4378,2884
4378,2897
4378,2910
4378,3005
4378,3120
4378,3202
4378,3554
4378,3566
4378,3625
4378,3778
4378,3783
4378,3800
4378,3907
4378,4084
4378,4148
4378,4189
4378,4268
4378,4400
4378,4454
4378,4551
4378,4577
4378,4605
4378,4687
4378,4817
4378,5004
4378,5145
4378,5175
4378,5226
4378,5248
4378,5778
4378,5853
4378,5862
4378,6045
4378,6048
4378,6114
4378,6258
4378,6378
4378,6592
4378,6627
4378,6651
4378,6729
4378,6748
4378,6766
4378,7266
4378,7391
4379,409
4379,615
4379,1162
4379,1533
4379,1638
4379,2168
4379,2251
4379,2602
4379,2790
4379,3474
4379,3494
4379,3601
4379,3774
4379,3885
4379,3988
4379,4088
4379,4615
4379,4984
4379,4993
4379,5107
4379,5419
4379,5934
4379,6870
4379,7080
4379,7165
4380,258
4380,319
4380,375
4380,593
4380,633
4380,818
4380,868
4380,1165
4380,1186
4380,1467
4380,1517
4380,1744
4380,1797
4380,2102
4380,2198
4380,2307
4380,2380
4380,2598
4380,2614
4380,2649
4380,2916
4380,3138
4380,3185
4380,3373
4380,3623
4380,3683
4380,3704
4380,3859
4380,3946
4380,4156
4380,4243
4380,4870
4380,4946
4380,5006
4380,5214
4380,5372
4380,5469
4380,5495
4380,5518
4380,5543
4380,5734
4380,5797
4380,5853
4380,6077
4380,6330
4380,6381
4380,6526
4380,6614
4380,6787
4380,6850
4380,6887
4380,6930
4380,6968
4380,7097
4380,7247
4380,7302
4381,260
4381,611
4381,1377
4381,1444
4381,2198
4381,2228
4381,2239
4381,2484
4381,2911
4381,3080
4381,3183
4381,3532
4381,3557
4381,3844
4381,4111
4381,4384
4381,4458
4381,4697
4381,5309
4381,5404
4381,5839
4381,6664
4381,6760
4381,7330
4381,7395
4381,7535
4382,120
4382,420
4382,520
4382,1909
4382,1923
4382,2943
4382,3258
4382,4237
4382,5515
4382,6042
4382,6130
4382,7404
4383,310
4383,1425
4383,2867
4383,3085
4383,3136
4383,3400
4383,3490
4383,3865
4383,4410
4383,4752
4383,5387
4383,5994
4383,6070
4383,6367
4383,7004
4384,14
4384,23
4384,42
4384,62
4384,69
4384,85
4384,103
4384,123
4384,152
4384,170
4384,173
4384,198
4384,201
4384,220
4384,226
4384,235
4384,240
4384,254
4384,260
4384,266
4384,272
4384,287
4384,304
4384,320
4384,321
4384,341
4384,345
4384,346
4384,353
4384,357
4384,369
4384,372
4384,408
4384,415
4384,421
4384,473
4384,475
4384,482
4384,500
4384,502
4384,505
4384,509
4384,527
4384,538
4384,540
4384,542
4384,551
4384,552
4384,553
4384,566
4384,568
4384,593
4384,607
4384,611
4384,632
4384,638
4384,657
4384,677
4384,683
4384,687
4384,693
4384,711
4384,726
4384,727
4384,754
4384,762
4384,780
4384,789
4384,795
4384,796
4384,810
4384,813
4384,814
4384,836
4384,841
4384,854
4384,869
4384,903
4384,904
4384,916
4384,930
4384,939
4384,942
4384,951
4384,955
4384,958
4384,973
4384,986
4384,989
4384,1011
4384,1040
4384,1058
4384,1064
4384,1067
4384,1076
4384,1089
4384,1090
4384,1093
4384,1097
4384,1104
4384,1105
4384,1113
4384,1133
4384,1137
4384,1152
4384,1169
4384,1170
4384,1178
4384,1210
4384,1211
4384,1218
4384,1224
4384,1249
4384,1254
4384,1268
4384,1278
4384,1284
4384,1287
4384,1293
4384,1310
4384,1330
4384,1333
4384,1349
4384,1368
4384,1370
4384,1378
4384,1402
4384,1414
4384,1415
4384,1421
4384,1427
4384,1430
4384,1431
4384,1447
4384,1453
4384,1456
4384,1478
4384,1483
4384,1485
4384,1495
4384,1521
4384,1526
4384,1540
4384,1545
4384,1546
4384,1549
4384,1551
4384,1582
4384,1610
4384,1620
4384,1621
4384,1624
4384,1634
4384,1663
4384,1665
4384,1668
4384,1684
4384,1690
4384,1705
4384,1708
4384,1723
4384,1735
4384,1775
4384,1784
4384,1798
4384,1826
4384,1831
4384,1840
4384,1842
4384,1853
4384,1854
4384,1860
4384,1862
4384,1880
4384,1907
4384,1908
4384,1918
4384,1928
4384,1935
4384,1945
4384,1958
4384,1959
4384,1965
4384,1991
4384,1999
4384,2010
4384,2017
4384,2021
4384,2033
4384,2039
4384,2040
4384,2060
4384,2086
4384,2106
4384,2113
4384,2118
4384,2120
4384,2129
4384,2159
4384,2194
4384,2198
4384,2207
4384,2215
4384,2229
4384,2276
4384,2290
4384,2299
4384,2302
4384,2313
4384,2320
4384,2332
4384,2334
4384,2339
4384,2348
4384,2370
4384,2375
4384,2377
4384,2410
4384,2414
4384,2423
4384,2434
4384,2441
4384,2455
4384,2476
4384,2479
4384,2521
4384,2537
4384,2549
4384,2564
4384,2571
4384,2573
4384,2587
4384,2600
4384,2617
4384,2620
4384,2639
4384,2645
4384,2657
4384,2659
4384,2671
4384,2673
4384,2676
4384,2679
4384,2719
4384,2729
4384,2744
4384,2745
4384,2755
4384,2763
4384,2765
4384,2770
4384,2772
4384,2808
4384,2809
4384,2852
4384,2855
4384,2881
4384,2883
4384,2888
4384,2911
4384,2913
4384,2921
4384,2938
4384,2941
4384,2945
4384,2956
4384,2958
4384,2974
4384,2979
4384,3003
4384,3015
4384,3018
4384,3025
4384,3050
4384,3066
4384,3068
4384,3069
4384,3070
4384,3077
4384,3093
4384,3171
4384,3177
4384,3183
4384,3184
4384,3185
4384,3190
4384,3196
4384,3212
4384,3225
4384,3226
4384,3237
4384,3245
4384,3264
4384,3284
4384,3297
4384,3311
4384,3312
4384,3334
4384,3341
4384,3347
4384,3348
4384,3362
4384,3363
4384,3367
4384,3370
4384,3377
4384,3384
4384,3394
4384,3398
4384,3406
4384,3408
4384,3428
4384,3459
4384,3476
4384,3493
4384,3501
4384,3502
4384,3503
4384,3538
4384,3546
4384,3559
4384,3593
4384,3602
4384,3613
4384,3616
4384,3627
4384,3659
4384,3671
4384,3672
4384,3692
4384,3693
4384,3708
4384,3715
4384,3734
4384,3748
4384,3756
4384,3758
4384,3762
4384,3768
4384,3772
4384,3781
4384,3808
4384,3844
4384,3861
4384,3867
4384,3868
4384,3882
4384,3895
4384,3898
4384,3926
4384,3930
4384,3947
4384,3948
4384,3950
4384,3954
4384,3958
4384,3970
4384,3990
4384,3996
4384,3999
4384,4017
4384,4023
4384,4037
4384,4046
4384,4049
4384,4067
4384,4080
4384,4083
4384,4090
4384,4091
4384,4095
4384,4096
4384,4097
4384,4114
4384,4141
4384,4157
4384,4164
4384,4168
4384,4174
4384,4177
4384,4184
4384,4190
4384,4210
4384,4228
4384,4233
4384,4249
4384,4253
4384,4261
4384,4262
4384,4269
4384,4286
4384,4290
4384,4303
4384,4307
4384,4313
4384,4317
4384,4355
4384,4366
4384,4376
4384,4381
4384,4398
4384,4402
4384,4420
4384,4434
4384,4466
4384,4469
4384,4474
4384,4490
4384,4511
4384,4523
4384,4525
4384,4529
4384,4535
4384,4549
4384,4553
4384,4556
4384,4570
4384,4578
4384,4595
4384,4608
4384,4616
4384,4637
4384,4642
4384,4658
4384,4680
4384,4696
4384,4737
4384,4746
4384,4785
4384,4787
4384,4801
4384,4803
4384,4806
4384,4811
4384,4827
4384,4830
4384,4865
4384,4871
4384,4879
4384,4892
4384,4919
4384,4934
4384,4952
4384,4983
4384,4987
4384,5000
4384,5008
4384,5010
4384,5012
4384,5022
4384,5058
4384,5082
4384,5091
4384,5095
4384,5120
4384,5132
4384,5145
4384,5194
4384,5212
4384,5218
4384,5222
4384,5223
4384,5224
4384,5251
4384,5258
4384,5259
4384,5261
4384,5278
4384,5286
4384,5292
4384,5296
4384,5344
4384,5350
4384,5351
4384,5352
4384,5365
4384,5369
4384,5381
4384,5415
4384,5438
4384,5446
4384,5452
4384,5455
4384,5459
4384,5464
4384,5471
4384,5490
4384,5507
4384,5508
4384,5510
4384,5513
4384,5525
4384,5532
4384,5551
4384,5557
4384,5577
4384,5593
4384,5623
4384,5626
4384,5641
4384,5646
4384,5649
4384,5650
4384,5661
4384,5704
4384,5707
4384,5709
4384,5710
4384,5714
4384,5722
4384,5730
4384,5732
4384,5740
4384,5756
4384,5799
4384,5816
4384,5840
4384,5858
4384,5859
4384,5881
4384,5888
4384,5941
4384,5945
4384,5952
4384,5961
4384,5975
4384,5976
4384,5987
4384,5993
4384,5998
4384,6001
4384,6003
4384,6004
4384,6016
4384,6017
4384,6021
4384,6026
4384,6039
4384,6047
4384,6063
4384,6075
4384,6082
4384,6086
4384,6100
4384,6121
4384,6184
4384,6202
4384,6208
4384,6216
4384,6228
4384,6236
4384,6242
4384,6259
4384,6284
4384,6287
4384,6291
4384,6296
4384,6297
4384,6303
4384,6313
4384,6319
4384,6335
4384,6348
4384,6395
4384,6400
4384,6407
4384,6409
4384,6412
4384,6439
4384,6449
4384,6462
4384,6466
4384,6468
4384,6484
4384,6487
4384,6492
4384,6507
4384,6510
4384,6537
4384,6540
4384,6551
4384,6553
4384,6560
4384,6562
4384,6574
4384,6582
4384,6588
4384,6594
4384,6611
4384,6617
4384,6618
4384,6624
4384,6640
4384,6646
4384,6660
4384,6678
4384,6688
4384,6690
4384,6692
4384,6704
4384,6705
4384,6707
4384,6713
4384,6714
4384,6723
4384,6738
4384,6760
4384,6774
4384,6778
4384,6779
4384,6794
4384,6802
4384,6810
4384,6811
4384,6830
4384,6847
4384,6848
4384,6877
4384,6892
4384,6895
4384,6906
4384,6933
4384,6936
4384,6951
4384,6952
4384,6961
4384,6966
4384,6971
4384,6981
4384,6984
4384,6989
4384,7008
4384,7044
4384,7046
4384,7071
4384,7085
4384,7101
4384,7105
4384,7114
4384,7143
4384,7147
4384,7163
4384,7170
4384,7171
4384,7174
4384,7182
4384,7197
4384,7212
4384,7219
4384,7239
4384,7252
4384,7254
4384,7265
4384,7269
4384,7277
4384,7278
4384,7280
4384,7288
4384,7296
4384,7320
4384,7321
4384,7331
4384,7349
4384,7353
4384,7365
4384,7369
4384,7382
4384,7385
4384,7401
4384,7410
4384,7422
4384,7424
4384,7428
4384,7448
4384,7452
4384,7462
4384,7464
4384,7465
4384,7471
4384,7480
4384,7487
4384,7511
4384,7520
4384,7521
4384,7525
4384,7535
4384,7537
4384,7568
4384,7569
4384,7572
4384,7580
4384,7582
4384,7597
4384,7599
4384,7603
4384,7607
4384,7612
4384,7623
4384,7628
4385,869
4385,1067
4385,1798
4385,2115
4385,2198
4385,5404
4385,5955
4385,6024
4385,7166
4386,26
4386,73
4386,834
4386,970
4386,1024
4386,1064
4386,1253
4386,1347
4386,1353
4386,1767
4386,2205
4386,2239
4386,2375
4386,2450
4386,2831
4386,2871
4386,3171
4386,3310
4386,3566
4386,4173
4386,4217
4386,4228
4386,4729
4386,5461
4386,5503
4386,5984
4386,6085
4386,6297
4386,6572
4386,6726
4386,7365
4386,7409
4386,7503
4386,7596
4387,671
4387,703
4387,1693
4387,2303
4387,3914
4387,4122
4388,258
4388,309
4388,400
4388,659
4388,774
4388,818
4388,924
4388,1210
4388,1271
4388,1357
4388,1476
4388,1684
4388,1744
4388,1899
4388,2198
4388,2206
4388,2336
4388,2380
4388,2432
4388,2553
4388,3138
4388,3160
4388,3279
4388,3623
4388,3704
4388,3721
4388,3876
4388,4161
4388,4241
4388,4243
4388,4553
4388,4608
4388,5037
4388,5048
4388,5070
4388,5372
4388,5404
4388,5543
4388,5707
4388,5734
4388,5853
4388,5878
4388,6414
4388,6669
4388,6702
4388,6787
4388,6850
4388,6887
4388,7003
4388,7021
4389,44
4389,354
4389,452
4389,1168
4389,1201
4389,1208
4389,1300
4389,1318
4389,1407
4389,1553
4389,1576
4389,2188
4389,2278
4389,3402
4389,3568
4389,3943
4389,4119
4389,4222
4389,4977
4389,6136
4389,6158
4389,6292
4389,6415
4389,6697
4389,6926
4389,7499
4389,7571
4390,28
4390,36
4390,143
4390,438
4390,920
4390,1111
4390,1185
4390,1280
4390,1429
4390,1579
4390,2163
4390,2244
4390,2738
4390,2740
4390,2795
4390,2904
4390,3271
4390,3889
4390,3931
4390,4033
4390,4100
4390,4103
4390,4294
4390,5114
4390,5209
4390,5343
4390,5437
4390,5496
4390,5504
4390,5615
4390,6015
4390,6237
4390,6572
4390,6696
4390,6807
4390,6852
4390,7526
4390,7550
4391,204
4391,581
4391,932
4391,5131
4391,6623
4392,69
4392,201
4392,260
4392,369
4392,1268
4392,1368
4392,1899
4392,1959
4392,2010
4392,2194
4392,2320
4392,2406
4392,2410
4392,3183
4392,3297
4392,3459
4392,3623
4392,3693
4392,3867
4392,3996
4392,4164
4392,4290
4392,4376
4392,4877
4392,5296
4392,5344
4392,5404
4392,5612
4392,5626
4392,5707
4392,5740
4392,5816
4392,6208
4392,6492
4392,6540
4392,6562
4392,6892
4392,7008
4392,7071
4392,7170
4392,7289
4392,7320
4392,7424
4393,201
4393,258
4393,1368
4393,1744
4393,1899
4393,2239
4393,2614
4393,2981
4393,3664
4393,4203
4393,4682
4393,5372
4393,5816
4394,3959
4395,1345
4395,1961
4395,3369
4396,44
4396,238
4396,406
4396,452
4396,565
4396,799
4396,823
4396,1025
4396,1208
4396,1342
4396,1553
4396,1886
4396,2020
4396,2105
4396,2278
4396,2442
4396,2466
4396,2687
4396,2846
4396,2858
4396,3863
4396,4119
4396,4444
4396,5023
4396,5196
4396,6158
4396,6415
4396,6498
4396,6697
4396,7199
4396,7350
4397,481
4397,812
4397,1646
4397,4663
4397,6106
4397,7383
4397,7489
4398,766
4398,904
4398,1291
4398,1293
4398,1624
4398,1744
4398,2143
4398,2703
4398,2977
4398,3330
4398,3895
4398,4037
4398,4054
4398,4177
4398,4249
4398,4376
4398,4384
4398,5556
4398,5888
4398,6216
4398,6933
4398,7269
4398,7603
4399,54
4399,177
4399,204
4399,581
4399,737
4399,824
4399,902
4399,932
4399,968
4399,1003
4399,1021
4399,1099
4399,1115
4399,1146
4399,1237
4399,1256
4399,1262
4399,1303
4399,1311
4399,1326
4399,1392
4399,1400
4399,1422
4399,1449
4399,1676
4399,1728
4399,1835
4399,2140
4399,2204
4399,2318
4399,2329
4399,2343
4399,2366
4399,2388
4399,2399
4399,2439
4399,2528
4399,2538
4399,2605
4399,2885
4399,2939
4399,2949
4399,3087
4399,3163
4399,3201
4399,3361
4399,3412
4399,3423
4399,3431
4399,3564
4399,3569
4399,3572
4399,3719
4399,3736
4399,3850
4399,3879
4399,3939
4399,4197
4399,4237
4399,4414
4399,4418
4399,4497
4399,4534
4399,4557
4399,4618
4399,4647
4399,4748
4399,4861
4399,4924
4399,5124
4399,5131
4399,5163
4399,5271
4399,5279
4399,5333
4399,5439
4399,5480
4399,5673
4399,5762
4399,5870
4399,6094
4399,6113
4399,6374
4399,6530
4399,6935
4399,6937
4399,7264
4399,7275
4399,7285
4399,7405
4399,7460
4399,7491
4399,7544
4400,88
4400,146
4400,395
4400,3554
4400,3778
4400,4189
4400,4378
4400,4551
4400,4577
4400,4817
4400,6048
4400,7304
4401,437
4401,608
4401,798
4401,1135
4401,1606
4401,2851
4401,3200
4401,3414
4401,3537
4401,5683
4401,6080
4401,6727
4401,6903
4401,7082
4401,7327
4402,77
4402,89
4402,169
4402,258
4402,369
4402,542
4402,593
4402,951
4402,1058
4402,1415
4402,1472
4402,1513
4402,1663
4402,1744
4402,1763
4402,1796
4402,1798
4402,1883
4402,1899
4402,2106
4402,2198
4402,2239
4402,2406
4402,2571
4402,2661
4402,2782
4402,3051
4402,3185
4402,3359
4402,3428
4402,3502
4402,3748
4402,4241
4402,4376
4402,4384
4402,4510
4402,4522
4402,4578
4402,4641
4402,4768
4402,5404
4402,5707
4402,5734
4402,5799
4402,5881
4402,5979
4402,6098
4402,6551
4402,6566
4402,6597
4402,6618
4402,6669
4402,6673
4402,6702
4402,6707
4402,6887
4402,7003
4402,7071
4402,7150
4402,7464
4402,7536
4402,7607
4403,186
4403,335
4403,1785
4403,1900
4403,1969
4403,2364
4403,2667
4403,2899
4403,2953
4403,3961
4403,4105
4403,4237
4403,4905
4403,5110
4403,5117
4403,5619
4403,6357
4403,7506
4404,452
4404,535
4404,2546
4404,3351
4404,3402
4404,4282
4404,5101
4404,5262
4404,5550
4404,5571
4404,6558
4404,7107
4405,549
4405,941
4405,988
4405,1295
4405,1556
4405,2014
4405,2422
4405,4587
4405,4665
4405,6621
4406,229
4406,259
4406,875
4406,1112
4406,1133
4406,1278
4406,1377
4406,1700
4406,1896
4406,2198
4406,2239
4406,2418
4406,3022
4406,3171
4406,3351
4406,3499
4406,3532
4406,3664
4406,3710
4406,4042
4406,4317
4406,4422
4406,5218
4406,5420
4406,5839
4406,6063
4406,6297
4406,6828
4406,6961
4406,7330
4406,7344
4406,7395
4407,573
4407,846
4407,930
4407,1078
4407,1174
4407,1249
4407,1525
4407,1544
4407,1596
4407,1689
4407,1927
4407,1961
4407,2565
4407,2620
4407,3698
4407,3724
4407,3744
4407,3763
4407,3969
4407,4174
4407,4201
4407,4295
4407,4464
4407,5654
4407,5694
4407,6572
4407,6629
4408,28
4408,369
4408,540
4408,552
4408,593
4408,810
4408,1058
4408,1284
4408,1357
4408,1453
4408,1620
4408,2198
4408,2239
4408,2615
4408,3178
4408,3578
4408,3895
4408,4067
4408,4347
4408,4376
4408,4578
4408,4805
4408,4954
4408,5037
4408,5132
4408,5404
4408,5551
4408,5641
4408,5649
4408,6047
4408,6098
4408,6414
4408,6848
4408,6952
4408,6990
4408,7280
4408,7467
4408,7471
4408,7525
4409,3295
4409,3492
4409,3545
4410,200
4410,310
4410,356
4410,586
4410,1338
4410,1556
4410,1701
4410,2121
4410,2221
4410,2422
4410,2712
4410,2803
4410,2867
4410,3009
4410,3085
4410,3173
4410,3327
4410,3400
4410,3467
4410,3490
4410,3690
4410,3770
4410,3826
4410,3865
4410,4200
4410,4239
4410,4383
4410,4752
4410,4783
4410,5367
4410,5387
4410,5901
4410,5994
4410,6312
4410,6314
4410,6367
4410,6436
4411,74
4411,398
4411,444
4411,481
4411,510
4411,618
4411,653
4411,663
4411,671
4411,679
4411,688
4411,812
4411,855
4411,1086
4411,1096
4411,1223
4411,1292
4411,1365
4411,1466
4411,1477
4411,1509
4411,1555
4411,1562
4411,1622
4411,1683
4411,1889
4411,1944
4411,2067
4411,2259
4411,2444
4411,2468
4411,2491
4411,2499
4411,2786
4411,2827
4411,2843
4411,2853
4411,2873
4411,2926
4411,3211
4411,3393
4411,3411
4411,3435
4411,3449
4411,3452
4411,3584
4411,4081
4411,4117
4411,4123
4411,4151
4411,4179
4411,4191
4411,4244
4411,4310
4411,4423
4411,4475
4411,4478
4411,4487
4411,4494
4411,4498
4411,4524
4411,4585
4411,4607
4411,4663
4411,4681
4411,4703
4411,4761
4411,4873
4411,4914
4411,5038
4411,5270
4411,5345
4411,5357
4411,5405
4411,5489
4411,5573
4411,5609
4411,5721
4411,5737
4411,5751
4411,6033
4411,6083
4411,6092
4411,6103
4411,6488
4411,6496
4411,6508
4411,6709
4411,6829
4411,6924
4411,6972
4411,7012
4411,7015
4411,7024
4411,7110
4411,7263
4411,7324
4411,7361
4412,275
4412,324
4412,412
4412,698
4412,749
4412,828
4412,1243
4412,1360
4412,1364
4412,1531
4412,1609
4412,1648
4412,1696
4412,1732
4412,1759
4412,2090
4412,2147
4412,2192
4412,2250
4412,2446
4412,2508
4412,2596
4412,2754
4412,2822
4412,2849
4412,3091
4412,3346
4412,3565
4412,3640
4412,3649
4412,3714
4412,3805
4412,3825
4412,4048
4412,4056
4412,4070
4412,4236
4412,4245
4412,4375
4412,4496
4412,4603
4412,4759
4412,4938
4412,4960
4412,5045
4412,5069
4412,5164
4412,5465
4412,5512
4412,5540
4412,5602
4412,5691
4412,5848
4412,5856
4412,6164
4412,6250
4412,6372
4412,6416
4412,6532
4412,6765
4412,7013
4412,7073
4412,7086
4412,7241
4413,3168
4413,6223
4413,6299
4414,581
4414,737
4414,932
4414,1146
4414,1772
4414,2757
4414,3236
4414,3563
4414,3569
4414,3741
4414,4208
4414,4351
4414,4399
4414,4557
4414,4673
4414,4861
4414,4899
4414,5131
4414,6623
4415,24
4415,28
4415,61
4415,89
4415,319
4415,593
4415,622
4415,1280
4415,1513
4415,1586
4415,1738
4415,1746
4415,1782
4415,2198
4415,2239
4415,2541
4415,2832
4415,3277
4415,3428
4415,3856
4415,3946
4415,4127
4415,4453
4415,4522
4415,4578
4415,4641
4415,5006
4415,5042
4415,5050
4415,5372
4415,5903
4415,6183
4415,6468
4415,6614
4415,6634
4415,6669
4415,6678
4415,6692
4415,6702
4415,6707
4415,6807
4415,7247
4415,7395
4415,7607
4416,1650
4416,7312
4417,2239
4417,3277
4417,3498
4417,4026
4418,932
4418,1146
4418,1237
4418,1449
4418,2204
4418,2538
4418,3361
4418,3412
4418,4237
4418,4399
4418,4861
4418,5124
4418,5279
4418,7275
4419,495
4419,2714
4419,4338
4419,5758
4419,7456
4420,85
4420,103
4420,500
4420,762
4420,772
4420,903
4420,1218
4420,1330
4420,1427
4420,1453
4420,1524
4420,1540
4420,1545
4420,1735
4420,1840
4420,1945
4420,1991
4420,2040
4420,2106
4420,2290
4420,3171
4420,3183
4420,3408
4420,3428
4420,3708
4420,3734
4420,3926
4420,4080
4420,4083
4420,4184
4420,4356
4420,4384
4420,4803
4420,4871
4420,4952
4420,5095
4420,5222
4420,5261
4420,5471
4420,5707
4420,6039
4420,6121
4420,6297
4420,6462
4420,6487
4420,6551
4420,6618
4420,6646
4420,6707
4420,6738
4420,6760
4420,6802
4420,6810
4420,6906
4420,7535
4420,7599
4420,7607
4421,61
4421,89
4421,258
4421,593
4421,857
4421,1711
4421,1738
4421,1744
4421,1746
4421,2239
4421,2832
4421,3070
4421,4522
4421,4641
4421,4768
4421,5050
4421,5381
4421,5404
4421,6702
4421,6887
4421,7617
4422,20
4422,73
4422,92
4422,127
4422,149
4422,192
4422,258
4422,269
4422,305
4422,473
4422,474
4422,604
4422,606
4422,731
4422,843
4422,881
4422,1030
4422,1064
4422,1076
4422,1185
4422,1296
4422,1361
4422,1430
4422,1483
4422,1486
4422,1495
4422,1551
4422,1563
4422,1603
4422,1607
4422,1700
4422,1722
4422,1735
4422,1757
4422,1831
4422,1840
4422,1877
4422,1911
4422,1938
4422,1948
4422,2011
4422,2164
4422,2198
4422,2205
4422,2239
4422,2332
4422,2384
4422,2406
4422,2418
4422,2490
4422,2521
4422,2743
4422,2831
4422,2901
4422,2954
4422,3072
4422,3171
4422,3194
4422,3216
4422,3277
4422,3298
4422,3339
4422,3359
4422,3427
4422,3501
4422,3591
4422,3643
4422,3688
4422,3698
4422,3760
4422,3832
4422,3890
4422,3891
4422,3944
4422,4039
4422,4046
4422,4154
4422,4302
4422,4355
4422,4356
4422,4376
4422,4406
4422,4479
4422,4511
4422,4724
4422,4767
4422,4768
4422,4864
4422,4904
4422,4940
4422,4952
4422,5000
4422,5145
4422,5199
4422,5234
4422,5385
4422,5404
4422,5445
4422,5478
4422,5511
4422,5534
4422,5562
4422,5626
4422,5685
4422,5707
4422,5772
4422,5833
4422,5993
4422,6001
4422,6027
4422,6069
4422,6161
4422,6228
4422,6297
4422,6331
4422,6381
4422,6403
4422,6437
4422,6447
4422,6451
4422,6490
4422,6511
4422,6527
4422,6537
4422,6594
4422,6620
4422,6624
4422,6740
4422,6775
4422,6778
4422,6779
4422,6828
4422,6878
4422,6904
4422,6947
4422,6951
4422,7007
4422,7008
4422,7044
4422,7054
4422,7072
4422,7134
4422,7195
4422,7290
4422,7344
4422,7395
4422,7445
4422,7524
4422,7573
4422,7592
4422,7599
4423,147
4423,425
4423,481
4423,561
4423,578
4423,685
4423,690
4423,746
4423,837
4423,943
4423,1223
4423,1292
4423,1509
4423,1562
4423,1622
4423,1646
4423,1683
4423,1858
4423,2395
4423,2499
4423,2548
4423,2843
4423,2853
4423,3211
4423,3255
4423,3399
4423,3449
4423,3733
4423,4191
4423,4244
4423,4252
4423,4353
4423,4411
4423,4485
4423,4494
4423,4524
4423,4564
4423,4663
4423,4708
4423,4711
4423,4761
4423,5228
4423,5230
4423,5357
4423,5405
4423,5609
4423,5718
4423,5751
4423,5928
4423,5972
4423,5974
4423,6168
4423,6222
4423,6311
4423,6488
4423,6609
4423,6625
4423,6725
4423,6924
4423,7324
4423,7383
4423,7426
4423,7489
4423,7531
4423,7598
4424,66
4424,549
4424,941
4424,988
4424,1320
4424,1814
4424,2078
4424,2412
4424,2833
4424,3086
4424,3244
4424,3437
4424,3461
4424,4209
4424,4452
4424,5221
4424,5638
4424,5794
4424,5817
4424,5872
4424,6307
4424,6735
4424,7217
4424,7433
4424,7538
4424,7641
4425,378
4425,401
4425,1332
4425,1694
4425,1799
4425,1865
4425,2022
4425,2050
4425,2503
4425,2737
4425,3652
4425,3797
4425,4052
4425,4175
4425,4298
4425,4515
4425,4901
4425,4981
4425,5431
4425,5565
4425,5607
4425,6218
4425,6858
4425,6865
4425,7515
4425,7642
4425,7645
4426,22
4426,273
4426,284
4426,315
4426,554
4426,557
4426,794
4426,995
4426,1079
4426,1656
4426,1771
4426,1845
4426,2240
4426,2654
4426,2757
4426,3391
4426,3741
4426,3924
4426,3941
4426,4008
4426,4143
4426,4208
4426,4280
4426,4673
4426,5686
4426,6199
4426,6347
4426,6653
4426,7541
4426,7565
4427,73
4427,212
4427,382
4427,502
4427,551
4427,584
4427,919
4427,1287
4427,1499
4427,1910
4427,2143
4427,2215
4427,2371
4427,2579
4427,2673
4427,2959
4427,2993
4427,3199
4427,3370
4427,3607
4427,3895
4427,3944
4427,3959
4427,4046
4427,4153
4427,4220
4427,4584
4427,5000
4427,5650
4427,5665
4427,5842
4427,6677
4427,6828
4427,7131
4427,7196
4427,7269
4427,7345
4427,7480
4428,1454
4428,4019
4428,4628
4428,4671
4428,4906
4428,4994
4428,5185
4428,5454
4428,5748
4428,6735
4428,7639
4428,7641
4429,193
4429,1440
4429,2282
4429,2297
4429,2825
4429,2836
4429,3094
4429,3497
4429,3603
4429,3852
4429,4000
4429,4104
4429,4275
4429,4291
4429,4997
4429,5434
4429,6573
4429,6776
4429,6979
4429,7450
4429,7575
4429,7620
4430,128
4430,252
4430,564
4430,908
4430,1358
4430,1550
4430,1888
4430,2044
4430,2094
4430,2263
4430,2378
4430,2707
4430,2944
4430,3478
4430,3484
4430,3555
4430,4277
4430,4769
4430,4882
4430,4898
4430,5118
4430,5192
4430,5486
4430,5625
4430,5636
4430,6162
4430,6555
4430,7094
4430,7235
4431,1283
4431,2862
4431,3029
4431,4124
4431,4439
4431,4888
4431,7620
4432,407
4432,1314
4432,1393
4432,1699
4432,3841
4432,4437
4432,4690
4432,4841
4432,4898
4432,5159
4432,5207
4432,5767
4432,6053
4432,6346
4432,6826
4432,6869
4432,7123
4432,7168
4433,20
4433,73
4433,137
4433,162
4433,305
4433,803
4433,1679
4433,1689
4433,1831
4433,1877
4433,2071
4433,2164
4433,2384
4433,2751
4433,3042
4433,3664
4433,3698
4433,3723
4433,4015
4433,4055
4433,4092
4433,4163
4433,4479
4433,4701
4433,5031
4433,5305
4433,5397
4433,5445
4433,6001
4433,6078
4433,6494
4433,6545
4433,6815
4433,7305
4434,456
4434,1280
4434,1429
4434,2163
4434,4376
4434,4384
4434,5114
4434,5296
4434,6807
4435,2293
4435,4959
4435,5191
4435,6807
4435,6900
4436,1961
4436,4103
4436,6572
4437,407
4437,1314
4437,1358
4437,1393
4437,3148
4437,3841
4437,3877
4437,4063
4437,4432
4437,4690
4437,4821
4437,4841
4437,4898
4437,5159
4437,5207
4437,5323
4437,5407
4437,5767
4437,6053
4437,6346
4437,6826
4437,6869
4437,6995
4437,7123
4437,7168
4437,7172
4437,7183
4437,7495
4438,766
4438,847
4438,1407
4438,1426
4438,1494
4438,1673
4438,1795
4438,1817
4438,3295
4438,3331
4438,3492
4438,3578
4438,4670
4438,7467
4438,7587
4439,1283
4439,2862
4439,4124
4439,4431
4440,305
4440,363
4440,862
4440,1961
4440,2708
4440,2998
4440,3111
4440,3139
4440,3507
4440,3802
4440,4701
4440,5156
4440,5268
4440,5483
4440,6341
4440,6783
4440,7146
4440,7184
4440,7305
4441,174
4441,937
4441,1272
4441,1630
4441,1709
4441,2114
4441,2215
4441,2281
4441,2312
4441,3528
4441,4539
4441,4666
4441,5588
4441,5668
4441,6104
4441,6679
4441,7075
4441,7255
4441,7566
4441,7648
4442,713
4442,2170
4442,2198
4442,3510
4442,4116
4442,4376
4442,4641
4442,4805
4442,5234
4442,5734
4442,6388
4442,6569
4442,6909
4442,7250
4443,256
4443,709
4443,740
4443,745
4443,1061
4443,1909
4443,1920
4443,2064
4443,2528
4443,2915
4443,3084
4443,3231
4443,3431
4443,3494
4443,4237
4443,4925
4443,4980
4443,5480
4443,5618
4443,5793
4443,5911
4443,5927
4443,5934
4443,6130
4443,6550
4443,6671
4443,6681
4443,6806
4443,7388
4443,7460
4444,68
4444,104
4444,396
4444,406
4444,452
4444,547
4444,574
4444,792
4444,799
4444,929
4444,1025
4444,1033
4444,1147
4444,1208
4444,1265
4444,1369
4444,1542
4444,1837
4444,1968
4444,1971
4444,2020
4444,2278
4444,2578
4444,2580
4444,2692
4444,2841
4444,2846
4444,2858
4444,3029
4444,3055
4444,3228
4444,3402
4444,3522
4444,3943
4444,4036
4444,4119
4444,4396
4444,4481
4444,4547
4444,4977
4444,5021
4444,5112
4444,5149
4444,5193
4444,5196
4444,5233
4444,5389
4444,5695
4444,6158
4444,6498
4444,6697
4444,6798
4444,6883
4444,6932
4444,6943
4444,6963
4444,7040
4444,7301
4444,7466
4444,7533
4444,7625
4445,3107
4445,3227
4445,3244
4445,3429
4445,3437
4445,4209
4445,4625
4445,4646
4445,4810
4445,7586
4445,7620
4446,7620
4447,6531
4447,6974
4448,1058
4448,2587
4449,139
4449,199
4449,402
4449,1035
4449,1450
4449,1750
4449,2293
4449,2379
4449,2500
4449,2924
4449,3227
4449,3244
4449,3281
4449,3437
4449,4089
4449,4325
4449,4646
4449,5563
4449,5946
4449,6433
4449,7641
4450,456
4450,2198
4450,2239
4450,2354
4450,6309
4451,146
4451,514
4451,613
4451,631
4451,764
4451,1362
4451,1832
4451,3344
4451,3778
4451,3956
4451,4189
4451,4687
4451,4859
4451,5527
4451,6048
4451,6378
4451,6556
4451,6592
4451,7169
4451,7304
4452,45
4452,171
4452,1095
4452,1320
4452,2453
4452,2646
4452,3168
4452,3281
4452,3437
4452,3461
4452,3662
4452,3669
4452,4106
4452,4305
4452,4424
4452,5074
4452,5521
4452,5663
4452,5872
4452,6117
4452,6223
4452,6307
4452,6735
4452,6970
4452,7433
4452,7507
4452,7538
4453,61
4453,89
4453,258
4453,260
4453,369
4453,593
4453,732
4453,1472
4453,1513
4453,1639
4453,1663
4453,1684
4453,1723
4453,1744
4453,1796
4453,1899
4453,2106
4453,2198
4453,2239
4453,2406
4453,3185
4453,3277
4453,4023
4453,4157
4453,4184
4453,4415
4453,4522
4453,4578
4453,4594
4453,4641
4453,4734
4453,4806
4453,5139
4453,5372
4453,5404
4453,5799
4453,5816
4453,5839
4453,5881
4453,5979
4453,6183
4453,6468
4453,6551
4453,6634
4453,6669
4453,6678
4453,6692
4453,6702
4453,6707
4453,6830
4453,7010
4453,7247
4453,7280
4453,7353
4453,7395
4453,7428
4453,7477
4453,7540
4453,7607
4454,88
4454,100
4454,395
4454,638
4454,648
4454,747
4454,752
4454,998
4454,1322
4454,1853
4454,2265
4454,2274
4454,2374
4454,2430
4454,2910
4454,3005
4454,3625
4454,3665
4454,4084
4454,4189
4454,4378
4454,4577
4454,4605
4454,4687
4454,5175
4454,5248
4454,5550
4454,5765
4454,5778
4454,6048
4454,6114
4454,6258
4454,6551
4454,6651
4454,6729
4455,4628
4456,65
4456,896
4456,2111
4456,3457
4456,3633
4456,3989
4456,6916
4457,844
4457,4931
4458,276
4458,947
4458,1108
4458,1344
4458,1561
4458,2239
4458,2287
4458,2950
4458,3070
4458,3152
4458,3710
4458,4381
4458,4746
4458,4771
4458,5056
4458,5398
4458,5412
4458,5764
4458,6228
4458,6406
4458,7127
4459,179
4459,481
4459,744
4459,855
4459,1622
4459,2067
4459,3487
4459,3634
4459,3795
4459,3904
4459,4244
4459,4663
4459,4886
4459,4968
4459,5038
4459,6102
4459,6106
4459,6488
4459,7012
4459,7033
4459,7383
4459,7462
4459,7489
4460,1950
4460,2218
4460,7498
4461,2997
4461,4462
4461,6302
4461,7087
4461,7414
4462,329
4462,523
4462,548
4462,634
4462,648
4462,752
4462,1181
4462,1261
4462,1394
4462,1436
4462,1512
4462,1611
4462,1731
4462,1768
4462,2081
4462,2149
4462,2330
4462,2414
4462,2481
4462,2527
4462,2574
4462,2767
4462,2793
4462,2795
4462,2864
4462,2902
4462,2997
4462,3202
4462,3273
4462,3625
4462,4033
4462,4255
4462,4461
4462,4823
4462,4887
4462,4910
4462,5145
4462,5183
4462,5315
4462,5379
4462,5460
4462,5550
4462,5598
4462,6015
4462,6142
4462,6513
4462,6548
4462,6684
4462,6721
4462,6861
4462,7087
4462,7267
4462,7414
4463,89
4463,169
4463,369
4463,593
4463,811
4463,1447
4463,1513
4463,1684
4463,1899
4463,2106
4463,2198
4463,2485
4463,2541
4463,2553
4463,3051
4463,3720
4463,4023
4463,4188
4463,4578
4463,4641
4463,4934
4463,5241
4463,5348
4463,5365
4463,5734
4463,5881
4463,6414
4463,6551
4463,6669
4463,6678
4463,6702
4463,7003
4463,7352
4463,7607
4464,118
4464,305
4464,616
4464,1353
4464,1633
4464,1961
4464,1981
4464,2198
4464,2201
4464,2239
4464,3035
4464,3310
4464,3698
4464,4407
4464,5056
4464,5654
4464,6078
4464,6572
4464,6726
4465,23
4465,85
4465,89
4465,258
4465,260
4465,304
4465,369
4465,431
4465,593
4465,727
4465,869
4465,1011
4465,1093
4465,1210
4465,1214
4465,1268
4465,1330
4465,1399
4465,1421
4465,1545
4465,1663
4465,1668
4465,1798
4465,2013
4465,2198
4465,2290
4465,2313
4465,2521
4465,2571
4465,2575
4465,3183
4465,3363
4465,3377
4465,3502
4465,3693
4465,3748
4465,4091
4465,4376
4465,4658
4465,4787
4465,4806
4465,4952
4465,5015
4465,5296
4465,5404
4465,5707
4465,5756
4465,5799
4465,5816
4465,5945
4465,5976
4465,6039
4465,6597
4465,6673
4465,6702
4465,7003
4465,7085
4465,7170
4465,7395
4465,7464
4465,7465
4465,7535
4465,7568
4465,7607
4466,85
4466,170
4466,235
4466,260
4466,272
4466,369
4466,502
4466,789
4466,841
4466,1058
4466,1210
4466,1268
4466,1284
4466,1357
4466,1415
4466,1453
4466,1551
4466,1575
4466,1631
4466,1634
4466,1884
4466,1959
4466,2129
4466,2143
4466,2198
4466,2239
4466,2370
4466,2377
4466,2410
4466,2522
4466,2555
4466,2571
4466,2772
4466,2911
4466,3114
4466,3183
4466,3234
4466,3311
4466,3334
4466,3362
4466,3370
4466,3538
4466,3748
4466,4164
4466,4216
4466,4376
4466,4384
4466,4570
4466,4806
4466,4874
4466,5132
4466,5231
4466,5259
4466,5296
4466,5404
4466,5459
4466,5740
4466,5816
4466,5855
4466,5881
4466,5941
4466,6021
4466,6098
4466,6193
4466,6242
4466,6400
4466,6551
4466,6553
4466,6705
4466,6811
4466,6954
4466,7046
4466,7147
4466,7277
4466,7369
4466,7582
4466,7612
4467,57
4467,316
4467,328
4467,570
4467,787
4467,806
4467,882
4467,1122
4467,1391
4467,1583
4467,1969
4467,2134
4467,2324
4467,2474
4467,2622
4467,2768
4467,2861
4467,3305
4467,3529
4467,3543
4467,3597
4467,3663
4467,3805
4467,4038
4467,4264
4467,4312
4467,4603
4467,5691
4467,5706
4467,5849
4467,5882
4467,6143
4467,6212
4467,6357
4467,6391
4467,7272
4467,7555
4468,1844
4468,2188
4468,3541
4468,3568
4468,3857
4468,6415
4469,92
4469,551
4469,789
4469,881
4469,1377
4469,2021
4469,2198
4469,2239
4469,2299
4469,2460
4469,2765
4469,3037
4469,3171
4469,3190
4469,3410
4469,3532
4469,3681
4469,4080
4469,4097
4469,4228
4469,4384
4469,4490
4469,4952
4469,5022
4469,5111
4469,5218
4469,5292
4469,5464
4469,5575
4469,6063
4469,6098
4469,6297
4469,6395
4469,6588
4469,6618
4469,7032
4469,7330
4469,7420
4469,7599
4470,1755
4470,2693
4470,2722
4470,3169
4470,3285
4470,3666
4470,7161
4471,31
4471,1049
4471,1276
4471,1288
4471,1450
4471,2976
4471,3156
4471,3175
4471,3227
4471,3276
4471,3735
4471,4104
4471,5548
4471,5642
4471,5684
4471,5854
4471,6050
4471,6120
4471,6169
4471,6205
4471,6324
4471,7575
4471,7620
4472,1487
4472,1593
4472,2101
4472,4993
4472,5256
4472,5591
4472,7631
4473,125
4473,1905
4473,1912
4473,2239
4473,3152
4473,3698
4473,4295
4474,593
4474,1040
4474,1293
4474,1798
4474,2198
4474,3408
4474,3734
4474,4384
4474,4952
4474,5095
4474,6487
4474,6551
4474,7535
4475,481
4475,653
4475,679
4475,744
4475,855
4475,1223
4475,1622
4475,1646
4475,1830
4475,1889
4475,2499
4475,2827
4475,3180
4475,3452
4475,3733
4475,3904
4475,4179
4475,4244
4475,4411
4475,4485
4475,4498
4475,4607
4475,4663
4475,5357
4475,5750
4475,5928
4475,6106
4475,6488
4475,6508
4475,7024
4475,7489
4475,7598
4476,1444
4476,2239
4476,3277
4476,7395
4477,1780
4477,3510
4478,147
4478,481
4478,561
4478,685
4478,746
4478,837
4478,943
4478,1223
4478,1509
4478,1529
4478,1562
4478,1622
4478,1683
4478,2073
4478,2395
4478,2491
4478,2499
4478,3180
4478,3452
4478,3733
4478,4191
4478,4244
4478,4411
4478,4485
4478,4564
4478,4663
4478,4711
4478,4873
4478,5072
4478,5357
4478,5489
4478,5609
4478,5718
4478,5928
4478,5974
4478,6103
4478,6168
4478,6222
4478,6227
4478,6311
4478,6488
4478,6609
4478,6625
4478,6924
4478,7383
4478,7444
4478,7469
4478,7489
4478,7598
4479,28
4479,162
4479,229
4479,235
4479,305
4479,456
4479,552
4479,593
4479,616
4479,672
4479,919
4479,922
4479,1058
4479,1184
4479,1442
4479,1563
4479,1568
4479,1586
4479,1679
4479,1707
4479,1744
4479,1896
4479,2037
4479,2198
4479,2239
4479,2310
4479,2363
4479,2650
4479,2663
4479,2751
4479,3022
4479,3359
4479,3384
4479,3698
4479,3716
4479,3723
4479,3748
4479,3887
4479,3891
4479,3931
4479,4015
4479,4092
4479,4307
4479,4376
4479,4422
4479,4433
4479,4805
4479,4957
4479,5031
4479,5146
4479,5305
4479,5420
4479,5445
4479,5467
4479,5608
4479,5614
4479,5772
4479,5807
4479,6078
4479,6411
4479,6414
4479,6451
4479,6490
4479,6620
4479,6733
4479,6815
4479,6828
4479,7127
4479,7196
4479,7289
4479,7305
4479,7374
4479,7560
4480,336
4480,1802
4480,1817
4480,2089
4480,3866
4480,3895
4480,4054
4480,4919
4480,5629
4480,5676
4480,5948
4480,6098
4480,6246
4480,7067
4480,7603
4481,68
4481,104
4481,238
4481,281
4481,304
4481,348
4481,354
4481,396
4481,406
4481,416
4481,451
4481,452
4481,457
4481,547
4481,574
4481,594
4481,624
4481,635
4481,792
4481,799
4481,823
4481,929
4481,1025
4481,1059
4481,1071
4481,1147
4481,1154
4481,1168
4481,1201
4481,1203
4481,1208
4481,1229
4481,1231
4481,1265
4481,1307
4481,1366
4481,1384
4481,1387
4481,1462
4481,1542
4481,1557
4481,1571
4481,1590
4481,1605
4481,1713
4481,1779
4481,1837
4481,1968
4481,1971
4481,2002
4481,2020
4481,2029
4481,2203
4481,2242
4481,2276
4481,2278
4481,2334
4481,2403
4481,2442
4481,2495
4481,2578
4481,2580
4481,2642
4481,2692
4481,2696
4481,2716
4481,2735
4481,2841
4481,2846
4481,2858
4481,2919
4481,2934
4481,2937
4481,3029
4481,3055
4481,3110
4481,3254
4481,3286
4481,3301
4481,3338
4481,3402
4481,3505
4481,3519
4481,3522
4481,3535
4481,3611
4481,3769
4481,3943
4481,4011
4481,4036
4481,4059
4481,4119
4481,4132
4481,4139
4481,4166
4481,4319
4481,4444
4481,4547
4481,4550
4481,4568
4481,4765
4481,4825
4481,4927
4481,4977
4481,4998
4481,5021
4481,5055
4481,5073
4481,5112
4481,5149
4481,5196
4481,5233
4481,5246
4481,5353
4481,5590
4481,5695
4481,5712
4481,5766
4481,5956
4481,5994
4481,6011
4481,6158
4481,6375
4481,6455
4481,6498
4481,6617
4481,6659
4481,6697
4481,6704
4481,6710
4481,6833
4481,6863
4481,6883
4481,6932
4481,6938
4481,6943
4481,6963
4481,6971
4481,7028
4481,7040
4481,7066
4481,7148
4481,7301
4481,7350
4481,7533
4481,7567
4481,7625
4482,86
4482,331
4482,436
4482,585
4482,621
4482,769
4482,1183
4482,1198
4482,1217
4482,1239
4482,1359
4482,1657
4482,1669
4482,1764
4482,1870
4482,1934
4482,2000
4482,2068
4482,2179
4482,2210
4482,2254
4482,2303
4482,2390
4482,2583
4482,2613
4482,2978
4482,3329
4482,3336
4482,3368
4482,3557
4482,3573
4482,3631
4482,3650
4482,3847
4482,3911
4482,3913
4482,3952
4482,4027
4482,4078
4482,4118
4482,4136
4482,4219
4482,4308
4482,4320
4482,4555
4482,4725
4482,4824
4482,4908
4482,5284
4482,5374
4482,5604
4482,5971
4482,6198
4482,6263
4482,6274
4482,6298
4482,6328
4482,6358
4482,6491
4482,6575
4482,6719
4482,6868
4482,6946
4482,6967
4482,7191
4482,7200
4482,7375
4482,7376
4482,7441
4482,7548
4482,7576
4482,7579
4482,7591
4483,593
4483,1796
4483,2106
4483,2198
4483,2239
4483,2406
4483,2553
4483,2571
4483,3185
4483,3895
4483,4164
4483,5132
4483,5251
4483,5404
4483,5734
4483,5881
4483,6381
4483,6551
4483,6702
4483,6774
4483,7003
4484,138
4484,258
4484,593
4484,633
4484,1058
4484,1206
4484,1418
4484,1513
4484,1796
4484,2198
4484,3185
4484,3359
4484,3532
4484,4510
4484,4578
4484,5042
4484,5132
4484,5324
4484,5979
4484,6077
4484,6100
4484,6361
4484,6414
4484,6673
4484,6702
4484,7204
4484,7280
4484,7294
4484,7330
4484,7464
4484,7568
4485,398
4485,444
4485,481
4485,618
4485,653
4485,663
4485,671
4485,679
4485,688
4485,837
4485,855
4485,1086
4485,1223
4485,1477
4485,1529
4485,1622
4485,1637
4485,1683
4485,1889
4485,2067
4485,2073
4485,2238
4485,2468
4485,2491
4485,2499
4485,2658
4485,2786
4485,2827
4485,2926
4485,2983
4485,3227
4485,3393
4485,3411
4485,3441
4485,3449
4485,3452
4485,4123
4485,4151
4485,4244
4485,4423
4485,4475
4485,4478
4485,4487
4485,4494
4485,4498
4485,4524
4485,4585
4485,4607
4485,4663
4485,4681
4485,4708
4485,4711
4485,4873
4485,4884
4485,4921
4485,5038
4485,5072
4485,5138
4485,5270
4485,5405
4485,5721
4485,5737
4485,5751
4485,5784
4485,6083
4485,6092
4485,6103
4485,6106
4485,6496
4485,6508
4485,6567
4485,6829
4485,6972
4485,7012
4485,7015
4485,7024
4485,7110
4485,7263
4485,7361
4485,7444
4485,7598
4486,301
4486,514
4486,764
4486,829
4486,1052
4486,1653
4486,2016
4486,2288
4486,2863
4486,2880
4486,3145
4486,3358
4486,3397
4486,3725
4486,3793
4486,4066
4486,4094
4486,4654
4486,4762
4486,5226
4486,5796
4486,5899
4486,5912
4486,6392
4486,6420
4486,6458
4486,6481
4486,6744
4486,6914
4487,147
4487,481
4487,653
4487,679
4487,744
4487,812
4487,837
4487,1096
4487,1477
4487,1622
4487,1637
4487,1683
4487,1889
4487,2238
4487,2468
4487,2499
4487,2658
4487,2827
4487,2873
4487,2926
4487,3180
4487,3733
4487,3904
4487,4004
4487,4123
4487,4191
4487,4244
4487,4411
4487,4485
4487,4498
4487,4663
4487,4873
4487,5737
4487,5750
4487,5974
4487,6106
4487,6488
4487,6829
4487,6972
4487,7263
4487,7361
4487,7489
4487,7598
4488,2515
4488,2810
4488,3740
4488,4172
4488,5076
4488,5890
4488,6277
4488,6905
4488,6908
4488,7057
4489,558
4489,684
4489,764
4489,954
4489,1413
4489,1595
4489,1829
4489,2385
4489,2686
4489,3342
4489,4344
4489,4842
4489,5142
4489,5158
4489,5484
4489,5664
4489,5682
4489,6305
4489,6438
4489,6839
4489,7587
4490,75
4490,107
4490,551
4490,705
4490,881
4490,1076
4490,1483
4490,1610
4490,1655
4490,1958
4490,2086
4490,2143
4490,2215
4490,2299
4490,2332
4490,2371
4490,2486
4490,2901
4490,2959
4490,3037
4490,3183
4490,3320
4490,3330
4490,3503
4490,3515
4490,3559
4490,3607
4490,3613
4490,3702
4490,3772
4490,3868
4490,3895
4490,4097
4490,4153
4490,4228
4490,4384
4490,4469
4490,4864
4490,5010
4490,5132
4490,5211
4490,5218
4490,5455
4490,5464
4490,5650
4490,5661
4490,5851
4490,5993
4490,6001
4490,6086
4490,6395
4490,6452
4490,6588
4490,6898
4490,7067
4490,7330
4490,7468
4490,7480
4490,7556
4491,147
4491,481
4491,561
4491,688
4491,746
4491,943
4491,1223
4491,2395
4491,2398
4491,2853
4491,3211
4491,4151
4491,4191
4491,4244
4491,4252
4491,4353
4491,4564
4491,4663
4491,4711
4491,5072
4491,5230
4491,5489
4491,5928
4491,5972
4491,5974
4491,6222
4491,6311
4491,6488
4491,6609
4491,6625
4491,6924
4491,7324
4491,7383
4491,7463
4491,7598
4492,554
4492,965
4492,1488
4492,1604
4492,3150
4492,3516
4492,3880
4492,4280
4492,4673
4492,6125
4492,6163
4492,6623
4493,748
4493,771
4493,1013
4493,1189
4493,1225
4493,3421
4493,3513
4493,3518
4493,3671
4493,3695
4493,3871
4493,3895
4493,3978
4493,5280
4493,7171
4493,7452
4493,7624
4494,147
4494,398
4494,444
4494,481
4494,561
4494,578
4494,618
4494,688
4494,690
4494,746
4494,837
4494,943
4494,1086
4494,1223
4494,1466
4494,1509
4494,1529
4494,1562
4494,1622
4494,1646
4494,2449
4494,2491
4494,2499
4494,2786
4494,2873
4494,3180
4494,3211
4494,3255
4494,3411
4494,3449
4494,3733
4494,4117
4494,4191
4494,4244
4494,4353
4494,4411
4494,4423
4494,4485
4494,4564
4494,4585
4494,4663
4494,4711
4494,4873
4494,5072
4494,5270
4494,5357
4494,5784
4494,5908
4494,5928
4494,5974
4494,6083
4494,6103
4494,6106
4494,6311
4494,6488
4494,6924
4494,7263
4494,7324
4494,7383
4494,7598
4495,148
4495,676
4495,1109
4495,1255
4495,2135
4495,2236
4495,2477
4495,3705
4495,4239
4495,4705
4495,6433
4496,412
4496,749
4496,1243
4496,1360
4496,1531
4496,1648
4496,1732
4496,1759
4496,1969
4496,2192
4496,2250
4496,2324
4496,2754
4496,2822
4496,3116
4496,3346
4496,3371
4496,3714
4496,3825
4496,4048
4496,4056
4496,4236
4496,4412
4496,4666
4496,4960
4496,5028
4496,5164
4496,5245
4496,5512
4496,6099
4496,6465
4496,6765
4496,6842
4496,7073
4496,7086
4496,7241
4497,932
4497,1303
4497,1675
4497,2399
4497,2439
4497,2528
4497,2949
4497,3201
4497,3939
4497,4197
4497,4237
4497,4399
4497,5124
4497,5279
4497,6113
4497,7460
4497,7544
4498,147
4498,481
4498,679
4498,744
4498,812
4498,837
4498,855
4498,1086
4498,1096
4498,1466
4498,1477
4498,1622
4498,1637
4498,1683
4498,1889
4498,1944
4498,2067
4498,2489
4498,2499
4498,2658
4498,2827
4498,2853
4498,2873
4498,2926
4498,3180
4498,3411
4498,3441
4498,3449
4498,3733
4498,3904
4498,4123
4498,4244
4498,4411
4498,4475
4498,4485
4498,4487
4498,4524
4498,4607
4498,4663
4498,4681
4498,4873
4498,5038
4498,5270
4498,5573
4498,5737
4498,5750
4498,5784
4498,5974
4498,6083
4498,6103
4498,6106
4498,6311
4498,6488
4498,6496
4498,6508
4498,6829
4498,6972
4498,7110
4498,7214
4498,7263
4498,7361
4498,7489
4499,4806
4499,5404
4499,7104
4500,304
4500,526
4500,748
4500,911
4500,936
4500,975
4500,1291
4500,1521
4500,2198
4500,3404
4500,3513
4500,3665
4500,3821
4500,3978
4500,4164
4500,5174
4500,5641
4500,5739
4500,5775
4500,5813
4500,6547
4500,6630
4500,6909
4500,6952
4500,7077
4501,241
4501,465
4501,514
4501,549
4501,613
4501,1009
4501,1416
4501,1576
4501,1832
4501,2385
4501,2422
4501,2539
4501,2606
4501,2799
4501,3159
4501,3387
4501,3534
4501,3819
4501,3956
4501,4222
4501,4533
4501,4665
4501,4863
4501,4906
4501,5466
4501,5501
4501,5527
4501,5583
4501,5922
4501,6136
4501,6378
4501,6429
4501,6556
4501,6606
4501,6807
4501,6845
4502,352
4502,526
4502,584
4502,587
4502,628
4502,655
4502,1058
4502,1291
4502,1493
4502,1521
4502,1716
4502,1733
4502,1739
4502,1926
4502,2026
4502,2172
4502,2325
4502,2525
4502,2567
4502,2703
4502,2903
4502,2945
4502,3510
4502,4067
4502,4153
4502,4376
4502,4503
4502,4952
4502,5170
4502,5174
4502,5917
4502,6029
4502,6699
4502,6909
4502,7077
4502,7240
4502,7322
4503,526
4503,669
4503,785
4503,804
4503,898
4503,956
4503,1084
4503,1733
4503,1761
4503,1979
4503,2026
4503,2112
4503,2279
4503,2427
4503,2917
4503,3062
4503,3134
4503,3270
4503,3457
4503,3510
4503,3742
4503,3837
4503,4043
4503,4502
4503,5115
4503,5722
4503,5786
4503,6067
4503,6131
4503,6512
4503,6672
4503,6879
4503,6980
4503,7130
4503,7142
4503,7250
4504,328
4504,749
4504,828
4504,1648
4504,1759
4504,1766
4504,2090
4504,2250
4504,2260
4504,2717
4504,2754
4504,2946
4504,4739
4504,4960
4504,5409
4504,6164
4504,6772
4504,7555
4505,1534
4505,5713
4505,6097
4506,2988
4506,6897
4507,621
4507,630
4507,1359
4507,1870
4507,2162
4507,2210
4507,2254
4507,2390
4507,2613
4507,3141
4507,3329
4507,3842
4507,3847
4507,3911
4507,4078
4507,4118
4507,4308
4507,4555
4507,4621
4507,5284
4507,5374
4507,5454
4507,6274
4507,6946
4507,7441
4507,7548
4507,7591
4508,1343
4508,1429
4508,1795
4508,3152
4508,3295
4508,3433
4508,3578
4508,4863
4508,5150
4508,7467
4509,10
4509,1264
4509,1696
4509,1736
4509,1881
4509,1980
4509,2337
4509,2435
4509,2623
4509,2777
4509,3415
4509,3583
4509,3678
4509,3717
4509,3749
4509,4723
4509,4992
4509,5110
4509,5509
4509,5868
4509,5929
4509,6357
4509,6628
4509,6665
4509,7308
4509,7348
4509,7437
4509,7458
4509,7513
4510,23
4510,77
4510,89
4510,258
4510,369
4510,593
4510,633
4510,1206
4510,1210
4510,1663
4510,1763
4510,1796
4510,1798
4510,1899
4510,1993
4510,2106
4510,2198
4510,2215
4510,2239
4510,2553
4510,2571
4510,3185
4510,3277
4510,3459
4510,3623
4510,3720
4510,3856
4510,3859
4510,4156
4510,4164
4510,4203
4510,4402
4510,4484
4510,4578
4510,4768
4510,5042
4510,5199
4510,5372
4510,5404
4510,5679
4510,5707
4510,5799
4510,5881
4510,5979
4510,6039
4510,6077
4510,6414
4510,6551
4510,6566
4510,6669
4510,6701
4510,6702
4510,6707
4510,6887
4510,7003
4510,7071
4510,7150
4510,7204
4510,7280
4510,7294
4510,7353
4510,7395
4510,7464
4510,7607
4511,61
4511,258
4511,593
4511,1105
4511,1415
4511,1492
4511,1663
4511,1798
4511,2198
4511,2239
4511,2979
4511,3185
4511,3277
4511,3359
4511,3532
4511,4184
4511,4376
4511,4384
4511,4422
4511,4522
4511,4578
4511,5316
4511,5404
4511,5415
4511,5707
4511,5816
4511,5881
4511,5979
4511,6664
4511,6702
4511,6890
4511,7247
4511,7395
4512,96
4512,730
4512,997
4512,1124
4512,1262
4512,1533
4512,1920
4512,2318
4512,2366
4512,2528
4512,2710
4512,2949
4512,3128
4512,3231
4512,3569
4512,3879
4512,4208
4512,4896
4512,4923
4512,5410
4512,5429
4512,5611
4512,6138
4512,6401
4512,7108
4512,7230
4512,7317
4513,1058
4513,4376
4513,5251
4513,5559
4514,593
4514,1561
4514,2198
4514,2239
4514,3152
4514,5404
4515,78
4515,427
4515,459
4515,647
4515,1332
4515,1694
4515,1781
4515,1937
4515,2022
4515,2139
4515,2369
4515,2842
4515,3288
4515,3350
4515,3416
4515,4052
4515,4099
4515,4175
4515,4425
4515,4721
4515,4911
4515,4965
4515,4981
4515,5005
4515,5113
4515,5242
4515,5252
4515,5319
4515,5416
4515,5426
4515,5431
4515,5565
4515,5607
4515,5681
4515,5871
4515,6018
4515,6132
4515,6220
4515,6239
4515,6559
4515,6734
4515,6865
4515,6918
4515,7249
4515,7431
4515,7484
4515,7645
4516,230
4516,902
4516,932
4516,1119
4516,1841
4516,2720
4516,4237
4516,5027
4516,6480
4517,3532
4518,807
4518,1029
4518,1275
4518,1701
4518,1906
4518,1932
4518,1950
4518,2121
4518,2214
4518,2218
4518,2280
4518,2411
4518,2524
4518,2695
4518,3407
4518,3496
4518,4234
4518,4783
4518,4922
4518,5014
4518,5422
4518,5458
4518,5680
4518,6244
4518,6245
4518,6460
4518,6536
4518,6558
4518,7045
4518,7175
4518,7360
4519,495
4519,3223
4519,3246
4519,4054
4519,5144
4519,5179
4519,5378
4519,6118
4519,6522
4519,7054
4519,7240
4519,7330
4520,268
4520,280
4520,282
4520,361
4520,440
4520,805
4520,2025
4520,2077
4520,2252
4520,2613
4520,2619
4520,4135
4520,4628
4520,4646
4520,4664
4520,4793
4520,4810
4520,4906
4520,4922
4520,5394
4520,5633
4520,6304
4520,6433
4520,7132
4521,101
4521,195
4521,530
4521,941
4521,988
4521,1166
4521,1454
4521,1556
4521,1814
4521,1906
4521,2524
4521,2629
4521,3227
4521,3244
4521,4238
4521,4628
4521,4867
4521,4906
4521,5035
4521,5185
4521,5320
4521,5633
4521,6473
4521,6621
4521,6735
4521,7641
4522,27
4522,48
4522,61
4522,72
4522,77
4522,114
4522,211
4522,248
4522,258
4522,269
4522,319
4522,375
4522,411
4522,469
4522,590
4522,593
4522,639
4522,680
4522,714
4522,756
4522,774
4522,800
4522,811
4522,834
4522,875
4522,947
4522,1034
4522,1081
4522,1098
4522,1245
4522,1344
4522,1467
4522,1492
4522,1510
4522,1561
4522,1585
4522,1586
4522,1661
4522,1671
4522,1711
4522,1725
4522,1763
4522,1782
4522,1872
4522,2024
4522,2030
4522,2070
4522,2166
4522,2197
4522,2198
4522,2201
4522,2239
4522,2307
4522,2380
4522,2384
4522,2447
4522,2484
4522,2572
4522,2586
4522,2614
4522,2661
4522,2743
4522,2761
4522,2820
4522,2905
4522,2929
4522,3070
4522,3072
4522,3073
4522,3152
4522,3194
4522,3277
4522,3298
4522,3320
4522,3359
4522,3561
4522,3578
4522,3670
4522,3686
4522,3710
4522,3849
4522,3859
4522,3893
4522,3910
4522,3983
4522,3987
4522,4031
4522,4039
4522,4042
4522,4098
4522,4127
4522,4196
4522,4203
4522,4243
4522,4307
4522,4373
4522,4402
4522,4415
4522,4421
4522,4453
4522,4511
4522,4565
4522,4591
4522,4682
4522,4731
4522,4771
4522,4778
4522,4822
4522,4870
4522,5007
4522,5008
4522,5029
4522,5199
4522,5214
4522,5247
4522,5289
4522,5372
4522,5376
4522,5398
4522,5469
4522,5474
4522,5530
4522,5543
4522,5585
4522,5608
4522,5614
4522,5674
4522,5734
4522,5772
4522,5797
4522,5864
4522,5903
4522,6028
4522,6069
4522,6077
4522,6210
4522,6309
4522,6345
4522,6381
4522,6397
4522,6403
4522,6490
4522,6526
4522,6527
4522,6545
4522,6582
4522,6604
4522,6614
4522,6664
4522,6692
4522,6702
4522,6761
4522,6854
4522,6887
4522,7059
4522,7072
4522,7097
4522,7247
4522,7293
4522,7295
4522,7298
4522,7339
4522,7357
4522,7395
4522,7524
4522,7548
4522,7551
4522,7610
4523,73
4523,551
4523,611
4523,1958
4523,2839
4523,3330
4523,3359
4523,3532
4523,4097
4523,4384
4523,4952
4523,5420
4523,5650
4523,6001
4523,6551
4523,7269
4523,7296
4523,7330
4524,147
4524,444
4524,481
4524,561
4524,688
4524,837
4524,901
4524,1086
4524,1223
4524,1622
4524,1646
4524,1683
4524,2137
4524,2499
4524,2853
4524,3180
4524,3411
4524,3449
4524,3452
4524,3733
4524,4179
4524,4191
4524,4244
4524,4411
4524,4423
4524,4485
4524,4498
4524,4663
4524,5345
4524,5357
4524,5737
4524,5974
4524,6106
4524,6311
4524,6488
4524,6508
4524,6924
4524,7024
4524,7383
4524,7489
4524,7598
4525,260
4525,304
4525,1058
4525,1284
4525,1453
4525,1521
4525,1665
4525,1668
4525,2170
4525,2198
4525,2370
4525,2772
4525,3049
4525,3183
4525,3506
4525,3538
4525,3748
4525,3758
4525,4067
4525,4376
4525,4384
4525,4806
4525,4952
4525,4983
4525,5404
4525,5641
4525,5722
4525,5881
4525,5976
4525,6047
4525,6551
4525,6618
4525,6909
4525,6952
4525,7044
4525,7147
4525,7369
4525,7464
4526,593
4526,1899
4526,6597
4526,6702
4527,45
4527,704
4527,1276
4527,3281
4527,4305
4527,6223
4527,7245
4527,7538
4528,593
4528,2198
4528,3510
4528,4376
4528,6909
4529,1409
4529,3643
4529,4062
4529,4186
4529,4376
4529,4384
4529,5801
4529,6096
4529,7296
4530,1061
4530,2877
4530,3431
4530,3569
4530,4599
4530,4647
4530,5911
4530,7460
4531,61
4531,89
4531,269
4531,593
4531,710
4531,732
4531,774
4531,906
4531,1738
4531,1744
4531,1796
4531,1899
4531,1993
4531,2198
4531,2239
4531,2380
4531,2541
4531,2600
4531,3008
4531,3051
4531,3623
4531,3698
4531,4641
4531,4669
4531,4688
4531,4870
4531,5139
4531,5404
4531,5799
4531,5881
4531,5903
4531,5979
4531,6183
4531,6188
4531,6414
4531,6678
4531,6702
4531,6807
4531,7021
4531,7247
4531,7395
4531,7477
4532,829
4532,864
4532,1188
4532,1891
4532,2355
4532,2834
4532,2863
4532,2879
4532,3031
4532,3407
4532,4094
4532,5771
4532,5912
4532,6058
4532,7084
4533,30
4533,67
4533,150
4533,200
4533,373
4533,650
4533,872
4533,1107
4533,1534
4533,1560
4533,1773
4533,1964
4533,2034
4533,2136
4533,2646
4533,2662
4533,2833
4533,2875
4533,3186
4533,3267
4533,4328
4533,4346
4533,4501
4533,4665
4533,4698
4533,5026
4533,5358
4533,5466
4533,5918
4533,6504
4533,6817
4533,6821
4533,6845
4533,6991
4533,7224
4533,7281
4534,177
4534,581
4534,932
4534,1400
4534,1675
4534,1728
4534,2151
4534,2204
4534,2528
4534,3201
4534,3361
4534,3412
4534,3423
4534,3431
4534,4237
4534,4399
4534,5124
4534,5131
4534,5279
4534,6138
4534,7460
4534,7500
4534,7544
4535,85
4535,132
4535,260
4535,391
4535,593
4535,789
4535,1058
4535,1232
4535,1268
4535,1284
4535,1293
4535,1357
4535,1368
4535,1415
4535,1453
4535,1723
4535,2013
4535,2033
4535,2039
4535,2129
4535,2145
4535,2198
4535,2239
4535,2370
4535,2571
4535,3070
4535,3183
4535,3226
4535,3459
4535,3538
4535,3748
4535,4164
4535,4376
4535,4384
4535,4556
4535,4700
4535,4806
4535,4952
4535,5132
4535,5222
4535,5278
4535,5281
4535,5296
4535,5404
4535,5626
4535,5707
4535,5740
4535,5756
4535,5816
4535,5937
4535,6098
4535,6313
4535,6551
4535,6702
4535,6707
4535,6847
4535,6933
4535,7280
4535,7289
4535,7296
4535,7369
4535,7535
4535,7568
4535,7572
4535,7582
4535,7607
4536,1415
4536,2573
4536,3189
4536,4071
4536,4090
4536,4827
4536,5404
4536,5415
4536,5881
4536,6702
4536,7003
4537,424
4538,183
4538,455
4538,482
4538,534
4538,593
4538,599
4538,632
4538,813
4538,906
4538,1097
4538,1513
4538,1538
4538,1663
4538,1727
4538,1744
4538,1792
4538,1796
4538,1805
4538,1899
4538,1942
4538,1993
4538,2198
4538,2262
4538,2340
4538,2553
4538,2575
4538,2637
4538,2649
4538,3008
4538,3051
4538,3092
4538,3138
4538,3274
4538,3648
4538,3704
4538,3720
4538,3721
4538,4023
4538,4074
4538,4176
4538,4578
4538,4590
4538,4658
4538,4669
4538,4774
4538,4934
4538,5201
4538,5234
4538,5241
4538,5328
4538,5359
4538,5365
4538,5488
4538,5538
4538,5637
4538,5734
4538,5744
4538,5853
4538,5979
4538,5982
4538,6082
4538,6183
4538,6335
4538,6361
4538,6414
4538,6484
4538,6597
4538,6673
4538,6678
4538,6702
4538,6736
4538,6754
4538,6849
4538,6907
4538,6978
4538,7003
4538,7103
4538,7203
4538,7215
4538,7337
4538,7352
4538,7428
4538,7464
4538,7477
4538,7577
4539,136
4539,517
4539,541
4539,928
4539,937
4539,972
4539,1221
4539,1272
4539,1504
4539,1630
4539,1685
4539,1751
4539,2099
4539,2389
4539,2603
4539,3090
4539,3217
4539,3272
4539,3401
4539,3528
4539,3558
4539,3575
4539,3815
4539,3820
4539,4034
4539,4441
4539,4666
4539,4728
4539,4751
4539,4758
4539,5306
4539,5588
4539,5825
4539,6519
4539,6520
4539,6648
4539,6666
4539,6679
4539,6913
4539,6997
4539,7043
4539,7124
4539,7272
4539,7366
4539,7566
4539,7630
4539,7648
4540,5051
4540,5980
4540,6730
4540,6807
4541,5
4541,41
4541,526
4541,809
4541,967
4541,1058
4541,1317
4541,1414
4541,1575
4541,1581
4541,1809
4541,1862
4541,2170
4541,2198
4541,2461
4541,2536
4541,2917
4541,3049
4541,3078
4541,3268
4541,3384
4541,3587
4541,3962
4541,3964
4541,4067
4541,4376
4541,4670
4541,4805
4541,5251
4541,5556
4541,6272
4541,6408
4541,6486
4541,6636
4541,6699
4541,6769
4541,6952
4541,7130
4541,7638
4542,1046
4542,1573
4542,5447
4542,7088
4543,754
4543,934
4543,1655
4543,4067
4543,4216
4543,4376
4543,5132
4543,6702
4543,6769
4543,6952
4543,6954
4543,7147
4543,7519
4544,379
4544,932
4544,1323
4544,1807
4544,1828
4544,2507
4544,3564
4544,3879
4545,2198
4545,2518
4546,183
4546,593
4546,1280
4546,1796
4546,1899
4546,1993
4546,2239
4546,2553
4546,2637
4546,3051
4546,4870
4546,5148
4546,5903
4546,6414
4546,6702
4546,7010
4546,7607
4547,68
4547,354
4547,396
4547,452
4547,547
4547,574
4547,594
4547,624
4547,792
4547,799
4547,929
4547,1147
4547,1201
4547,1208
4547,1265
4547,1462
4547,1542
4547,1837
4547,1968
4547,1971
4547,2029
4547,2276
4547,2278
4547,2403
4547,2578
4547,2580
4547,2696
4547,2846
4547,3055
4547,3110
4547,3254
4547,3286
4547,3402
4547,3522
4547,3943
4547,4036
4547,4119
4547,4444
4547,4481
4547,4977
4547,4998
4547,5021
4547,5112
4547,5149
4547,5196
4547,5233
4547,5590
4547,5712
4547,6158
4547,6697
4547,6833
4547,6883
4547,6943
4547,7002
4547,7301
4547,7533
4547,7625
4548,10
4548,275
4548,328
4548,787
4548,828
4548,1391
4548,1696
4548,1732
4548,1759
4548,1766
4548,1864
4548,1947
4548,1969
4548,1972
4548,2090
4548,2260
4548,2281
4548,2622
4548,3324
4548,3597
4548,4666
4548,4739
4548,4881
4548,5448
4548,5848
4548,5906
4548,5929
4548,6164
4548,6679
4548,6772
4548,7555
4549,246
4549,585
4549,707
4549,1453
4549,2314
4549,3370
4549,3521
4549,3557
4549,3650
4549,3698
4549,4320
4549,4362
4549,4376
4549,4384
4549,4725
4549,5301
4549,6618
4549,6954
4549,6967
4549,7153
4549,7191
4550,68
4550,281
4550,327
4550,348
4550,354
4550,452
4550,547
4550,792
4550,1147
4550,1154
4550,1201
4550,1265
4550,1542
4550,1557
4550,1602
4550,1837
4550,1968
4550,1971
4550,2203
4550,2278
4550,2580
4550,2642
4550,2696
4550,2841
4550,2846
4550,3286
4550,3301
4550,3402
4550,3522
4550,3917
4550,3943
4550,4036
4550,4119
4550,4481
4550,4568
4550,4927
4550,5021
4550,5055
4550,5149
4550,5196
4550,5353
4550,6158
4550,6267
4550,6455
4550,6782
4550,6833
4550,6863
4550,6883
4550,7083
4550,7148
4550,7301
4550,7533
4551,994
4551,1181
4551,1541
4551,1829
4551,2016
4551,2156
4551,2233
4551,2374
4551,2686
4551,3554
4551,3783
4551,4378
4551,4400
4551,4577
4551,4685
4551,4817
4551,5226
4551,6114
4551,6627
4551,6766
4551,7246
4553,593
4553,789
4553,1058
4553,1210
4553,1268
4553,1415
4553,1421
4553,1453
4553,1899
4553,1999
4553,2198
4553,2239
4553,2339
4553,2370
4553,2913
4553,3693
4553,3748
4553,3895
4553,4164
4553,4376
4553,4384
4553,4388
4553,4805
4553,4895
4553,4954
4553,5132
4553,5258
4553,5296
4553,5404
4553,5415
4553,5816
4553,5881
4553,6702
4553,7046
4553,7369
4553,7448
4553,7572
4554,328
4554,749
4554,828
4554,1630
4554,1759
4554,1849
4554,1864
4554,1969
4554,1983
4554,2114
4554,2132
4554,2260
4554,2281
4554,2474
4554,3597
4554,3840
4554,4300
4554,4666
4554,4819
4554,4883
4554,5245
4554,5848
4554,6212
4554,6257
4554,6502
4554,6679
4554,6842
4554,7144
4555,436
4555,535
4555,707
4555,769
4555,1239
4555,1359
4555,1657
4555,2000
4555,2068
4555,2303
4555,2390
4555,2613
4555,2741
4555,3329
4555,3351
4555,3557
4555,3573
4555,3847
4555,3911
4555,4049
4555,4118
4555,4308
4555,4314
4555,4362
4555,4482
4555,4507
4555,4725
4555,5604
4555,5839
4555,5971
4555,6198
4555,6328
4555,6575
4555,6719
4555,6868
4555,6946
4555,6967
4555,7039
4555,7153
4555,7191
4555,7375
4555,7441
4555,7548
4555,7579
4555,7591
4556,69
4556,103
4556,240
4556,260
4556,593
4556,762
4556,813
4556,836
4556,1058
4556,1113
4556,1368
4556,1370
4556,1415
4556,1453
4556,1521
4556,1545
4556,1621
4556,1634
4556,1712
4556,2039
4556,2106
4556,2143
4556,2198
4556,2239
4556,2370
4556,2377
4556,2571
4556,2703
4556,3183
4556,3226
4556,3408
4556,3538
4556,3693
4556,3748
4556,4164
4556,4190
4556,4376
4556,4384
4556,4535
4556,4768
4556,4806
4556,4952
4556,5015
4556,5132
4556,5222
4556,5296
4556,5404
4556,5626
4556,5641
4556,5707
4556,5816
4556,6098
4556,6551
4556,6673
4556,6702
4556,6707
4556,7071
4556,7170
4556,7280
4556,7464
4556,7582
4556,7607
4557,19
4557,581
4557,871
4557,932
4557,1146
4557,3236
4557,3915
4557,4237
4557,4351
4557,4399
4557,4414
4557,5030
4557,5094
4557,5131
4557,6199
4557,6623
4557,7530
4559,579
4559,2239
4559,3152
4559,5083
4559,7300
4560,195
4560,197
4560,941
4560,1068
4560,1166
4560,1515
4560,1936
4560,1989
4560,2077
4560,3145
4560,3227
4560,3244
4560,3676
4560,4019
4560,4051
4560,4875
4560,5172
4560,5185
4560,5337
4560,5666
4560,6433
4560,6813
4561,932
4561,6410
4562,111
4562,116
4562,495
4562,766
4562,1069
4562,1667
4562,1790
4562,1794
4562,1990
4562,2143
4562,2629
4562,3203
4562,3607
4562,3654
4562,3739
4562,3895
4562,4054
4562,4890
4562,4919
4562,5068
4562,5455
4562,6422
4562,6584
4562,6945
4562,6994
4562,7269
4563,2912
4564,425
4564,510
4564,578
4564,618
4564,619
4564,782
4564,992
4564,1509
4564,1529
4564,1858
4564,1917
4564,2012
4564,2073
4564,2395
4564,2398
4564,2444
4564,2449
4564,2468
4564,2491
4564,2548
4564,2786
4564,2843
4564,3180
4564,3211
4564,3255
4564,3393
4564,3399
4564,3411
4564,3452
4564,3504
4564,4151
4564,4252
4564,4353
4564,4423
4564,4478
4564,4491
4564,4494
4564,4585
4564,4681
4564,4703
4564,4708
4564,4711
4564,4761
4564,4884
4564,5016
4564,5072
4564,5228
4564,5270
4564,5357
4564,5405
4564,5489
4564,5573
4564,5718
4564,5737
4564,5751
4564,5896
4564,5972
4564,5974
4564,6168
4564,7324
4564,7444
4564,7531
4564,7598
4565,48
4565,92
4565,211
4565,269
4565,304
4565,411
4565,593
4565,1098
4565,1585
4565,1586
4565,1663
4565,1725
4565,1782
4565,1872
4565,2062
4565,2239
4565,2572
4565,2820
4565,3194
4565,3359
4565,3561
4565,3578
4565,4522
4565,4569
4565,4731
4565,4822
4565,5289
4565,5364
4565,5474
4565,5864
4565,6210
4565,6403
4565,6702
4565,6761
4565,7035
4565,7247
4565,7298
4565,7357
4565,7395
4566,516
4566,537
4566,767
4566,926
4566,1391
4566,1696
4566,1732
4566,1759
4566,1969
4566,2099
4566,2250
4566,2281
4566,2387
4566,2775
4566,2849
4566,3090
4566,3116
4566,3523
4566,4281
4566,4583
4566,4666
4566,4949
4566,5028
4566,5164
4566,5465
4566,5497
4566,6046
4566,6383
4566,6465
4566,6552
4566,6842
4566,7014
4566,7118
4566,7348
4566,7407
4567,2064
4567,2382
4567,3741
4567,3903
4567,4125
4567,4280
4567,4673
4567,4726
4567,5587
4567,5876
4567,6653
4567,7504
4568,281
4568,304
4568,327
4568,348
4568,354
4568,452
4568,1147
4568,1168
4568,1201
4568,1300
4568,1557
4568,1576
4568,1602
4568,1837
4568,1968
4568,2203
4568,2278
4568,2580
4568,2688
4568,2858
4568,2936
4568,3110
4568,3301
4568,3402
4568,3522
4568,3917
4568,3943
4568,4119
4568,4481
4568,4550
4568,4749
4568,4788
4568,4977
4568,4998
4568,5021
4568,5055
4568,5196
4568,5233
4568,5353
4568,6158
4568,6267
4568,6292
4568,6375
4568,6455
4568,6638
4568,6659
4568,6697
4568,6710
4568,6782
4568,6833
4568,6863
4568,7028
4568,7083
4568,7148
4568,7156
4568,7533
4568,7571
4568,7625
4569,40
4569,143
4569,161
4569,211
4569,456
4569,629
4569,1064
4569,1185
4569,1228
4569,1245
4569,2062
4569,2145
4569,2211
4569,2415
4569,2586
4569,2626
4569,2795
4569,3011
4569,3339
4569,3578
4569,3990
4569,4006
4569,4029
4569,4098
4569,4154
4569,4294
4569,4301
4569,4373
4569,4565
4569,4735
4569,4940
4569,5022
4569,5216
4569,5368
4569,5993
4569,6159
4569,6210
4569,6301
4569,6369
4569,6379
4569,6901
4569,7032
4569,7298
4569,7330
4570,69
4570,91
4570,260
4570,304
4570,552
4570,593
4570,810
4570,1058
4570,1206
4570,1210
4570,1268
4570,1293
4570,1357
4570,1414
4570,1415
4570,1453
4570,1521
4570,1854
4570,1908
4570,1959
4570,2060
4570,2129
4570,2198
4570,2239
4570,2370
4570,2586
4570,2587
4570,2618
4570,2772
4570,2782
4570,2848
4570,3050
4570,3061
4570,3160
4570,3177
4570,3203
4570,3245
4570,3311
4570,3370
4570,3384
4570,3469
4570,3648
4570,3748
4570,3758
4570,4113
4570,4156
4570,4164
4570,4376
4570,4384
4570,4466
4570,4595
4570,4805
4570,4806
4570,5082
4570,5132
4570,5251
4570,5404
4570,5415
4570,5641
4570,5649
4570,5707
4570,5732
4570,5816
4570,5855
4570,5881
4570,5888
4570,6047
4570,6082
4570,6354
4570,6551
4570,6673
4570,6701
4570,6702
4570,6848
4570,6877
4570,6952
4570,6961
4570,6978
4570,7003
4570,7071
4570,7277
4570,7296
4570,7369
4570,7464
4570,7572
4570,7573
4570,7582
4571,73
4571,2897
4571,3004
4571,3240
4571,3635
4571,3731
4571,3937
4571,4084
4571,4282
4571,4368
4571,5765
4571,6123
4571,7479
4571,7588
4573,109
4573,276
4573,446
4573,489
4573,552
4573,669
4573,678
4573,707
4573,835
4573,934
4573,971
4573,1063
4573,1210
4573,1254
4573,1357
4573,1571
4573,1718
4573,1730
4573,1744
4573,1790
4573,1797
4573,2005
4573,2104
4573,2175
4573,2198
4573,2239
4573,2253
4573,2431
4573,2432
4573,2440
4573,2471
4573,2513
4573,2558
4573,2559
4573,2637
4573,2644
4573,2645
4573,2650
4573,2798
4573,2857
4573,3049
4573,3050
4573,3115
4573,3152
4573,3160
4573,3279
4573,3331
4573,3381
4573,3433
4573,3521
4573,3527
4573,3542
4573,3578
4573,3697
4573,3704
4573,3721
4573,3748
4573,4120
4573,4160
4573,4273
4573,4376
4573,4592
4573,4595
4573,4670
4573,4679
4573,4691
4573,4805
4573,5037
4573,5068
4573,5070
4573,5108
4573,5155
4573,5231
4573,5234
4573,5312
4573,5332
4573,5404
4573,5415
4573,5559
4573,5593
4573,5667
4573,5881
4573,5937
4573,5982
4573,6354
4573,6361
4573,6409
4573,6512
4573,6702
4573,6723
4573,6847
4573,6945
4573,7003
4573,7105
4573,7116
4573,7215
4573,7266
4573,7312
4573,7337
4573,7467
4573,7520
4574,492
4574,2293
4574,3244
4574,3454
4574,4988
4574,5185
4574,6294
4575,842
4575,3652
4575,4052
4575,6218
4575,6858
4575,7515
4576,358
4576,1518
4576,3618
4576,3697
4576,4805
4576,5155
4576,5234
4576,7560
4577,88
4577,100
4577,146
4577,395
4577,638
4577,752
4577,761
4577,1143
4577,1362
4577,1618
4577,1853
4577,1987
4577,2265
4577,2274
4577,2374
4577,2430
4577,2543
4577,3005
4577,3554
4577,3635
4577,3778
4577,3783
4577,3907
4577,4084
4577,4189
4577,4378
4577,4400
4577,4454
4577,4551
4577,4617
4577,4687
4577,4817
4577,5199
4577,5248
4577,5778
4577,6048
4577,6165
4577,6258
4577,6378
4577,6536
4577,6729
4577,6766
4577,6896
4577,7304
4577,7391
4578,77
4578,89
4578,124
4578,169
4578,170
4578,201
4578,233
4578,243
4578,258
4578,260
4578,267
4578,272
4578,294
4578,304
4578,345
4578,346
4578,359
4578,366
4578,369
4578,375
4578,392
4578,431
4578,482
4578,534
4578,562
4578,593
4578,633
4578,638
4578,693
4578,732
4578,774
4578,800
4578,841
4578,906
4578,924
4578,945
4578,951
4578,1018
4578,1081
4578,1170
4578,1178
4578,1210
4578,1350
4578,1368
4578,1415
4578,1447
4578,1456
4578,1513
4578,1517
4578,1545
4578,1639
4578,1663
4578,1668
4578,1684
4578,1690
4578,1723
4578,1727
4578,1738
4578,1744
4578,1747
4578,1796
4578,1798
4578,1805
4578,1874
4578,1883
4578,1899
4578,1907
4578,1942
4578,1970
4578,1993
4578,2030
4578,2106
4578,2197
4578,2198
4578,2229
4578,2239
4578,2307
4578,2340
4578,2380
4578,2406
4578,2432
4578,2521
4578,2540
4578,2541
4578,2571
4578,2573
4578,2657
4578,2661
4578,2689
4578,2744
4578,2888
4578,2931
4578,2981
4578,3008
4578,3039
4578,3051
4578,3081
4578,3209
4578,3225
4578,3234
4578,3235
4578,3261
4578,3297
4578,3347
4578,3353
4578,3362
4578,3377
4578,3403
4578,3446
4578,3547
4578,3623
4578,3646
4578,3648
4578,3683
4578,3856
4578,3859
4578,3897
4578,3926
4578,3958
4578,4012
4578,4023
4578,4039
4578,4074
4578,4127
4578,4157
4578,4161
4578,4164
4578,4176
4578,4184
4578,4188
4578,4203
4578,4210
4578,4241
4578,4243
4578,4253
4578,4290
4578,4350
4578,4355
4578,4376
4578,4384
4578,4402
4578,4408
4578,4415
4578,4453
4578,4463
4578,4484
4578,4510
4578,4511
4578,4538
4578,4579
4578,4594
4578,4608
4578,4638
4578,4642
4578,4658
4578,4688
4578,4734
4578,4782
4578,4801
4578,4805
4578,4870
4578,4928
4578,4934
4578,4946
4578,5022
4578,5037
4578,5039
4578,5042
4578,5139
4578,5160
4578,5214
4578,5223
4578,5241
4578,5278
4578,5296
4578,5328
4578,5330
4578,5359
4578,5365
4578,5372
4578,5381
4578,5404
4578,5415
4578,5493
4578,5495
4578,5518
4578,5626
4578,5637
4578,5669
4578,5782
4578,5797
4578,5799
4578,5816
4578,5881
4578,5903
4578,5966
4578,5976
4578,5979
4578,6024
4578,6066
4578,6075
4578,6077
4578,6082
4578,6135
4578,6156
4578,6183
4578,6188
4578,6208
4578,6315
4578,6322
4578,6330
4578,6354
4578,6397
4578,6407
4578,6414
4578,6475
4578,6505
4578,6507
4578,6551
4578,6582
4578,6634
4578,6669
4578,6673
4578,6678
4578,6692
4578,6702
4578,6706
4578,6707
4578,6787
4578,6830
4578,6847
4578,6848
4578,6849
4578,6850
4578,6887
4578,6892
4578,6906
4578,6907
4578,6968
4578,6978
4578,7003
4578,7008
4578,7010
4578,7021
4578,7036
4578,7044
4578,7071
4578,7097
4578,7103
4578,7105
4578,7114
4578,7139
4578,7166
4578,7170
4578,7181
4578,7203
4578,7247
4578,7294
4578,7337
4578,7349
4578,7353
4578,7410
4578,7428
4578,7464
4578,7511
4578,7520
4578,7535
4578,7536
4578,7537
4578,7577
4578,7597
4578,7607
4578,7610
4578,7617
4579,89
4579,1058
4579,1210
4579,1357
4579,1472
4579,2198
4579,2239
4579,3049
4579,3277
4579,3578
4579,3713
4579,3748
4579,4376
4579,4578
4579,4805
4579,5404
4579,6327
4579,6551
4579,6909
4580,1058
4580,2170
4580,2198
4580,2239
4580,3152
4580,3334
4580,3510
4580,3578
4580,3748
4580,4164
4580,4376
4580,5132
4580,5234
4580,5251
4580,5404
4580,5881
4580,6140
4580,6702
4580,7277
4580,7481
4581,1363
4581,1410
4581,6377
4581,6425
4582,21
4582,193
4582,734
4582,941
4582,1035
4582,1068
4582,1320
4582,1879
4582,2379
4582,3107
4582,3227
4582,3437
4582,3766
4582,4000
4582,4646
4582,4906
4582,4961
4582,5260
4582,5454
4582,5563
4582,6169
4583,463
4583,516
4583,661
4583,937
4583,1630
4583,1851
4583,1969
4583,2037
4583,2260
4583,2281
4583,2387
4583,2557
4583,3090
4583,3167
4583,3528
4583,4566
4583,4614
4583,4666
4583,5448
4583,5588
4583,5668
4583,6046
4583,6124
4583,6679
4583,7075
4583,7255
4583,7566
4583,7630
4584,49
4584,71
4584,212
4584,283
4584,382
4584,538
4584,584
4584,587
4584,683
4584,728
4584,921
4584,1189
4584,1287
4584,1493
4584,1521
4584,1549
4584,1615
4584,1624
4584,1739
4584,1810
4584,1922
4584,2186
4584,2215
4584,2299
4584,2525
4584,2529
4584,2579
4584,2673
4584,2703
4584,2903
4584,2945
4584,3062
4584,3083
4584,3125
4584,3190
4584,3209
4584,3246
4584,3503
4584,3506
4584,3510
4584,3539
4584,3559
4584,3702
4584,3751
4584,3762
4584,4062
4584,4067
4584,4153
4584,4427
4584,4707
4584,4811
4584,4893
4584,4917
4584,5010
4584,5120
4584,5218
4584,5464
4584,5722
4584,5798
4584,5851
4584,6001
4584,6026
4584,6059
4584,6063
4584,6118
4584,6395
4584,6412
4584,6427
4584,6565
4584,6677
4584,6699
4584,6713
4584,6909
4584,6951
4584,7006
4584,7131
4584,7197
4584,7240
4584,7322
4584,7422
4584,7480
4584,7569
4585,147
4585,481
4585,561
4585,618
4585,901
4585,1223
4585,1466
4585,1509
4585,2073
4585,2449
4585,2491
4585,2499
4585,2786
4585,2983
4585,3452
4585,3733
4585,4244
4585,4411
4585,4485
4585,4494
4585,4564
4585,4663
4585,4884
4585,5072
4585,5972
4585,5974
4585,6083
4585,6222
4585,6488
4585,6609
4585,6625
4585,7383
4585,7598
4586,89
4586,258
4586,269
4586,593
4586,1744
4586,1899
4586,2832
4586,3152
4586,3578
4586,4127
4586,5050
4586,5881
4586,6414
4586,6702
4586,6921
4586,7247
4587,21
4587,195
4587,241
4587,347
4587,545
4587,588
4587,827
4587,941
4587,1049
4587,1051
4587,1288
4587,1331
4587,1419
4587,1536
4587,1556
4587,1989
4587,2051
4587,2453
4587,2496
4587,2539
4587,3205
4587,3248
4587,3396
4587,4405
4587,4875
4587,4907
4587,5059
4587,5238
4587,5684
4587,5746
4587,5838
4587,6429
4587,7026
4587,7386
4587,7620
4588,24
4588,89
4588,360
4588,366
4588,593
4588,710
4588,732
4588,906
4588,1663
4588,1744
4588,1746
4588,1796
4588,2198
4588,2541
4588,2689
4588,3008
4588,3051
4588,3353
4588,3439
4588,3704
4588,3720
4588,4164
4588,4176
4588,4641
4588,5006
4588,5050
4588,5734
4588,5903
4588,6414
4588,6526
4588,6678
4588,6702
4588,7247
4588,7477
4589,2239
4589,4203
4590,183
4590,267
4590,290
4590,369
4590,534
4590,593
4590,622
4590,963
4590,1018
4590,1152
4590,1538
4590,1663
4590,1744
4590,1796
4590,1798
4590,1805
4590,1899
4590,1942
4590,2198
4590,2553
4590,3051
4590,3185
4590,3188
4590,3274
4590,3648
4590,3704
4590,3720
4590,4023
4590,4067
4590,4538
4590,4641
4590,4774
4590,5241
4590,5359
4590,5488
4590,5584
4590,5744
4590,5979
4590,6361
4590,6414
4590,6669
4590,6673
4590,6702
4590,6849
4590,6961
4590,6978
4590,7010
4590,7103
4590,7215
4590,7280
4590,7464
4590,7477
4590,7607
4591,593
4591,800
4591,868
4591,1467
4591,2198
4591,4127
4591,4522
4591,6678
4591,6702
4592,672
4592,1026
4592,1058
4592,1062
4592,1280
4592,1481
4592,1730
4592,1862
4592,1875
4592,1990
4592,2104
4592,2253
4592,2267
4592,2287
4592,2440
4592,2513
4592,2558
4592,2587
4592,2704
4592,2935
4592,3049
4592,3115
4592,3384
4592,3545
4592,3817
4592,4160
4592,4371
4592,4376
4592,4573
4592,4670
4592,4805
4592,5037
4592,5112
4592,5251
4592,5556
4592,5559
4592,5629
4592,6592
4592,7003
4592,7116
4593,3964
4593,4067
4593,5234
4593,5556
4593,6012
4593,7047
4593,7077
4593,7130
4594,278
4594,593
4594,1249
4594,1663
4594,1684
4594,1738
4594,1744
4594,1993
4594,2096
4594,2239
4594,2406
4594,2432
4594,3049
4594,3051
4594,3184
4594,3478
4594,3555
4594,3704
4594,3720
4594,3721
4594,4024
4594,4453
4594,4578
4594,4641
4594,4670
4594,4805
4594,5799
4594,5937
4594,6414
4594,6475
4594,6551
4594,6702
4594,6847
4594,6887
4594,7003
4594,7044
4594,7215
4594,7266
4594,7477
4594,7607
4595,42
4595,85
4595,260
4595,874
4595,973
4595,1058
4595,1178
4595,1210
4595,1357
4595,1415
4595,1876
4595,1959
4595,2198
4595,2239
4595,2253
4595,2339
4595,2370
4595,2440
4595,2587
4595,2958
4595,3049
4595,3311
4595,3469
4595,3748
4595,3895
4595,4090
4595,4160
4595,4164
4595,4184
4595,4376
4595,4384
4595,4570
4595,4573
4595,4805
4595,4806
4595,5070
4595,5132
4595,5234
4595,5404
4595,5559
4595,5707
4595,5881
4595,6140
4595,6702
4595,6723
4595,7003
4595,7116
4595,7147
4595,7219
4595,7464
4595,7572
4596,526
4596,628
4596,748
4596,936
4596,1521
4596,2111
4596,2172
4596,3296
4596,3513
4596,3920
4596,4067
4596,4605
4596,4917
4596,5174
4596,5775
4596,6909
4597,140
4597,368
4597,979
4597,1200
4597,1384
4597,1398
4597,1451
4597,1547
4597,1719
4597,1848
4597,2167
4597,2178
4597,2351
4597,2429
4597,2459
4597,2501
4597,3200
4597,3535
4597,3639
4597,3679
4597,3694
4597,3696
4597,3863
4597,3921
4597,3971
4597,4018
4597,4134
4597,4374
4597,4652
4597,4815
4597,4929
4597,4996
4597,5516
4597,5579
4597,5670
4597,5776
4597,5900
4597,6167
4597,6248
4597,6317
4597,6326
4597,6742
4597,6809
4597,6820
4597,6862
4597,6977
4597,7199
4597,7326
4597,7358
4597,7439
4598,491
4598,645
4598,1564
4598,2054
4598,2180
4598,2250
4598,3843
4598,4363
4598,4631
4598,5426
4598,6127
4598,6763
4598,7378
4599,219
4599,315
4599,581
4599,620
4599,932
4599,968
4599,1737
4599,1772
4599,1920
4599,2064
4599,2079
4599,2133
4599,3231
4599,3366
4599,3494
4599,3569
4599,3747
4599,3879
4599,3924
4599,4143
4599,4208
4599,4237
4599,4530
4599,4925
4599,4980
4599,5877
4599,6130
4599,6199
4599,6347
4599,6550
4599,6635
4599,6948
4599,7460
4599,7565
4600,491
4600,2054
4600,2504
4600,6127
4600,6255
4601,756
4601,835
4601,3295
4601,5634
4601,5664
4602,990
4602,1660
4602,3567
4602,4009
4602,4376
4602,5435
4602,6675
4602,7546
4603,412
4603,570
4603,749
4603,787
4603,806
4603,882
4603,1243
4603,1531
4603,1648
4603,1969
4603,2090
4603,2134
4603,2250
4603,2260
4603,2324
4603,2622
4603,3091
4603,3371
4603,3529
4603,3805
4603,4236
4603,4412
4603,4467
4603,4666
4603,4960
4603,5257
4603,5602
4603,5691
4603,6143
4603,6250
4603,7073
4603,7086
4604,481
4604,744
4604,837
4604,2827
4604,3180
4604,4663
4604,5974
4604,6488
4604,6567
4605,5
4605,71
4605,638
4605,747
4605,761
4605,1335
4605,2430
4605,2522
4605,2897
4605,3351
4605,3566
4605,3635
4605,3731
4605,3937
4605,4368
4605,4378
4605,4454
4605,4596
4605,4687
4605,6123
4605,6165
4605,6258
4605,6610
4605,6651
4605,7479
4606,2450
4606,7330
4607,147
4607,481
4607,744
4607,812
4607,837
4607,1086
4607,1223
4607,1477
4607,1622
4607,1889
4607,2499
4607,3180
4607,3211
4607,3255
4607,3449
4607,3733
4607,3904
4607,4191
4607,4244
4607,4411
4607,4475
4607,4485
4607,4498
4607,4663
4607,5784
4607,5974
4607,6106
4607,6192
4607,6311
4607,6488
4607,6625
4607,7383
4607,7489
4608,42
4608,235
4608,260
4608,369
4608,415
4608,527
4608,593
4608,726
4608,731
4608,774
4608,869
4608,951
4608,1058
4608,1067
4608,1097
4608,1113
4608,1178
4608,1254
4608,1268
4608,1370
4608,1415
4608,1453
4608,1545
4608,1665
4608,1708
4608,1723
4608,1798
4608,1959
4608,2039
4608,2106
4608,2115
4608,2129
4608,2198
4608,2239
4608,2339
4608,2370
4608,2571
4608,2573
4608,2600
4608,2755
4608,2782
4608,2881
4608,2981
4608,2991
4608,3074
4608,3105
4608,3177
4608,3183
4608,3185
4608,3225
4608,3234
4608,3362
4608,3459
4608,3692
4608,3693
4608,3748
4608,3895
4608,4023
4608,4071
4608,4080
4608,4155
4608,4157
4608,4376
4608,4384
4608,4388
4608,4578
4608,4616
4608,4642
4608,4787
4608,4805
4608,4806
4608,5058
4608,5132
4608,5194
4608,5195
4608,5251
4608,5258
4608,5404
4608,5468
4608,5612
4608,5641
4608,5707
4608,5740
4608,5816
4608,5881
4608,5937
4608,5961
4608,6066
4608,6242
4608,6400
4608,6492
4608,6551
4608,6702
4608,6877
4608,6952
4608,7003
4608,7010
4608,7071
4608,7085
4608,7091
4608,7147
4608,7280
4608,7464
4608,7487
4608,7520
4608,7572
4608,7582
4608,7597
4608,7607
4609,352
4609,526
4609,777
4609,1291
4609,2026
4609,3443
4609,3457
4609,3510
4609,3896
4609,4069
4609,4273
4609,5115
4609,6512
4609,6715
4609,6909
4609,7608
4610,709
4610,884
4610,932
4610,1065
4610,1593
4610,1791
4610,1903
4610,2064
4610,3494
4610,4149
4610,4925
4610,4943
4610,6094
4610,6130
4610,6635
4610,7460
4611,249
4611,355
4611,819
4611,1149
4611,1740
4611,1807
4611,2168
4611,2318
4611,2329
4611,2534
4611,2874
4611,3135
4611,3431
4611,4202
4611,4322
4611,4647
4611,5128
4611,5803
4611,5911
4611,6144
4611,7108
4611,7449
4611,7472
4611,7509
4612,1488
4612,2284
4612,3741
4612,3924
4612,4008
4612,4143
4612,4726
4612,5613
4612,5876
4612,7565
4613,83
4613,131
4613,144
4613,886
4613,1124
4613,1410
4613,1533
4613,2788
4613,3128
4613,3231
4613,4221
4613,5011
4613,5277
4613,5421
4613,7011
4613,7133
4613,7342
4614,189
4614,275
4614,316
4614,328
4614,463
4614,516
4614,801
4614,828
4614,909
4614,928
4614,1038
4614,1391
4614,1630
4614,1696
4614,1759
4614,1766
4614,1849
4614,1969
4614,1983
4614,2090
4614,2103
4614,2114
4614,2260
4614,2281
4614,2387
4614,2603
4614,2622
4614,2768
4614,3090
4614,3272
4614,3305
4614,3324
4614,3597
4614,3663
4614,3840
4614,4142
4614,4281
4614,4583
4614,4739
4614,4759
4614,5448
4614,5555
4614,5828
4614,6046
4614,6212
4614,6534
4614,6793
4614,7061
4614,7255
4615,256
4615,709
4615,884
4615,932
4615,1791
4615,1903
4615,2064
4615,2251
4615,2292
4615,3030
4615,3845
4615,4237
4615,4379
4615,4925
4615,4943
4615,5515
4615,5697
4615,5877
4615,6002
4615,6130
4615,6221
4615,6404
4615,6550
4615,6561
4615,6635
4615,6806
4615,6870
4615,7275
4615,7460
4616,14
4616,85
4616,260
4616,304
4616,369
4616,431
4616,593
4616,780
4616,869
4616,951
4616,1058
4616,1113
4616,1254
4616,1268
4616,1453
4616,1624
4616,1668
4616,1798
4616,1862
4616,1880
4616,1918
4616,1965
4616,2048
4616,2106
4616,2120
4616,2129
4616,2370
4616,2571
4616,2618
4616,2711
4616,2855
4616,3408
4616,3459
4616,3493
4616,3693
4616,3748
4616,4167
4616,4376
4616,4384
4616,4608
4616,4787
4616,4806
4616,4952
4616,5194
4616,5296
4616,5404
4616,5707
4616,5808
4616,5816
4616,6100
4616,6492
4616,6551
4616,6702
4616,6707
4616,6760
4616,6906
4616,7071
4616,7269
4616,7289
4616,7464
4616,7487
4616,7535
4616,7568
4616,7582
4617,430
4617,829
4617,892
4617,1979
4617,2016
4617,2529
4617,2570
4617,2863
4617,2893
4617,3492
4617,3809
4617,4094
4617,4577
4617,4817
4617,4862
4617,4890
4617,4913
4617,5574
4617,5796
4617,5912
4617,5944
4617,6724
4617,6744
4617,7057
4617,7125
4618,54
4618,1021
4618,1303
4618,1449
4618,1675
4618,1728
4618,2528
4618,3201
4618,3361
4618,3412
4618,4399
4618,5279
4618,7208
4618,7405
4618,7460
4618,7500
4618,7544
4619,316
4619,442
4619,517
4619,1016
4619,1504
4619,1630
4619,1672
4619,1696
4619,1766
4619,1849
4619,1969
4619,1983
4619,2019
4619,2114
4619,2260
4619,2281
4619,2327
4619,2357
4619,2622
4619,2717
4619,2775
4619,3090
4619,3099
4619,3116
4619,3291
4619,3523
4619,3840
4619,4300
4619,4666
4619,4739
4619,5529
4619,5588
4619,5692
4619,6164
4619,6502
4619,6679
4619,7060
4619,7255
4619,7348
4619,7566
4620,4149
4620,4340
4620,7343
4621,30
4621,613
4621,621
4621,631
4621,1132
4621,1181
4621,1239
4621,1362
4621,1832
4621,1870
4621,1934
4621,2162
4621,2254
4621,2613
4621,3233
4621,3767
4621,3842
4621,3995
4621,4118
4621,4121
4621,4308
4621,4507
4621,4824
4621,5014
4621,5284
4621,5374
4621,5527
4621,6041
4621,6274
4621,7200
4621,7587
4622,357
4622,1284
4622,1854
4622,2595
4622,3796
4622,4067
4622,5132
4622,5143
4622,5212
4623,7
4623,935
4623,1053
4623,1306
4623,1852
4623,2321
4623,3057
4623,4133
4623,5977
4623,6380
4623,6525
4623,6650
4624,2988
4624,5063
4624,6408
4625,1440
4625,1936
4625,2458
4625,3175
4625,3244
4625,3429
4625,3437
4625,3735
4625,4209
4625,4445
4625,4646
4625,5548
4625,5720
4625,6433
4625,7450
4625,7620
4626,106
4626,474
4626,680
4626,881
4626,2239
4626,3532
4626,4991
4626,5188
4626,5404
4626,5997
4626,6594
4626,6878
4626,7032
4626,7330
4626,7510
4627,354
4627,452
4627,743
4627,929
4627,1576
4627,2278
4627,3344
4627,4119
4627,4859
4627,5702
4627,6136
4627,6292
4628,43
4628,45
4628,160
4628,202
4628,384
4628,402
4628,549
4628,676
4628,704
4628,918
4628,1012
4628,1048
4628,1109
4628,1175
4628,1248
4628,1295
4628,1320
4628,1480
4628,1500
4628,1535
4628,1952
4628,1955
4628,2014
4628,2078
4628,2165
4628,2236
4628,2477
4628,2512
4628,2706
4628,2749
4628,2799
4628,2872
4628,3159
4628,3168
4628,3205
4628,3281
4628,3645
4628,3662
4628,3792
4628,3814
4628,3819
4628,3869
4628,4239
4628,4428
4628,4455
4628,4520
4628,4521
4628,4671
4628,4705
4628,4867
4628,5074
4628,5331
4628,5400
4628,5423
4628,5430
4628,5527
4628,5539
4628,5616
4628,5617
4628,5638
4628,5838
4628,5887
4628,6117
4628,6177
4628,6260
4628,6318
4628,6349
4628,6429
4628,6433
4628,6436
4628,6473
4628,6493
4628,6501
4628,6957
4628,6994
4628,7112
4628,7160
4628,7287
4628,7390
4628,7394
4628,7435
4628,7482
4628,7538
4628,7594
4628,7621
4628,7641
4629,526
4629,1749
4629,3812
4629,3896
4629,5739
4629,6009
4629,6569
4629,7250
4630,258
4630,261
4630,359
4630,659
4630,706
4630,1210
4630,1899
4630,2030
4630,2198
4630,2380
4630,2916
4630,2981
4630,3547
4630,4211
4630,4243
4630,5330
4630,5518
4630,5612
4630,5679
4630,5734
4630,6024
4630,6492
4630,6526
4630,6787
4630,6850
4630,6907
4630,6930
4630,6968
4630,7003
4630,7044
4630,7070
4630,7097
4630,7346
4631,3187
4631,3562
4631,3851
4631,4363
4631,4598
4631,4640
4631,4702
4631,5393
4631,7457
4632,4240
4632,6138
4632,7208
4633,549
4633,993
4633,1175
4633,1416
4633,1496
4633,1816
4633,2052
4633,2416
4633,2512
4633,3168
4633,3506
4633,3524
4633,3729
4633,4867
4633,6549
4633,6838
4633,7160
4633,7334
4633,7442
4633,7621
4634,808
4634,1225
4634,1291
4634,2529
4634,3404
4634,3513
4634,3779
4634,3821
4634,3978
4634,4153
4634,4747
4634,4917
4634,5280
4634,5722
4634,6243
4634,7558
4634,7624
4635,1358
4636,7514
4637,1486
4637,2011
4637,2198
4637,2298
4637,4302
4637,4384
4637,4904
4637,6676
4638,89
4638,369
4638,593
4638,1663
4638,1744
4638,1838
4638,1899
4638,2102
4638,2198
4638,3648
4638,4578
4638,4641
4638,4848
4638,4895
4638,4954
4638,5937
4638,5979
4638,6414
4638,6702
4638,6990
4638,7280
4639,7
4639,491
4639,890
4639,1306
4639,1648
4639,2504
4639,4126
4639,4133
4639,5395
4639,5599
4639,6127
4639,6151
4639,6255
4639,6763
4639,6871
4639,7378
4640,645
4640,2180
4640,4363
4640,4631
4640,5147
4640,5727
4640,6607
4640,6871
4641,24
4641,61
4641,89
4641,319
4641,322
4641,366
4641,369
4641,375
4641,410
4641,455
4641,562
4641,593
4641,632
4641,722
4641,736
4641,774
4641,800
4641,811
4641,814
4641,906
4641,1011
4641,1017
4641,1018
4641,1028
4641,1081
4641,1152
4641,1294
4641,1351
4641,1447
4641,1467
4641,1569
4641,1584
4641,1684
4641,1711
4641,1727
4641,1738
4641,1744
4641,1797
4641,1850
4641,1885
4641,1899
4641,1902
4641,2086
4641,2197
4641,2198
4641,2207
4641,2262
4641,2271
4641,2307
4641,2340
4641,2380
4641,2541
4641,2598
4641,2628
4641,2634
4641,2649
4641,2650
4641,2689
4641,2929
4641,2950
4641,3001
4641,3008
4641,3049
4641,3051
4641,3074
4641,3093
4641,3185
4641,3251
4641,3353
4641,3439
4641,3445
4641,3623
4641,3627
4641,3648
4641,3704
4641,3720
4641,3962
4641,4023
4641,4024
4641,4157
4641,4176
4641,4210
4641,4402
4641,4415
4641,4421
4641,4442
4641,4453
4641,4463
4641,4531
4641,4588
4641,4590
4641,4594
4641,4638
4641,4642
4641,4658
4641,4669
4641,4688
4641,4734
4641,4755
4641,4805
4641,4934
4641,4989
4641,5077
4641,5234
4641,5290
4641,5362
4641,5365
4641,5469
4641,5495
4641,5518
4641,5542
4641,5543
4641,5606
4641,5734
4641,5799
4641,5853
4641,5881
4641,5903
4641,5904
4641,5982
4641,6066
4641,6082
4641,6315
4641,6330
4641,6361
4641,6381
4641,6397
4641,6414
4641,6468
4641,6526
4641,6634
4641,6669
4641,6692
4641,6702
4641,6787
4641,6849
4641,6866
4641,6907
4641,6930
4641,7003
4641,7010
4641,7170
4641,7181
4641,7247
4641,7337
4641,7339
4641,7352
4641,7395
4641,7413
4641,7477
4641,7511
4641,7518
4641,7577
4641,7607
4641,7610
4641,7619
4642,60
4642,260
4642,304
4642,593
4642,780
4642,1058
4642,1415
4642,1472
4642,1663
4642,1796
4642,1798
4642,1993
4642,2115
4642,2198
4642,2205
4642,2275
4642,2377
4642,2553
4642,2571
4642,2659
4642,2967
4642,2981
4642,3049
4642,3051
4642,3074
4642,3284
4642,3384
4642,3748
4642,4090
4642,4164
4642,4210
4642,4376
4642,4384
4642,4578
4642,4608
4642,4641
4642,4670
4642,4768
4642,4805
4642,4806
4642,5037
4642,5070
4642,5132
4642,5234
4642,5251
4642,5404
4642,5415
4642,5518
4642,5649
4642,5816
4642,5881
4642,6024
4642,6354
4642,6492
4642,6526
4642,6551
4642,6702
4642,6707
4642,6731
4642,6787
4642,6992
4642,7003
4642,7071
4642,7289
4642,7353
4642,7464
4642,7568
4642,7572
4642,7582
4643,929
4643,1141
4643,1283
4643,2862
4643,3075
4643,3402
4643,4124
4643,6394
4643,6697
4644,158
4644,1053
4644,1213
4644,1306
4644,1411
4644,2054
4644,2321
4644,2504
4644,3057
4644,3315
4644,3843
4644,4133
4644,4363
4644,5395
4644,5599
4644,6213
4644,6650
4644,6763
4644,6871
4644,7378
4644,7402
4645,3908
4645,6207
4645,7631
4646,45
4646,46
4646,53
4646,56
4646,84
4646,157
4646,168
4646,209
4646,244
4646,289
4646,325
4646,347
4646,402
4646,531
4646,577
4646,651
4646,691
4646,719
4646,734
4646,765
4646,791
4646,894
4646,895
4646,1043
4646,1160
4646,1164
4646,1219
4646,1242
4646,1288
4646,1319
4646,1397
4646,1480
4646,1691
4646,1951
4646,2126
4646,2156
4646,2184
4646,2190
4646,2308
4646,2473
4646,2492
4646,2550
4646,2560
4646,2594
4646,2702
4646,2742
4646,2748
4646,2840
4646,2924
4646,2984
4646,3100
4646,3107
4646,3112
4646,3205
4646,3222
4646,3303
4646,3417
4646,3429
4646,3463
4646,3497
4646,3624
4646,3629
4646,3675
4646,3735
4646,3792
4646,3829
4646,3953
4646,3972
4646,4000
4646,4193
4646,4260
4646,4272
4646,4361
4646,4445
4646,4449
4646,4520
4646,4582
4646,4625
4646,4660
4646,4742
4646,4804
4646,4852
4646,4907
4646,4926
4646,4969
4646,4995
4646,5024
4646,5057
4646,5059
4646,5065
4646,5134
4646,5232
4646,5239
4646,5298
4646,5411
4646,5514
4646,5560
4646,5580
4646,5596
4646,5616
4646,5624
4646,5656
4646,5690
4646,5725
4646,5812
4646,5826
4646,5861
4646,5894
4646,5970
4646,6031
4646,6049
4646,6072
4646,6107
4646,6169
4646,6300
4646,6316
4646,6432
4646,6469
4646,6501
4646,6509
4646,6514
4646,6515
4646,6656
4646,6698
4646,6739
4646,6768
4646,6925
4646,7026
4646,7031
4646,7049
4646,7051
4646,7063
4646,7064
4646,7081
4646,7237
4646,7260
4646,7261
4646,7316
4646,7367
4646,7434
4646,7435
4646,7438
4646,7447
4646,7507
4646,7586
4646,7606
4646,7613
4646,7618
4646,7620
4646,7647
4647,219
4647,230
4647,447
4647,745
4647,819
4647,1061
4647,1326
4647,1400
4647,2329
4647,2399
4647,2456
4647,2528
4647,2877
4647,3084
4647,3423
4647,3431
4647,3569
4647,3873
4647,3879
4647,4399
4647,4530
4647,4611
4647,5480
4647,5815
4647,6550
4647,7388
4648,491
4648,645
4648,1053
4648,1213
4648,1411
4648,1564
4648,2054
4648,2180
4648,2250
4648,2504
4648,3057
4648,3204
4648,3315
4648,3843
4648,4126
4648,5395
4648,5427
4648,5599
4648,6151
4648,6213
4648,6752
4648,6763
4648,6871
4648,7378
4649,4793
4649,6504
4650,26
4650,134
4650,383
4650,592
4650,593
4650,739
4650,1082
4650,1194
4650,1591
4650,2095
4650,2309
4650,2556
4650,2685
4650,2778
4650,2887
4650,3063
4650,3243
4650,3247
4650,3294
4650,3657
4650,3721
4650,3923
4650,4082
4650,4345
4650,4912
4650,5133
4650,5234
4650,5293
4650,5302
4650,5327
4650,5703
4650,5734
4650,5932
4650,5958
4650,6175
4650,6289
4650,6343
4650,6371
4650,6759
4650,6790
4650,7119
4650,7283
4650,7398
4650,7534
4650,7601
4651,1541
4651,2156
4651,4885
4652,140
4652,979
4652,1200
4652,1384
4652,1398
4652,1451
4652,1547
4652,1848
4652,2167
4652,2178
4652,2429
4652,3192
4652,3200
4652,3609
4652,3639
4652,3679
4652,3696
4652,3921
4652,3971
4652,4018
4652,4134
4652,4374
4652,4597
4652,4815
4652,4929
4652,4996
4652,5516
4652,6167
4652,6248
4652,6326
4652,6742
4652,6809
4652,6820
4652,6862
4652,6977
4652,7199
4652,7358
4652,7439
4653,203
4653,215
4653,382
4653,669
4653,922
4653,1566
4653,1568
4653,1607
4653,1922
4653,1973
4653,2231
4653,2234
4653,2363
4653,2529
4653,2568
4653,2589
4653,2673
4653,2917
4653,3751
4653,3827
4653,3964
4653,4116
4653,4747
4653,4957
4653,4989
4653,6038
4653,6388
4653,6569
4653,6610
4653,6668
4653,7093
4653,7130
4653,7131
4653,7250
4653,7325
4654,2463
4654,2570
4654,2863
4654,3097
4654,3793
4654,3809
4654,4040
4654,4094
4654,4486
4654,4799
4654,4862
4654,4913
4654,5425
4654,5777
4654,5912
4654,6542
4654,6744
4655,1326
4655,1367
4655,1903
4655,1909
4655,2362
4655,2666
4655,3082
4655,3850
4655,4748
4655,4974
4655,5336
4655,5480
4655,5673
4655,5883
4655,6217
4655,6366
4655,6681
4655,7257
4655,7342
4655,7570
4655,7609
4656,53
4656,197
4656,472
4656,716
4656,1087
4656,1107
4656,1181
4656,1515
4656,1541
4656,1916
4656,2156
4656,2293
4656,2347
4656,2830
4656,3197
4656,3244
4656,3374
4656,3525
4656,3630
4656,3676
4656,4025
4656,4804
4656,4810
4656,4994
4656,5185
4656,6084
4656,6431
4656,6504
4656,7155
4656,7221
4657,1336
4657,1565
4657,2053
4657,2100
4657,2976
4657,3156
4657,3175
4657,4242
4657,4720
4657,4732
4657,4843
4657,4866
4657,4903
4657,5548
4657,5592
4657,5642
4657,6205
4657,6819
4657,7516
4657,7575
4658,23
4658,89
4658,304
4658,369
4658,593
4658,727
4658,1058
4658,1214
4658,1284
4658,1293
4658,1663
4658,1796
4658,1798
4658,2013
4658,2198
4658,2215
4658,2313
4658,2340
4658,2553
4658,2571
4658,3051
4658,3184
4658,3185
4658,3363
4658,3748
4658,4376
4658,4384
4658,4465
4658,4538
4658,4578
4658,4641
4658,4952
4658,5070
4658,5082
4658,5241
4658,5707
4658,5756
4658,5799
4658,6551
4658,6669
4658,6673
4658,6702
4658,6906
4658,7104
4658,7464
4658,7568
4658,7582
4659,3399
4659,4663
4659,6311
4659,6625
4659,7383
4660,1035
4660,3227
4660,3437
4660,3735
4660,4646
4660,5647
4660,5684
4660,6072
4660,6169
4661,2748
4661,3437
4661,4235
4661,4260
4661,5821
4661,6691
4661,7160
4662,138
4662,309
4662,377
4662,593
4662,633
4662,780
4662,924
4662,1178
4662,1206
4662,1513
4662,1561
4662,1899
4662,2198
4662,2239
4662,3051
4662,3277
4662,3623
4662,3748
4662,4156
4662,4352
4662,4669
4662,4870
4662,5048
4662,5324
4662,5372
4662,5756
4662,5979
4662,5982
4662,6077
4662,6183
4662,6321
4662,6414
4662,6551
4662,6673
4662,6702
4662,7003
4662,7071
4662,7204
4662,7477
4662,7535
4663,74
4663,147
4663,221
4663,298
4663,398
4663,425
4663,444
4663,481
4663,510
4663,561
4663,578
4663,609
4663,618
4663,619
4663,653
4663,663
4663,671
4663,679
4663,685
4663,688
4663,690
4663,744
4663,746
4663,782
4663,812
4663,837
4663,855
4663,876
4663,901
4663,943
4663,969
4663,992
4663,1086
4663,1096
4663,1223
4663,1292
4663,1365
4663,1466
4663,1477
4663,1509
4663,1528
4663,1529
4663,1555
4663,1562
4663,1622
4663,1637
4663,1646
4663,1683
4663,1882
4663,1889
4663,1917
4663,2012
4663,2067
4663,2073
4663,2137
4663,2176
4663,2238
4663,2259
4663,2352
4663,2361
4663,2395
4663,2398
4663,2444
4663,2449
4663,2468
4663,2489
4663,2491
4663,2499
4663,2548
4663,2786
4663,2805
4663,2827
4663,2843
4663,2873
4663,2896
4663,2926
4663,2983
4663,3180
4663,3211
4663,3255
4663,3393
4663,3399
4663,3411
4663,3441
4663,3449
4663,3452
4663,3479
4663,3487
4663,3504
4663,3584
4663,3733
4663,3984
4663,4004
4663,4047
4663,4081
4663,4117
4663,4123
4663,4151
4663,4179
4663,4191
4663,4244
4663,4252
4663,4310
4663,4353
4663,4397
4663,4411
4663,4423
4663,4459
4663,4475
4663,4478
4663,4485
4663,4487
4663,4491
4663,4494
4663,4498
4663,4524
4663,4585
4663,4604
4663,4607
4663,4659
4663,4681
4663,4703
4663,4708
4663,4711
4663,4761
4663,4873
4663,4884
4663,4886
4663,4914
4663,4921
4663,4933
4663,4968
4663,5016
4663,5038
4663,5072
4663,5138
4663,5228
4663,5270
4663,5345
4663,5357
4663,5405
4663,5476
4663,5489
4663,5573
4663,5609
4663,5718
4663,5721
4663,5737
4663,5751
4663,5784
4663,5896
4663,5908
4663,5972
4663,5974
4663,6033
4663,6083
4663,6092
4663,6103
4663,6106
4663,6168
4663,6222
4663,6227
4663,6229
4663,6288
4663,6311
4663,6488
4663,6496
4663,6508
4663,6609
4663,6709
4663,6725
4663,6829
4663,6972
4663,7012
4663,7015
4663,7016
4663,7024
4663,7110
4663,7218
4663,7259
4663,7263
4663,7324
4663,7361
4663,7383
4663,7426
4663,7444
4663,7469
4663,7489
4663,7490
4663,7502
4663,7531
4663,7598
4664,1998
4664,2025
4664,2252
4664,3208
4664,4520
4664,5988
4664,7132
4665,30
4665,195
4665,200
4665,434
4665,873
4665,941
4665,988
4665,1175
4665,1295
4665,1416
4665,1536
4665,1556
4665,1773
4665,1964
4665,2014
4665,2052
4665,2136
4665,2422
4665,2585
4665,2608
4665,2646
4665,2662
4665,2803
4665,2833
4665,3086
4665,3159
4665,3244
4665,3267
4665,3327
4665,3343
4665,3461
4665,3630
4665,3633
4665,3729
4665,3819
4665,3869
4665,4405
4665,4501
4665,4533
4665,4738
4665,4810
4665,4867
4665,4906
4665,5185
4665,5221
4665,5454
4665,5466
4665,5644
4665,5922
4665,6352
4665,6556
4665,6621
4665,6910
4665,7019
4665,7224
4665,7334
4665,7427
4665,7621
4666,136
4666,174
4666,186
4666,316
4666,442
4666,453
4666,463
4666,516
4666,517
4666,537
4666,541
4666,556
4666,749
4666,767
4666,786
4666,787
4666,801
4666,877
4666,882
4666,909
4666,926
4666,928
4666,937
4666,1016
4666,1037
4666,1038
4666,1054
4666,1221
4666,1272
4666,1282
4666,1504
4666,1630
4666,1672
4666,1685
4666,1696
4666,1709
4666,1751
4666,1759
4666,1766
4666,1767
4666,1803
4666,1851
4666,1863
4666,1864
4666,1900
4666,1969
4666,1983
4666,2019
4666,2037
4666,2114
4666,2132
4666,2147
4666,2250
4666,2260
4666,2281
4666,2324
4666,2327
4666,2357
4666,2387
4666,2389
4666,2419
4666,2446
4666,2609
4666,2635
4666,2643
4666,2717
4666,2728
4666,2768
4666,2861
4666,3006
4666,3090
4666,3099
4666,3167
4666,3217
4666,3272
4666,3291
4666,3316
4666,3324
4666,3356
4666,3392
4666,3401
4666,3523
4666,3528
4666,3529
4666,3553
4666,3558
4666,3565
4666,3575
4666,3663
4666,3820
4666,3840
4666,3874
4666,4034
4666,4038
4666,4142
4666,4264
4666,4281
4666,4300
4666,4441
4666,4496
4666,4539
4666,4548
4666,4554
4666,4566
4666,4583
4666,4603
4666,4619
4666,4676
4666,4704
4666,4739
4666,4741
4666,4751
4666,4759
4666,4772
4666,4960
4666,5182
4666,5306
4666,5409
4666,5451
4666,5529
4666,5555
4666,5588
4666,5692
4666,5706
4666,5825
4666,5828
4666,5978
4666,6091
4666,6143
4666,6164
4666,6212
4666,6257
4666,6383
4666,6391
4666,6465
4666,6502
4666,6519
4666,6520
4666,6534
4666,6648
4666,6666
4666,6679
4666,6772
4666,6913
4666,7043
4666,7060
4666,7061
4666,7075
4666,7118
4666,7122
4666,7124
4666,7144
4666,7241
4666,7255
4666,7272
4666,7366
4666,7402
4666,7407
4666,7470
4666,7555
4666,7566
4666,7630
4666,7648
4667,749
4667,850
4667,914
4667,1396
4667,1743
4667,1759
4667,1969
4667,2090
4667,2250
4667,2260
4667,2419
4667,2728
4667,2975
4667,3099
4667,4960
4667,5448
4667,5465
4667,5848
4667,5849
4667,5879
4667,5906
4667,6010
4667,6046
4667,6250
4667,6357
4667,6363
4667,6372
4667,6442
4667,7238
4668,50
4668,2239
4668,3686
4668,4033
4668,4731
4668,5029
4668,5186
4668,5254
4668,6015
4668,7373
4669,169
4669,183
4669,267
4669,455
4669,534
4669,593
4669,774
4669,836
4669,906
4669,924
4669,1018
4669,1058
4669,1210
4669,1294
4669,1305
4669,1350
4669,1421
4669,1513
4669,1545
4669,1659
4669,1723
4669,1727
4669,1738
4669,1744
4669,1796
4669,1798
4669,1805
4669,1899
4669,1942
4669,1993
4669,2198
4669,2206
4669,2380
4669,2396
4669,2553
4669,2571
4669,2575
4669,2614
4669,2637
4669,3008
4669,3051
4669,3237
4669,3347
4669,3362
4669,3446
4669,3623
4669,3648
4669,3876
4669,4164
4669,4241
4669,4531
4669,4538
4669,4641
4669,4662
4669,4688
4669,4805
4669,4806
4669,4870
4669,4941
4669,5015
4669,5132
4669,5160
4669,5201
4669,5234
4669,5348
4669,5404
4669,5518
4669,5881
4669,5903
4669,5937
4669,5979
4669,5982
4669,6021
4669,6135
4669,6361
4669,6414
4669,6484
4669,6551
4669,6597
4669,6673
4669,6678
4669,6702
4669,6849
4669,6887
4669,6907
4669,6968
4669,7010
4669,7085
4669,7337
4669,7352
4669,7464
4669,7477
4669,7535
4669,7536
4669,7568
4669,7577
4669,7607
4670,3
4670,34
4670,41
4670,109
4670,116
4670,345
4670,446
4670,456
4670,528
4670,552
4670,576
4670,723
4670,760
4670,803
4670,804
4670,811
4670,835
4670,847
4670,869
4670,934
4670,939
4670,1063
4670,1145
4670,1195
4670,1357
4670,1467
4670,1517
4670,1631
4670,1655
4670,1667
4670,1695
4670,1790
4670,1797
4670,1821
4670,1854
4670,1862
4670,1875
4670,1884
4670,1929
4670,1945
4670,1966
4670,1979
4670,1990
4670,2175
4670,2198
4670,2208
4670,2233
4670,2239
4670,2287
4670,2317
4670,2334
4670,2368
4670,2427
4670,2502
4670,2558
4670,2627
4670,2650
4670,2683
4670,2736
4670,2798
4670,2801
4670,2816
4670,2857
4670,3049
4670,3081
4670,3103
4670,3114
4670,3115
4670,3160
4670,3203
4670,3216
4670,3218
4670,3223
4670,3249
4670,3279
4670,3331
4670,3384
4670,3492
4670,3521
4670,3527
4670,3542
4670,3545
4670,3578
4670,3683
4670,3704
4670,3718
4670,3748
4670,3753
4670,3773
4670,3817
4670,3866
4670,4028
4670,4102
4670,4210
4670,4216
4670,4273
4670,4304
4670,4371
4670,4376
4670,4438
4670,4541
4670,4573
4670,4592
4670,4594
4670,4642
4670,4685
4670,4714
4670,4805
4670,4831
4670,4836
4670,4857
4670,4863
4670,5037
4670,5068
4670,5108
4670,5203
4670,5208
4670,5213
4670,5234
4670,5304
4670,5312
4670,5332
4670,5403
4670,5404
4670,5531
4670,5559
4670,5651
4670,5707
4670,5758
4670,5797
4670,5840
4670,5880
4670,5961
4670,6098
4670,6189
4670,6193
4670,6197
4670,6272
4670,6354
4670,6486
4670,6526
4670,6560
4670,6584
4670,6787
4670,6907
4670,6945
4670,6954
4670,6961
4670,6994
4670,7018
4670,7021
4670,7106
4670,7116
4670,7151
4670,7164
4670,7166
4670,7203
4670,7216
4670,7262
4670,7266
4670,7289
4670,7305
4670,7446
4670,7467
4670,7481
4670,7553
4670,7632
4671,1048
4671,1255
4671,1710
4671,4428
4671,4628
4671,5910
4671,7641
4672,95
4672,495
4672,532
4672,766
4672,1058
4672,1339
4672,1390
4672,1418
4672,1494
4672,1726
4672,1769
4672,1817
4672,1901
4672,1990
4672,2198
4672,2239
4672,2418
4672,2427
4672,2794
4672,3040
4672,3578
4672,3864
4672,3866
4672,3895
4672,4037
4672,4343
4672,4683
4672,4768
4672,5091
4672,5652
4672,5695
4672,5719
4672,5865
4672,5869
4672,6098
4672,6196
4672,6503
4672,6551
4672,6747
4672,6822
4672,7171
4672,7466
4673,4
4673,22
4673,126
4673,172
4673,204
4673,273
4673,284
4673,315
4673,519
4673,554
4673,557
4673,572
4673,581
4673,682
4673,737
4673,758
4673,763
4673,794
4673,965
4673,995
4673,1079
4673,1308
4673,1488
4673,1587
4673,1604
4673,1656
4673,1771
4673,1772
4673,1818
4673,1845
4673,1914
4673,1953
4673,2226
4673,2240
4673,2311
4673,2382
4673,2443
4673,2654
4673,2756
4673,2757
4673,3064
4673,3150
4673,3376
4673,3391
4673,3417
4673,3460
4673,3500
4673,3563
4673,3619
4673,3741
4673,3881
4673,3892
4673,3903
4673,3924
4673,3941
4673,4008
4673,4077
4673,4112
4673,4143
4673,4171
4673,4208
4673,4226
4673,4280
4673,4351
4673,4354
4673,4414
4673,4426
4673,4492
4673,4567
4673,4726
4673,4802
4673,4849
4673,4899
4673,4947
4673,4975
4673,5030
4673,5131
4673,5266
4673,5291
4673,5587
4673,5627
4673,5686
4673,5754
4673,5774
4673,5876
4673,5914
4673,5968
4673,6006
4673,6125
4673,6163
4673,6199
4673,6363
4673,6601
4673,6623
4673,6645
4673,6653
4673,6657
4673,6712
4673,6874
4673,7236
4673,7314
4673,7504
4673,7541
4673,7565
4673,7615
4674,40
4674,1030
4674,2113
4674,2405
4674,2703
4674,3503
4674,4046
4674,6030
4674,6426
4674,6588
4674,7330
4675,323
4675,401
4675,1694
4675,1742
4675,1781
4675,1865
4675,2050
4675,2139
4675,2472
4675,2503
4675,4901
4675,4981
4675,6220
4675,6858
4675,6865
4675,6919
4675,7515
4675,7642
4675,7645
4676,649
4676,749
4676,2006
4676,2098
4676,2312
4676,2925
4676,3065
4676,3356
4676,4666
4676,4758
4676,4960
4676,5245
4676,5329
4676,6502
4676,6997
4677,66
4677,511
4677,885
4677,1043
4677,1049
4677,1440
4677,1869
4677,2282
4677,2976
4677,3094
4677,3107
4677,3156
4677,3175
4677,3227
4677,3735
4677,4000
4677,4920
4677,4961
4677,5684
4677,6169
4677,6324
4677,6472
4677,6514
4677,6768
4677,7423
4677,7532
4677,7575
4677,7620
4678,82
4678,840
4678,1765
4678,2424
4678,2582
4678,3071
4678,3308
4678,3413
4678,3432
4678,3644
4678,4860
4678,5687
4678,5800
4678,6013
4678,6056
4678,6238
4678,6254
4678,6478
4678,6541
4678,6695
4678,6708
4678,7189
4679,552
4679,669
4679,1058
4679,1796
4679,2170
4679,2198
4679,2239
4679,2581
4679,3049
4679,3623
4679,4116
4679,4573
4679,4754
4679,4805
4679,5332
4679,5404
4679,5881
4679,6702
4680,33
4680,61
4680,77
4680,124
4680,192
4680,235
4680,320
4680,346
4680,358
4680,372
4680,380
4680,408
4680,445
4680,479
4680,552
4680,593
4680,657
4680,711
4680,766
4680,770
4680,774
4680,780
4680,789
4680,811
4680,813
4680,814
4680,865
4680,955
4680,1058
4680,1113
4680,1268
4680,1357
4680,1370
4680,1399
4680,1414
4680,1453
4680,1472
4680,1485
4680,1634
4680,1652
4680,1668
4680,1708
4680,1712
4680,1854
4680,1907
4680,1927
4680,1991
4680,2010
4680,2017
4680,2039
4680,2113
4680,2198
4680,2215
4680,2239
4680,2310
4680,2370
4680,2377
4680,2406
4680,2434
4680,2571
4680,2637
4680,2657
4680,2661
4680,2671
4680,2738
4680,2755
4680,2808
4680,2852
4680,2855
4680,2888
4680,2913
4680,2958
4680,2970
4680,2972
4680,2974
4680,3049
4680,3050
4680,3125
4680,3157
4680,3160
4680,3177
4680,3225
4680,3289
4680,3322
4680,3347
4680,3403
4680,3406
4680,3456
4680,3476
4680,3514
4680,3616
4680,3646
4680,3692
4680,3748
4680,3762
4680,3844
4680,3867
4680,3958
4680,4057
4680,4188
4680,4210
4680,4211
4680,4253
4680,4296
4680,4326
4680,4376
4680,4384
4680,4697
4680,4805
4680,4919
4680,5008
4680,5037
4680,5132
4680,5203
4680,5258
4680,5286
4680,5287
4680,5296
4680,5392
4680,5398
4680,5404
4680,5455
4680,5463
4680,5510
4680,5557
4680,5707
4680,5881
4680,5976
4680,6004
4680,6098
4680,6208
4680,6287
4680,6313
4680,6327
4680,6381
4680,6409
4680,6468
4680,6551
4680,6553
4680,6578
4680,6638
4680,6649
4680,6702
4680,6704
4680,6731
4680,6774
4680,6892
4680,6895
4680,6961
4680,6992
4680,7010
4680,7023
4680,7071
4680,7096
4680,7114
4680,7170
4680,7171
4680,7174
4680,7215
4680,7277
4680,7289
4680,7296
4680,7353
4680,7440
4680,7520
4680,7535
4680,7572
4680,7604
4681,147
4681,444
4681,481
4681,561
4681,837
4681,992
4681,1096
4681,1509
4681,1622
4681,1683
4681,2468
4681,2499
4681,2853
4681,2926
4681,3180
4681,3733
4681,4123
4681,4244
4681,4411
4681,4485
4681,4498
4681,4564
4681,4663
4681,4711
4681,5737
4681,5974
4681,6106
4681,6222
4681,6311
4681,6488
4681,6508
4681,6829
4681,6972
4681,7383
4681,7489
4681,7598
4682,27
4682,89
4682,258
4682,269
4682,377
4682,593
4682,863
4682,868
4682,1492
4682,1663
4682,2106
4682,2198
4682,2239
4682,2380
4682,2510
4682,3152
4682,3185
4682,3277
4682,3359
4682,3364
4682,3428
4682,3910
4682,4184
4682,4203
4682,4230
4682,4352
4682,4393
4682,4522
4682,4768
4682,5311
4682,5372
4682,5404
4682,5412
4682,5584
4682,5717
4682,5797
4682,5816
4682,5839
4682,6414
4682,6437
4682,6526
4682,6551
4682,6604
4682,6646
4682,6702
4682,6707
4682,6887
4682,7071
4682,7097
4682,7395
4682,7467
4682,7619
4682,7628
4683,1726
4683,1901
4683,2794
4683,3040
4683,3209
4683,3864
4683,3895
4683,4672
4683,5869
4684,2726
4684,2779
4684,6286
4684,6550
4685,413
4685,456
4685,675
4685,835
4685,1227
4685,1302
4685,1376
4685,1413
4685,2161
4685,2177
4685,2198
4685,2239
4685,2295
4685,2385
4685,2502
4685,2807
4685,2927
4685,2928
4685,3509
4685,3554
4685,3578
4685,4073
4685,4338
4685,4376
4685,4551
4685,4670
4685,4805
4685,5123
4685,5234
4685,5354
4685,5484
4685,5634
4685,5664
4685,5682
4685,6060
4685,6271
4685,6414
4685,6839
4685,6929
4685,7467
4685,7518
4686,25
4686,702
4686,838
4686,925
4686,949
4686,3325
4686,3699
4686,3899
4686,5964
4686,6902
4686,6940
4687,88
4687,100
4687,146
4687,523
4687,648
4687,752
4687,1143
4687,1181
4687,1322
4687,1519
4687,1597
4687,1931
4687,1987
4687,2265
4687,2374
4687,2430
4687,2910
4687,3005
4687,3120
4687,3554
4687,3625
4687,3778
4687,3783
4687,3998
4687,4084
4687,4148
4687,4189
4687,4378
4687,4451
4687,4454
4687,4577
4687,4605
4687,4817
4687,5004
4687,5175
4687,5226
4687,5248
4687,5460
4687,5778
4687,5862
4687,6045
4687,6048
4687,6114
4687,6126
4687,6165
4687,6378
4687,6592
4687,6651
4687,6729
4687,6748
4687,6766
4688,28
4688,42
4688,89
4688,169
4688,258
4688,322
4688,375
4688,431
4688,552
4688,593
4688,710
4688,732
4688,906
4688,924
4688,1152
4688,1178
4688,1280
4688,1294
4688,1344
4688,1513
4688,1738
4688,1744
4688,1796
4688,1899
4688,1993
4688,2115
4688,2198
4688,2239
4688,2406
4688,2432
4688,2471
4688,2553
4688,2832
4688,3051
4688,3138
4688,3185
4688,3438
4688,3623
4688,3856
4688,4531
4688,4578
4688,4641
4688,4669
4688,4805
4688,4870
4688,5042
4688,5048
4688,5056
4688,5139
4688,5286
4688,5404
4688,5799
4688,5881
4688,5903
4688,5979
4688,5982
4688,6077
4688,6082
4688,6183
4688,6414
4688,6702
4688,6730
4688,6807
4688,7105
4688,7276
4688,7477
4688,7577
4688,7607
4689,791
4689,894
4689,1072
4689,1175
4689,1219
4689,1397
4689,1681
4689,1951
4689,2077
4689,2492
4689,2742
4689,2762
4689,2891
4689,3675
4689,3823
4689,3824
4689,3828
4689,3829
4689,3975
4689,4150
4689,4260
4689,4272
4689,5024
4689,5057
4689,5337
4689,5434
4689,5617
4689,5624
4689,5725
4689,5812
4689,5826
4689,5887
4689,5970
4689,6072
4689,6147
4689,6300
4689,6523
4689,6583
4689,6612
4689,7237
4689,7438
4689,7618
4690,407
4690,1180
4690,1202
4690,1314
4690,1356
4690,1393
4690,1699
4690,2982
4690,3148
4690,3841
4690,3877
4690,4063
4690,4432
4690,4437
4690,4841
4690,4898
4690,5159
4690,5207
4690,5407
4690,5767
4690,6053
4690,6346
4690,6826
4690,6869
4690,6995
4690,7123
4690,7168
4690,7183
4690,7495
4690,7549
4691,486
4691,1058
4691,1534
4691,2198
4691,2253
4691,2505
4691,2704
4691,2935
4691,3049
4691,3911
4691,3995
4691,4160
4691,4376
4691,4573
4691,4805
4691,4906
4691,4922
4691,5559
4691,6741
4691,7003
4691,7116
4691,7376
4691,7441
4691,7600
4692,73
4692,305
4692,551
4692,748
4692,1013
4692,1091
4692,1189
4692,1225
4692,1418
4692,1566
4692,1660
4692,2031
4692,2055
4692,2143
4692,2372
4692,2993
4692,3223
4692,3404
4692,3421
4692,3513
4692,3518
4692,3566
4692,3567
4692,3607
4692,3637
4692,3821
4692,3866
4692,3871
4692,3895
4692,3959
4692,3978
4692,5132
4692,5280
4692,5957
4692,6189
4692,6864
4692,7007
4692,7149
4692,7269
4692,7452
4692,7587
4692,7624
4693,109
4693,835
4693,1496
4693,1769
4693,1956
4693,2345
4693,2400
4693,2706
4693,3155
4693,3249
4693,3295
4693,3331
4693,3433
4693,3545
4693,3578
4693,3612
4693,4805
4693,5079
4693,5234
4693,7164
4693,7467
4693,7518
4694,942
4694,1058
4694,3177
4694,3616
4694,4313
4694,4376
4694,5816
4695,4774
4695,5241
4695,5538
4695,6414
4695,6673
4695,6702
4696,352
4696,760
4696,1518
4696,2059
4696,2198
4696,2205
4696,2375
4696,3469
4696,3506
4696,3559
4696,3641
4696,3784
4696,4198
4696,4384
4696,4889
4696,5132
4696,5234
4696,5881
4696,6064
4696,6171
4696,6219
4696,6464
4696,6466
4696,6952
4697,930
4697,1444
4697,2239
4697,2348
4697,3488
4697,3602
4697,3710
4697,4080
4697,4381
4697,4680
4697,4952
4697,5412
4697,6297
4697,6707
4697,7395
4698,150
4698,1009
4698,1057
4698,1107
4698,1500
4698,2034
4698,2074
4698,2136
4698,2315
4698,2606
4698,2702
4698,3038
4698,3186
4698,3354
4698,3534
4698,3622
4698,3993
4698,4051
4698,4346
4698,4533
4698,5358
4698,5466
4698,5583
4698,5656
4698,5838
4698,6299
4698,6991
4699,637
4699,1680
4699,4205
4699,4837
4699,5822
4699,7068
4699,7120
4700,137
4700,593
4700,2145
4700,2198
4700,2689
4700,2972
4700,4535
4701,162
4701,1561
4701,1961
4701,2751
4701,2996
4701,3101
4701,3716
4701,3802
4701,4015
4701,4433
4701,4440
4701,5156
4701,5305
4701,5654
4701,6078
4702,3187
4702,3562
4702,3851
4702,4631
4702,5393
4702,6764
4702,7457
4703,147
4703,425
4703,481
4703,561
4703,619
4703,746
4703,943
4703,1223
4703,1509
4703,1622
4703,2012
4703,2395
4703,2398
4703,2499
4703,2548
4703,2843
4703,2853
4703,3504
4703,3733
4703,4244
4703,4252
4703,4411
4703,4564
4703,4663
4703,4708
4703,5228
4703,5230
4703,5357
4703,5920
4703,5928
4703,5974
4703,6168
4703,6222
4703,6311
4703,6488
4703,6609
4703,6625
4703,6725
4703,6924
4703,7383
4703,7598
4704,275
4704,442
4704,517
4704,828
4704,1016
4704,1037
4704,1364
4704,1434
4704,1648
4704,1696
4704,1759
4704,1766
4704,2019
4704,2090
4704,2098
4704,2260
4704,2326
4704,2327
4704,2717
4704,2822
4704,3065
4704,3116
4704,3840
4704,3874
4704,4236
4704,4666
4704,4739
4704,4758
4704,4960
4704,5245
4704,5409
4704,5602
4704,5692
4704,6164
4704,6250
4704,6357
4704,6416
4704,6502
4704,6772
4704,6842
4704,7060
4704,7555
4705,45
4705,53
4705,101
4705,496
4705,630
4705,1087
4705,1109
4705,1166
4705,1443
4705,1534
4705,1626
4705,1681
4705,1748
4705,2121
4705,2412
4705,2436
4705,3145
4705,3227
4705,3453
4705,3842
4705,3995
4705,4106
4705,4495
4705,4628
4705,4810
4705,5172
4705,5210
4705,5458
4705,6433
4705,6504
4705,6813
4705,7155
4705,7538
4705,7639
4706,1561
4706,2198
4706,2239
4706,2510
4706,3594
4706,3912
4706,4267
4706,5404
4706,5816
4706,5909
4706,6551
4706,6631
4707,5
4707,911
4707,953
4707,956
4707,975
4707,1739
4707,1967
4707,1978
4707,2122
4707,2404
4707,2418
4707,2427
4707,2525
4707,2536
4707,3062
4707,3125
4707,3246
4707,3250
4707,3455
4707,3784
4707,3927
4707,4042
4707,4584
4707,5179
4707,5373
4707,5722
4707,5775
4707,5813
4707,5917
4707,5987
4707,6029
4707,6036
4707,6059
4707,6067
4707,6128
4707,6296
4707,6522
4707,6547
4707,6610
4707,6872
4707,7029
4707,7054
4707,7512
4708,147
4708,425
4708,481
4708,561
4708,746
4708,943
4708,1223
4708,1646
4708,2395
4708,2499
4708,2843
4708,2853
4708,3211
4708,3504
4708,4244
4708,4252
4708,4423
4708,4485
4708,4564
4708,4663
4708,4703
4708,5228
4708,5230
4708,5928
4708,5974
4708,6222
4708,6311
4708,6488
4708,6609
4708,6625
4708,6725
4708,6924
4708,7383
4708,7489
4708,7598
4709,2907
4709,3331
4709,4805
4709,5819
4710,601
4710,881
4710,2021
4710,3503
4710,3726
4710,5478
4710,6848
4710,7330
4711,147
4711,221
4711,398
4711,425
4711,510
4711,561
4711,578
4711,618
4711,619
4711,1223
4711,1292
4711,1509
4711,1529
4711,1555
4711,1646
4711,1683
4711,1858
4711,2012
4711,2259
4711,2395
4711,2398
4711,2449
4711,2843
4711,2983
4711,3211
4711,3255
4711,3399
4711,3411
4711,3452
4711,3479
4711,4117
4711,4423
4711,4478
4711,4485
4711,4491
4711,4494
4711,4564
4711,4663
4711,4681
4711,5016
4711,5228
4711,5357
4711,5489
4711,5718
4711,5737
4711,5751
4711,5972
4711,6106
4711,6168
4711,6227
4711,6311
4711,6496
4711,7016
4711,7324
4711,7598
4712,431
4712,482
4712,593
4712,1545
4712,1798
4712,1907
4712,2198
4712,3051
4712,3377
4712,4074
4712,5160
4712,5979
4712,6076
4712,6414
4712,7280
4712,7353
4712,7464
4713,3608
4714,41
4714,776
4714,1058
4714,1414
4714,1481
4714,1575
4714,1862
4714,1875
4714,2170
4714,2267
4714,2660
4714,2772
4714,3115
4714,3245
4714,3384
4714,3748
4714,3753
4714,3817
4714,4067
4714,4371
4714,4376
4714,4670
4714,4805
4714,5251
4714,5556
4714,5641
4714,5898
4714,6197
4714,6553
4714,6952
4714,7147
4714,7446
4714,7448
4714,7481
4715,456
4715,495
4715,552
4715,1058
4715,2198
4715,2205
4715,2239
4715,2650
4715,3469
4715,3581
4715,3618
4715,4198
4715,4805
4715,5234
4715,5735
4715,6388
4716,1189
4716,1289
4716,1361
4716,3878
4716,5845
4716,5926
4716,7007
4716,7445
4717,1530
4717,1755
4717,2301
4717,5770
4717,5792
4717,6471
4718,386
4718,5063
4718,6897
4719,143
4719,287
4719,295
4719,456
4719,629
4719,881
4719,1064
4719,1185
4719,1486
4719,1722
4719,2113
4719,2145
4719,2586
4719,2626
4719,2801
4719,2964
4719,3990
4719,4006
4719,4029
4719,4097
4719,4373
4719,4735
4719,4876
4719,4892
4719,4940
4719,4982
4719,4987
4719,5022
4719,5216
4719,5936
4719,5993
4719,6301
4719,6369
4719,6389
4719,6588
4719,6660
4719,6898
4719,7032
4719,7121
4719,7330
4720,1015
4720,1507
4720,1565
4720,1822
4720,1953
4720,2035
4720,2053
4720,2100
4720,2230
4720,2976
4720,3112
4720,3156
4720,3175
4720,3292
4720,4242
4720,4258
4720,4275
4720,4657
4720,4732
4720,4843
4720,4866
4720,5020
4720,5086
4720,5548
4720,5642
4720,5789
4720,6050
4720,6205
4720,6324
4720,6472
4720,6514
4720,6819
4720,7450
4720,7497
4720,7575
4721,78
4721,206
4721,459
4721,647
4721,2022
4721,2139
4721,2369
4721,2503
4721,4052
4721,4515
4721,4981
4721,5005
4721,5113
4721,5242
4721,5431
4721,5607
4721,5655
4721,5681
4721,5954
4721,6220
4721,6239
4721,6273
4721,6858
4721,6865
4721,6918
4721,7431
4721,7484
4721,7642
4722,495
4722,1291
4722,1325
4722,1337
4722,1429
4722,1442
4722,1682
4722,1802
4722,2372
4722,2490
4722,3223
4722,3469
4722,3866
4722,5080
4722,5171
4722,5234
4722,5676
4722,5893
4722,6166
4722,6464
4722,7067
4722,7467
4723,10
4723,349
4723,605
4723,641
4723,882
4723,1041
4723,1088
4723,1334
4723,1616
4723,1736
4723,1785
4723,1969
4723,2337
4723,2419
4723,2435
4723,2623
4723,2777
4723,3415
4723,3583
4723,3678
4723,3717
4723,3749
4723,3992
4723,4509
4723,4740
4723,4829
4723,4992
4723,5110
4723,5509
4723,5852
4723,5868
4723,5929
4723,5939
4723,6357
4723,6557
4723,6628
4723,6665
4723,6876
4723,7308
4723,7348
4723,7437
4723,7457
4723,7458
4723,7513
4724,73
4724,839
4724,1189
4724,1296
4724,2332
4724,3688
4724,4049
4724,4356
4724,4422
4724,4952
4724,5222
4724,5685
4724,6618
4724,6624
4724,6740
4724,7134
4724,7195
4724,7330
4725,86
4725,246
4725,331
4725,436
4725,544
4725,585
4725,707
4725,769
4725,846
4725,980
4725,1036
4725,1118
4725,1239
4725,1285
4725,1359
4725,1522
4725,1657
4725,1669
4725,1764
4725,1934
4725,2000
4725,2068
4725,2210
4725,2228
4725,2243
4725,2314
4725,2390
4725,2583
4725,2612
4725,2613
4725,2632
4725,2739
4725,3131
4725,3232
4725,3313
4725,3329
4725,3368
4725,3531
4725,3557
4725,3573
4725,3631
4725,3847
4725,3911
4725,4027
4725,4085
4725,4118
4725,4178
4725,4308
4725,4320
4725,4362
4725,4482
4725,4549
4725,4555
4725,4908
4725,5014
4725,5039
4725,5301
4725,5541
4725,5604
4725,5630
4725,5743
4725,5839
4725,5907
4725,5971
4725,5992
4725,6179
4725,6198
4725,6298
4725,6314
4725,6328
4725,6370
4725,6575
4725,6589
4725,6719
4725,6867
4725,6868
4725,6946
4725,6967
4725,7032
4725,7039
4725,7045
4725,7153
4725,7191
4725,7365
4725,7375
4725,7376
4725,7441
4725,7548
4725,7576
4725,7579
4726,279
4726,563
4726,999
4726,1146
4726,1324
4726,1587
4726,1982
4726,2284
4726,2757
4726,2813
4726,3741
4726,3845
4726,3903
4726,3924
4726,4008
4726,4143
4726,4208
4726,4280
4726,4351
4726,4357
4726,4567
4726,4612
4726,4673
4726,5131
4726,5587
4726,6006
4726,6587
4726,6623
4726,6653
4726,7504
4726,7565
4727,3788
4727,5162
4727,6231
4727,6635
4727,7126
4728,174
4728,517
4728,541
4728,928
4728,1221
4728,1630
4728,1849
4728,2098
4728,2281
4728,2324
4728,2389
4728,3036
4728,3090
4728,3217
4728,3272
4728,3316
4728,3558
4728,3575
4728,3815
4728,4264
4728,4281
4728,4539
4728,5588
4728,6357
4728,6383
4728,6502
4728,6679
4728,6997
4728,7013
4728,7014
4728,7020
4728,7043
4728,7124
4728,7272
4728,7366
4728,7566
4728,7630
4729,616
4729,1280
4729,1347
4729,1544
4729,1586
4729,1767
4729,1961
4729,2183
4729,2663
4729,2831
4729,3359
4729,3532
4729,3698
4729,4033
4729,4386
4729,4904
4729,4952
4729,5503
4729,6039
4729,6451
4729,6632
4729,6807
4729,7072
4729,7474
4730,402
4731,28
4731,40
4731,456
4731,714
4731,881
4731,920
4731,1098
4731,1185
4731,1280
4731,1417
4731,1429
4731,1872
4731,1962
4731,1975
4731,2220
4731,2415
4731,2586
4731,2738
4731,2795
4731,3157
4731,3277
4731,3359
4731,3856
4731,3889
4731,4033
4731,4373
4731,4522
4731,4565
4731,4668
4731,5022
4731,5254
4731,5376
4731,5504
4731,5708
4731,6015
4731,6807
4731,6852
4731,7020
4732,1336
4732,1565
4732,2035
4732,2053
4732,2100
4732,2230
4732,4242
4732,4657
4732,4720
4732,4843
4732,4866
4732,4903
4732,5020
4732,5086
4732,5548
4732,5592
4732,5601
4732,5642
4732,6205
4732,7497
4732,7516
4732,7575
4733,495
4733,551
4733,1707
4733,1831
4733,1958
4733,2332
4733,3698
4733,4952
4733,5650
4734,89
4734,258
4734,369
4734,593
4734,732
4734,1453
4734,1663
4734,1738
4734,1798
4734,2198
4734,2239
4734,3051
4734,3277
4734,3359
4734,3377
4734,3710
4734,4453
4734,4578
4734,4641
4734,4768
4734,5799
4734,5903
4734,5979
4734,6414
4734,6646
4734,6678
4734,6692
4734,6702
4734,6707
4734,7247
4734,7395
4734,7607
4735,1
4735,39
4735,40
4735,51
4735,106
4735,107
4735,161
4735,211
4735,217
4735,248
4735,483
4735,490
4735,495
4735,680
4735,705
4735,766
4735,856
4735,930
4735,1058
4735,1066
4735,1098
4735,1139
4735,1212
4735,1315
4735,1379
4735,1409
4735,1486
4735,1802
4735,1894
4735,1999
4735,2062
4735,2084
4735,2113
4735,2145
4735,2211
4735,2239
4735,2298
4735,2588
4735,2610
4735,2648
4735,2701
4735,2901
4735,3013
4735,3194
4735,3515
4735,3643
4735,4031
4735,4098
4735,4186
4735,4223
4735,4259
4735,4302
4735,4569
4735,4719
4735,4745
4735,5132
4735,5216
4735,5321
4735,5368
4735,5396
4735,5420
4735,5433
4735,5801
4735,5948
4735,6079
4735,6119
4735,6301
4735,6417
4735,6563
4735,6878
4735,7128
4735,7359
4735,7409
4735,7556
4736,180
4736,531
4736,1559
4736,1680
4736,2245
4736,2616
4736,3497
4736,4205
4736,4291
4736,4837
4736,5822
4736,6072
4736,6577
4736,6776
4736,7595
4736,7606
4737,85
4737,89
4737,304
4737,593
4737,863
4737,1058
4737,1268
4737,1293
4737,1663
4737,1798
4737,1959
4737,2106
4737,2198
4737,2239
4737,2580
4737,2620
4737,3183
4737,3311
4737,3428
4737,4376
4737,4384
4737,4768
4737,4806
4737,5689
4737,5707
4737,6265
4737,6551
4737,6646
4737,6704
4737,6707
4737,7114
4737,7464
4737,7628
4738,66
4738,394
4738,1031
4738,1175
4738,1251
4738,1556
4738,1565
4738,2056
4738,2412
4738,2608
4738,2833
4738,3086
4738,3107
4738,3159
4738,3227
4738,3425
4738,3442
4738,3556
4738,3819
4738,4665
4738,4935
4738,5520
4738,5638
4738,5872
4738,6583
4738,6621
4738,6642
4738,7041
4738,7260
4738,7334
4738,7575
4738,7621
4739,189
4739,275
4739,316
4739,328
4739,463
4739,516
4739,517
4739,698
4739,787
4739,801
4739,806
4739,828
4739,882
4739,909
4739,928
4739,1038
4739,1122
4739,1282
4739,1391
4739,1434
4739,1504
4739,1583
4739,1685
4739,1696
4739,1803
4739,1849
4739,1864
4739,1972
4739,2090
4739,2103
4739,2132
4739,2147
4739,2189
4739,2260
4739,2387
4739,2474
4739,2603
4739,2635
4739,2717
4739,2768
4739,3272
4739,3291
4739,3305
4739,3324
4739,3346
4739,3392
4739,3543
4739,3565
4739,3597
4739,3640
4739,3649
4739,3663
4739,3820
4739,3874
4739,3992
4739,4034
4739,4070
4739,4142
4739,4245
4739,4264
4739,4504
4739,4548
4739,4614
4739,4619
4739,4666
4739,4704
4739,4751
4739,4758
4739,4759
4739,4881
4739,4972
4739,5409
4739,5540
4739,5555
4739,5602
4739,5662
4739,5692
4739,5828
4739,5848
4739,5978
4739,6164
4739,6212
4739,6391
4739,6416
4739,6519
4739,6520
4739,6534
4739,6765
4739,6772
4739,6842
4739,6913
4739,7013
4739,7061
4739,7075
4739,7144
4739,7272
4739,7366
4739,7555
4740,10
4740,206
4740,459
4740,605
4740,1332
4740,1334
4740,1736
4740,1980
4740,2022
4740,2139
4740,2435
4740,3102
4740,3415
4740,3678
4740,3717
4740,3749
4740,4723
4740,4829
4740,5017
4740,5110
4740,5831
4740,5939
4740,6357
4740,6665
4740,6865
4740,6876
4740,7348
4740,7437
4740,7513
4741,517
4741,1630
4741,1759
4741,1864
4741,1969
4741,2114
4741,2281
4741,2327
4741,2557
4741,2754
4741,3090
4741,3167
4741,3528
4741,4300
4741,4666
4741,5306
4741,5588
4741,6104
4741,6257
4741,6502
4741,6666
4741,6679
4741,6956
4741,7043
4741,7075
4741,7144
4741,7255
4741,7566
4742,530
4742,1503
4742,2077
4742,2319
4742,2984
4742,3735
4742,4209
4742,4646
4742,4961
4742,6433
4742,6656
4742,7367
4743,116
4743,194
4743,2198
4743,2239
4743,2816
4743,3203
4743,3433
4743,4324
4743,6211
4743,7151
4743,7467
4744,249
4744,2168
4744,2413
4744,2874
4744,3122
4744,3135
4744,3147
4744,3511
4744,4322
4744,5834
4744,7509
4745,40
4745,51
4745,143
4745,161
4745,456
4745,1185
4745,1610
4745,1904
4745,2001
4745,2113
4745,2809
4745,2955
4745,3077
4745,3179
4745,3339
4745,4173
4745,4294
4745,4735
4745,4940
4745,5022
4745,5504
4745,6119
4745,6369
4745,6452
4745,6733
4745,6777
4745,7365
4745,7602
4746,276
4746,446
4746,518
4746,582
4746,803
4746,942
4746,947
4746,1108
4746,1353
4746,1524
4746,1544
4746,1561
4746,2239
4746,2287
4746,2342
4746,2440
4746,3049
4746,3359
4746,3698
4746,3710
4746,4086
4746,4376
4746,4384
4746,4458
4746,4771
4746,4805
4746,5056
4746,5404
4746,5412
4746,5629
4746,5909
4746,6406
4746,6464
4746,7127
4746,7289
4746,7305
4747,203
4747,215
4747,922
4747,1568
4747,1922
4747,2234
4747,2363
4747,2529
4747,2589
4747,2917
4747,3779
4747,3812
4747,3827
4747,3964
4747,4009
4747,4634
4747,4653
4747,4858
4747,4989
4747,5728
4747,6038
4747,6110
4747,6569
4747,6864
4747,6960
4747,7113
4747,7130
4747,7250
4748,257
4748,303
4748,1468
4748,1728
4748,2133
4748,2249
4748,3082
4748,4399
4748,4655
4748,5025
4748,5135
4748,5815
4748,6062
4748,6138
4748,6217
4748,6480
4748,6550
4748,7229
4748,7500
4749,327
4749,354
4749,452
4749,1201
4749,1602
4749,1635
4749,2203
4749,2301
4749,2693
4749,2747
4749,2936
4749,3144
4749,3917
4749,4568
4749,5443
4749,6267
4749,7279
4750,333
4750,1230
4750,2198
4750,2515
4750,2545
4750,3740
4750,4172
4750,5564
4750,5574
4750,5763
4750,5814
4750,5890
4750,6214
4750,6905
4750,6908
4750,7057
4751,328
4751,442
4751,517
4751,786
4751,1759
4751,1766
4751,1849
4751,2019
4751,2114
4751,2260
4751,2281
4751,2324
4751,2327
4751,2622
4751,2717
4751,2806
4751,3291
4751,3523
4751,3840
4751,3874
4751,4300
4751,4539
4751,4666
4751,4739
4751,5245
4751,5692
4751,6164
4751,6465
4751,6502
4751,6679
4751,6772
4751,7060
4751,7255
4751,7555
4752,310
4752,470
4752,586
4752,1425
4752,1701
4752,2121
4752,2524
4752,2712
4752,2799
4752,2867
4752,3009
4752,3085
4752,3136
4752,3173
4752,3400
4752,3490
4752,3690
4752,3705
4752,3770
4752,3826
4752,3865
4752,4200
4752,4383
4752,4410
4752,4783
4752,5172
4752,5367
4752,5387
4752,6312
4752,6367
4752,6647
4752,7004
4753,2275
4753,2670
4753,5607
4753,6034
4754,72
4754,352
4754,360
4754,672
4754,1280
4754,1429
4754,1645
4754,2111
4754,2376
4754,2581
4754,3510
4754,3623
4754,4067
4754,4116
4754,4679
4754,4805
4754,5063
4754,5428
4754,5544
4754,5556
4754,5734
4754,6038
4754,6388
4754,6458
4754,6481
4754,6569
4754,6600
4754,7130
4754,7233
4754,7250
4755,593
4755,622
4755,906
4755,1100
4755,1280
4755,2102
4755,2198
4755,2239
4755,2553
4755,3704
4755,3799
4755,4641
4755,4805
4755,5234
4755,5255
4755,5734
4755,5982
4755,6215
4755,6673
4755,6702
4755,6887
4756,3244
4757,2
4757,331
4757,544
4757,846
4757,930
4757,980
4757,1036
4757,1118
4757,1198
4757,1372
4757,1764
4757,2000
4757,2612
4757,2739
4757,3026
4757,3313
4757,3329
4757,3952
4757,4183
4757,4320
4757,4362
4757,4376
4757,5501
4757,5535
4757,6293
4757,6298
4757,6328
4757,6358
4757,6684
4757,6719
4757,6868
4757,6986
4757,7191
4757,7558
4757,7590
4758,189
4758,517
4758,649
4758,755
4758,1054
4758,1434
4758,1505
4758,1648
4758,1717
4758,1732
4758,1751
4758,1867
4758,2006
4758,2037
4758,2098
4758,2114
4758,2132
4758,2281
4758,2312
4758,2327
4758,2357
4758,2419
4758,2474
4758,2557
4758,2681
4758,2754
4758,2806
4758,2849
4758,2925
4758,3065
4758,3167
4758,3346
4758,3356
4758,3528
4758,3558
4758,3575
4758,3628
4758,3815
4758,3840
4758,3874
4758,4056
4758,4236
4758,4300
4758,4539
4758,4676
4758,4704
4758,4739
4758,4960
4758,5245
4758,5329
4758,5409
4758,5512
4758,5653
4758,6104
4758,6164
4758,6416
4758,6502
4758,6552
4758,6679
4758,6842
4758,6997
4758,7255
4758,7366
4759,189
4759,328
4759,749
4759,828
4759,1391
4759,1696
4759,1759
4759,1849
4759,1969
4759,2090
4759,2114
4759,2260
4759,2281
4759,2324
4759,2326
4759,2446
4759,2622
4759,2754
4759,2946
4759,3090
4759,3528
4759,3597
4759,3663
4759,4412
4759,4614
4759,4666
4759,4739
4759,4960
4759,4972
4759,5164
4759,5448
4759,5512
4759,5602
4759,5848
4759,6046
4759,6164
4759,6534
4759,6842
4760,37
4761,147
4761,481
4761,561
4761,746
4761,943
4761,1223
4761,1622
4761,1646
4761,2499
4761,2843
4761,2853
4761,4004
4761,4191
4761,4244
4761,4252
4761,4411
4761,4423
4761,4564
4761,4663
4761,5228
4761,5357
4761,5928
4761,5974
4761,6106
4761,6222
4761,6311
4761,6488
4761,6609
4761,6625
4761,6924
4761,7383
4761,7489
4761,7598
4762,301
4762,514
4762,829
4762,1052
4762,1653
4762,2016
4762,2288
4762,2570
4762,2863
4762,2880
4762,3097
4762,3145
4762,3265
4762,3358
4762,3397
4762,3793
4762,4066
4762,4094
4762,4486
4762,4913
4762,5796
4762,5899
4762,6071
4762,6351
4762,6420
4762,6724
4762,6744
4762,6914
4763,595
4763,884
4763,1537
4763,1923
4763,2064
4763,4208
4763,4925
4763,5884
4763,5934
4763,6130
4763,6194
4763,6247
4763,6423
4763,6480
4763,7009
4764,1069
4764,1091
4764,1802
4764,2143
4764,2977
4764,3330
4764,3607
4764,3672
4764,3895
4764,4037
4764,4054
4764,4223
4764,4343
4764,6098
4764,6581
4764,7067
4765,547
4765,565
4765,574
4765,1886
4765,2466
4765,2846
4765,4481
4765,5196
4765,6932
4766,1482
4766,7172
4766,7476
4767,648
4767,1252
4767,1335
4767,1618
4767,1650
4767,1987
4767,2213
4767,3240
4767,3351
4767,3566
4767,4282
4767,4362
4767,4422
4767,5175
4767,5550
4767,5571
4767,6123
4767,6558
4767,7153
4768,77
4768,124
4768,258
4768,269
4768,293
4768,318
4768,446
4768,449
4768,469
4768,593
4768,633
4768,774
4768,863
4768,1067
4768,1104
4768,1105
4768,1254
4768,1402
4768,1472
4768,1492
4768,1494
4768,1513
4768,1551
4768,1614
4768,1634
4768,1661
4768,1684
4768,1796
4768,2010
4768,2043
4768,2087
4768,2198
4768,2239
4768,2370
4768,2502
4768,2521
4768,2614
4768,2931
4768,3079
4768,3149
4768,3221
4768,3269
4768,3277
4768,3284
4768,3347
4768,3359
4768,3363
4768,3428
4768,3710
4768,3859
4768,3958
4768,4091
4768,4111
4768,4167
4768,4182
4768,4203
4768,4376
4768,4402
4768,4421
4768,4422
4768,4510
4768,4556
4768,4642
4768,4672
4768,4682
4768,4734
4768,4737
4768,4805
4768,4806
4768,5008
4768,5199
4768,5214
4768,5372
4768,5385
4768,5392
4768,5404
4768,5468
4768,5471
4768,5543
4768,5562
4768,5626
4768,5646
4768,5689
4768,5707
4768,5797
4768,5903
4768,5955
4768,6077
4768,6449
4768,6526
4768,6551
4768,6620
4768,6646
4768,6658
4768,6702
4768,6704
4768,6707
4768,6825
4768,6880
4768,6887
4768,6890
4768,7003
4768,7023
4768,7114
4768,7159
4768,7166
4768,7209
4768,7395
4768,7464
4768,7628
4769,128
4769,252
4769,564
4769,908
4769,1300
4769,1358
4769,1435
4769,1490
4769,1550
4769,2044
4769,2094
4769,2378
4769,2707
4769,2944
4769,3418
4769,3555
4769,4277
4769,4430
4769,4882
4769,5118
4769,5192
4769,5486
4769,5625
4769,5636
4769,6555
4769,6955
4769,7094
4769,7393
4770,5594
4771,0
4771,269
4771,552
4771,582
4771,593
4771,616
4771,947
4771,1058
4771,1108
4771,1344
4771,1561
4771,1744
4771,1961
4771,2166
4771,2198
4771,2239
4771,2287
4771,2484
4771,2738
4771,2823
4771,2950
4771,3049
4771,3070
4771,3080
4771,3152
4771,3277
4771,3282
4771,3532
4771,3704
4771,3710
4771,3866
4771,4182
4771,4376
4771,4458
4771,4522
4771,4746
4771,4805
4771,4948
4771,5007
4771,5056
4771,5167
4771,5194
4771,5398
4771,5404
4771,5412
4771,5415
4771,5764
4771,5909
4771,6354
4771,6406
4771,6414
4771,6778
4771,6847
4771,6952
4771,7097
4771,7127
4771,7289
4771,7395
4771,7467
4772,661
4772,1038
4772,1630
4772,1864
4772,1881
4772,2037
4772,2260
4772,2281
4772,4666
4772,4881
4772,6679
4773,85
4773,3370
4774,183
4774,593
4774,1498
4774,1805
4774,1942
4774,2595
4774,3704
4774,4074
4774,4538
4774,4590
4774,4695
4774,5359
4774,5538
4774,6361
4774,6414
4774,6673
4774,6702
4774,6849
4774,6978
4774,7215
4775,1990
4775,2052
4775,2644
4775,4015
4775,5454
4775,7190
4776,2850
4776,3494
4776,3747
4776,4925
4776,5547
4776,6002
4776,6130
4777,497
4777,757
4777,764
4777,3817
4778,61
4778,593
4778,1711
4778,1746
4778,2106
4778,2198
4778,2239
4778,4522
4778,6468
4778,6702
4778,7036
4779,200
4779,912
4779,1338
4779,1441
4779,1556
4779,2077
4779,2121
4779,2607
4779,3645
4779,3934
4779,4922
4779,5172
4779,7019
4780,1213
4780,1411
4780,3345
4780,4363
4780,6891
4781,265
4781,1738
4781,4024
4782,89
4782,369
4782,593
4782,1663
4782,2396
4782,3897
4782,4184
4782,4578
4782,6135
4782,6551
4782,6678
4782,6702
4783,310
4783,1425
4783,2867
4783,3085
4783,3400
4783,3490
4783,3865
4783,4410
4783,4518
4783,4752
4783,5422
4783,5994
4783,6314
4783,6367
4783,7004
4783,7175
4783,7498
4784,3275
4784,5511
4785,85
4785,103
4785,904
4785,1058
4785,1293
4785,1453
4785,1549
4785,1621
4785,2106
4785,2215
4785,2339
4785,2370
4785,2377
4785,2620
4785,2911
4785,3068
4785,3183
4785,3311
4785,3370
4785,3408
4785,3538
4785,3672
4785,3895
4785,3948
4785,4067
4785,4080
4785,4376
4785,4384
4785,4952
4785,5132
4785,5222
4785,5296
4785,5593
4785,6551
4785,6618
4785,6760
4785,6811
4785,7096
4785,7171
4785,7197
4785,7252
4785,7385
4785,7572
4786,894
4786,2742
4786,3824
4786,3828
4786,3829
4786,4260
4786,5024
4786,5725
4786,5970
4786,6316
4786,6612
4787,69
4787,85
4787,98
4787,260
4787,304
4787,369
4787,593
4787,869
4787,951
4787,1022
4787,1067
4787,1268
4787,1293
4787,1368
4787,1415
4787,1592
4787,1668
4787,1784
4787,1798
4787,1833
4787,1842
4787,2048
4787,2106
4787,2115
4787,2198
4787,2521
4787,2711
4787,2882
4787,3132
4787,3172
4787,3235
4787,3252
4787,3347
4787,3459
4787,3476
4787,3616
4787,3646
4787,3693
4787,3756
4787,3951
4787,4158
4787,4303
4787,4376
4787,4384
4787,4465
4787,4608
4787,4616
4787,4806
4787,4847
4787,5296
4787,5404
4787,5646
4787,5707
4787,5740
4787,5756
4787,5816
4787,5881
4787,5955
4787,5976
4787,6492
4787,6540
4787,6551
4787,6702
4787,6707
4787,6801
4787,6804
4787,6843
4787,7003
4787,7023
4787,7044
4787,7071
4787,7147
4787,7210
4787,7296
4787,7395
4787,7465
4787,7572
4788,4568
4789,965
4789,2813
4789,3236
4789,4181
4789,5380
4789,5876
4789,6623
4790,308
4790,495
4790,766
4790,835
4790,1120
4790,1418
4790,1532
4790,1673
4790,1682
4790,1794
4790,1817
4790,1979
4790,2055
4790,2917
4790,3492
4790,3578
4790,3887
4790,4863
4790,5378
4790,5589
4790,5749
4790,5880
4790,5944
4790,6098
4790,6960
4790,6980
4790,7125
4790,7142
4790,7250
4790,7387
4790,7467
4790,7518
4791,26
4791,134
4791,592
4791,658
4791,739
4791,1004
4791,1082
4791,1092
4791,1194
4791,1280
4791,1591
4791,1744
4791,1899
4791,1999
4791,2173
4791,2198
4791,2239
4791,2294
4791,2375
4791,2556
4791,2685
4791,2871
4791,2887
4791,2921
4791,3053
4791,3221
4791,3243
4791,3377
4791,3438
4791,3502
4791,3657
4791,3807
4791,3923
4791,4013
4791,4082
4791,4217
4791,4345
4791,4376
4791,4806
4791,4912
4791,5042
4791,5133
4791,5293
4791,5404
4791,5568
4791,5597
4791,6039
4791,6343
4791,6353
4791,6702
4791,6740
4791,6790
4791,6847
4791,7119
4791,7147
4791,7276
4791,7283
4791,7344
4791,7526
4791,7534
4792,593
4792,1167
4792,2239
4792,3051
4792,3715
4792,3947
4792,4164
4792,5234
4792,5664
4792,6887
4792,7464
4793,282
4793,577
4793,873
4793,1998
4793,2252
4793,2619
4793,2971
4793,3200
4793,3208
4793,3813
4793,4520
4793,4649
4793,5134
4793,5805
4793,5988
4793,6065
4793,6694
4793,6862
4793,7034
4793,7199
4793,7329
4794,437
4794,798
4794,1207
4794,1352
4794,1606
4794,2085
4794,2297
4794,3200
4794,3390
4794,3497
4794,3694
4794,3921
4794,4299
4794,4370
4794,5450
4794,6150
4794,6529
4794,6543
4794,7002
4794,7185
4794,7199
4794,7315
4794,7429
4795,491
4795,645
4795,890
4795,1213
4795,1306
4795,1411
4795,2054
4795,2504
4795,3057
4795,3562
4795,4363
4795,5236
4795,5395
4795,5599
4795,6127
4795,6871
4795,7378
4795,7457
4796,355
4796,2168
4796,2413
4796,2874
4796,3147
4796,6988
4797,4186
4797,5511
4797,7330
4797,7445
4798,2990
4799,829
4799,2570
4799,2863
4799,2898
4799,3358
4799,3793
4799,4094
4799,4654
4799,4869
4799,4913
4799,5527
4799,5771
4799,5777
4799,5912
4799,6542
4799,6744
4800,667
4800,982
4800,1065
4800,1567
4800,1804
4800,1909
4800,2168
4800,2196
4800,2333
4800,3684
4800,5053
4800,5934
4800,6130
4800,6138
4800,6423
4800,6482
4800,6884
4800,7133
4800,7343
4801,85
4801,260
4801,593
4801,904
4801,1011
4801,1293
4801,1453
4801,1624
4801,1798
4801,2215
4801,2883
4801,2911
4801,3069
4801,3183
4801,3538
4801,3895
4801,4080
4801,4384
4801,4578
4801,4952
4801,5881
4801,5947
4801,6395
4801,6551
4801,6618
4801,6760
4801,6933
4802,273
4802,554
4802,557
4802,763
4802,871
4802,965
4802,995
4802,1488
4802,1656
4802,2443
4802,2756
4802,2757
4802,2813
4802,3064
4802,3460
4802,3516
4802,3619
4802,3741
4802,3924
4802,4008
4802,4143
4802,4280
4802,4673
4802,5266
4802,5686
4802,6163
4802,6623
4802,6653
4802,6874
4802,7271
4802,7432
4803,85
4803,103
4803,260
4803,762
4803,1427
4803,1444
4803,1453
4803,1456
4803,1545
4803,1778
4803,1860
4803,1862
4803,2013
4803,2040
4803,2106
4803,2239
4803,2290
4803,2320
4803,2571
4803,2911
4803,3025
4803,3171
4803,3183
4803,3311
4803,3408
4803,3459
4803,3602
4803,3698
4803,3895
4803,3926
4803,4080
4803,4083
4803,4091
4803,4174
4803,4184
4803,4376
4803,4384
4803,4420
4803,4806
4803,4952
4803,5222
4803,5296
4803,5661
4803,5816
4803,6039
4803,6297
4803,6462
4803,6551
4803,6618
4803,6646
4803,6707
4803,6738
4803,6760
4803,7320
4803,7464
4803,7487
4803,7535
4803,7599
4804,429
4804,941
4804,1009
4804,1057
4804,1450
4804,1541
4804,1629
4804,1773
4804,2149
4804,2416
4804,2680
4804,2803
4804,2840
4804,3046
4804,3107
4804,3244
4804,3267
4804,3354
4804,3495
4804,3586
4804,3676
4804,3989
4804,4051
4804,4260
4804,4646
4804,4656
4804,4810
4804,5071
4804,5185
4804,5358
4804,5723
4804,5802
4804,5922
4804,6084
4804,6191
4804,6418
4804,6509
4804,6556
4804,6698
4804,7145
4804,7281
4804,7386
4804,7391
4805,3
4805,5
4805,15
4805,28
4805,34
4805,41
4805,42
4805,76
4805,77
4805,99
4805,109
4805,115
4805,116
4805,134
4805,143
4805,169
4805,170
4805,192
4805,196
4805,220
4805,224
4805,233
4805,272
4805,276
4805,322
4805,336
4805,346
4805,351
4805,358
4805,360
4805,366
4805,377
4805,410
4805,421
4805,432
4805,434
4805,438
4805,446
4805,456
4805,469
4805,473
4805,489
4805,494
4805,495
4805,552
4805,558
4805,576
4805,596
4805,599
4805,632
4805,655
4805,669
4805,672
4805,673
4805,675
4805,689
4805,696
4805,707
4805,711
4805,712
4805,722
4805,723
4805,731
4805,760
4805,764
4805,774
4805,784
4805,785
4805,803
4805,804
4805,809
4805,811
4805,813
4805,821
4805,832
4805,835
4805,836
4805,847
4805,872
4805,874
4805,898
4805,905
4805,906
4805,920
4805,924
4805,934
4805,942
4805,945
4805,954
4805,967
4805,971
4805,990
4805,1002
4805,1017
4805,1018
4805,1019
4805,1042
4805,1046
4805,1058
4805,1062
4805,1063
4805,1097
4805,1102
4805,1103
4805,1129
4805,1130
4805,1145
4805,1152
4805,1153
4805,1176
4805,1185
4805,1195
4805,1209
4805,1210
4805,1211
4805,1250
4805,1254
4805,1271
4805,1280
4805,1284
4805,1317
4805,1337
4805,1344
4805,1357
4805,1370
4805,1382
4805,1399
4805,1415
4805,1417
4805,1429
4805,1442
4805,1467
4805,1472
4805,1481
4805,1494
4805,1495
4805,1496
4805,1513
4805,1517
4805,1518
4805,1520
4805,1551
4805,1561
4805,1568
4805,1569
4805,1579
4805,1581
4805,1631
4805,1634
4805,1642
4805,1645
4805,1650
4805,1651
4805,1655
4805,1661
4805,1663
4805,1667
4805,1671
4805,1673
4805,1695
4805,1708
4805,1718
4805,1723
4805,1730
4805,1738
4805,1744
4805,1767
4805,1779
4805,1790
4805,1796
4805,1797
4805,1809
4805,1817
4805,1829
4805,1854
4805,1862
4805,1875
4805,1876
4805,1877
4805,1884
4805,1899
4805,1905
4805,1915
4805,1929
4805,1948
4805,1959
4805,1966
4805,1979
4805,1990
4805,1993
4805,1996
4805,2005
4805,2024
4805,2026
4805,2032
4805,2041
4805,2049
4805,2066
4805,2089
4805,2093
4805,2095
4805,2104
4805,2111
4805,2115
4805,2129
4805,2163
4805,2172
4805,2175
4805,2195
4805,2198
4805,2206
4805,2208
4805,2229
4805,2233
4805,2234
4805,2239
4805,2244
4805,2247
4805,2253
4805,2258
4805,2262
4805,2267
4805,2270
4805,2279
4805,2287
4805,2317
4805,2334
4805,2340
4805,2345
4805,2358
4805,2363
4805,2368
4805,2370
4805,2376
4805,2406
4805,2410
4805,2418
4805,2427
4805,2431
4805,2432
4805,2440
4805,2441
4805,2461
4805,2471
4805,2485
4805,2487
4805,2494
4805,2502
4805,2509
4805,2513
4805,2514
4805,2553
4805,2558
4805,2559
4805,2563
4805,2573
4805,2581
4805,2586
4805,2587
4805,2592
4805,2595
4805,2598
4805,2627
4805,2634
4805,2637
4805,2645
4805,2649
4805,2650
4805,2682
4805,2686
4805,2704
4805,2714
4805,2716
4805,2736
4805,2738
4805,2781
4805,2793
4805,2795
4805,2798
4805,2807
4805,2835
4805,2857
4805,2871
4805,2881
4805,2904
4805,2906
4805,2913
4805,2917
4805,2929
4805,2935
4805,2950
4805,2958
4805,2961
4805,2970
4805,2972
4805,2981
4805,2988
4805,2991
4805,3019
4805,3049
4805,3050
4805,3051
4805,3056
4805,3074
4805,3078
4805,3080
4805,3081
4805,3103
4805,3109
4805,3114
4805,3115
4805,3118
4805,3138
4805,3155
4805,3160
4805,3170
4805,3177
4805,3193
4805,3202
4805,3203
4805,3218
4805,3221
4805,3234
4805,3249
4805,3259
4805,3268
4805,3271
4805,3279
4805,3295
4805,3304
4805,3311
4805,3331
4805,3362
4805,3373
4805,3381
4805,3384
4805,3403
4805,3419
4805,3433
4805,3438
4805,3445
4805,3457
4805,3469
4805,3492
4805,3510
4805,3514
4805,3521
4805,3527
4805,3542
4805,3545
4805,3546
4805,3578
4805,3581
4805,3587
4805,3612
4805,3617
4805,3623
4805,3648
4805,3650
4805,3659
4805,3683
4805,3692
4805,3697
4805,3704
4805,3713
4805,3720
4805,3721
4805,3723
4805,3742
4805,3748
4805,3750
4805,3753
4805,3817
4805,3856
4805,3867
4805,3878
4805,3889
4805,3931
4805,3952
4805,3962
4805,3964
4805,3985
4805,3991
4805,4024
4805,4028
4805,4044
4805,4074
4805,4086
4805,4090
4805,4102
4805,4115
4805,4116
4805,4120
4805,4160
4805,4161
4805,4164
4805,4188
4805,4194
4805,4203
4805,4204
4805,4206
4805,4210
4805,4211
4805,4212
4805,4216
4805,4218
4805,4241
4805,4243
4805,4263
4805,4273
4805,4304
4805,4371
4805,4373
4805,4376
4805,4408
4805,4442
4805,4479
4805,4541
4805,4553
4805,4570
4805,4573
4805,4576
4805,4578
4805,4579
4805,4592
4805,4594
4805,4595
4805,4608
4805,4641
4805,4642
4805,4669
4805,4670
4805,4679
4805,4680
4805,4685
4805,4688
4805,4691
4805,4693
4805,4709
4805,4714
4805,4715
4805,4746
4805,4754
4805,4755
4805,4768
4805,4771
4805,4827
4805,4831
4805,4835
4805,4857
4805,4858
4805,4863
4805,4869
4805,4870
4805,4940
4805,4941
4805,4944
4805,4946
4805,4957
4805,4967
4805,5007
4805,5037
4805,5048
4805,5049
4805,5056
4805,5058
4805,5064
4805,5068
4805,5070
4805,5108
4805,5112
4805,5141
4805,5148
4805,5155
4805,5158
4805,5170
4805,5176
4805,5177
4805,5189
4805,5193
4805,5194
4805,5195
4805,5203
4805,5208
4805,5209
4805,5213
4805,5219
4805,5231
4805,5234
4805,5240
4805,5251
4805,5258
4805,5264
4805,5273
4805,5286
4805,5290
4805,5301
4805,5304
4805,5307
4805,5312
4805,5316
4805,5328
4805,5330
4805,5332
4805,5335
4805,5340
4805,5343
4805,5352
4805,5359
4805,5362
4805,5365
4805,5403
4805,5404
4805,5412
4805,5415
4805,5428
4805,5445
4805,5459
4805,5468
4805,5470
4805,5484
4805,5487
4805,5496
4805,5504
4805,5518
4805,5531
4805,5543
4805,5544
4805,5549
4805,5551
4805,5556
4805,5557
4805,5559
4805,5593
4805,5594
4805,5612
4805,5629
4805,5649
4805,5651
4805,5667
4805,5669
4805,5678
4805,5682
4805,5708
4805,5716
4805,5729
4805,5732
4805,5734
4805,5758
4805,5761
4805,5764
4805,5772
4805,5782
4805,5786
4805,5804
4805,5819
4805,5832
4805,5833
4805,5840
4805,5853
4805,5855
4805,5859
4805,5865
4805,5878
4805,5880
4805,5881
4805,5888
4805,5889
4805,5895
4805,5897
4805,5898
4805,5937
4805,5961
4805,5979
4805,5982
4805,6009
4805,6038
4805,6040
4805,6055
4805,6066
4805,6078
4805,6101
4805,6126
4805,6128
4805,6131
4805,6140
4805,6152
4805,6170
4805,6183
4805,6189
4805,6193
4805,6197
4805,6209
4805,6230
4805,6272
4805,6309
4805,6330
4805,6342
4805,6354
4805,6365
4805,6381
4805,6388
4805,6403
4805,6409
4805,6414
4805,6424
4805,6438
4805,6449
4805,6458
4805,6464
4805,6474
4805,6475
4805,6484
4805,6486
4805,6512
4805,6526
4805,6528
4805,6540
4805,6584
4805,6592
4805,6597
4805,6636
4805,6669
4805,6672
4805,6673
4805,6684
4805,6688
4805,6723
4805,6731
4805,6732
4805,6758
4805,6769
4805,6787
4805,6807
4805,6834
4805,6843
4805,6844
4805,6847
4805,6850
4805,6852
4805,6887
4805,6904
4805,6907
4805,6909
4805,6930
4805,6945
4805,6958
4805,6960
4805,6968
4805,6980
4805,6990
4805,6994
4805,7003
4805,7005
4805,7010
4805,7021
4805,7042
4805,7090
4805,7091
4805,7096
4805,7106
4805,7116
4805,7125
4805,7130
4805,7139
4805,7151
4805,7159
4805,7164
4805,7168
4805,7179
4805,7203
4805,7213
4805,7215
4805,7216
4805,7233
4805,7250
4805,7262
4805,7266
4805,7280
4805,7289
4805,7294
4805,7302
4805,7310
4805,7312
4805,7320
4805,7328
4805,7337
4805,7339
4805,7352
4805,7364
4805,7369
4805,7382
4805,7413
4805,7428
4805,7440
4805,7446
4805,7448
4805,7466
4805,7467
4805,7477
4805,7493
4805,7511
4805,7517
4805,7518
4805,7520
4805,7526
4805,7536
4805,7546
4805,7550
4805,7553
4805,7560
4805,7572
4805,7573
4805,7577
4805,7587
4805,7627
4805,7638
4806,23
4806,69
4806,85
4806,109
4806,138
4806,201
4806,220
4806,240
4806,258
4806,260
4806,304
4806,345
4806,346
4806,369
4806,473
4806,479
4806,482
4806,542
4806,553
4806,593
4806,604
4806,607
4806,727
4806,731
4806,735
4806,762
4806,795
4806,810
4806,813
4806,836
4806,863
4806,869
4806,951
4806,958
4806,973
4806,986
4806,989
4806,1024
4806,1040
4806,1058
4806,1067
4806,1093
4806,1102
4806,1105
4806,1113
4806,1170
4806,1178
4806,1210
4806,1211
4806,1218
4806,1249
4806,1254
4806,1268
4806,1330
4806,1370
4806,1399
4806,1402
4806,1415
4806,1421
4806,1431
4806,1453
4806,1472
4806,1485
4806,1524
4806,1526
4806,1545
4806,1582
4806,1614
4806,1621
4806,1634
4806,1665
4806,1668
4806,1684
4806,1690
4806,1712
4806,1723
4806,1735
4806,1747
4806,1763
4806,1782
4806,1784
4806,1796
4806,1798
4806,1833
4806,1840
4806,1880
4806,1918
4806,1959
4806,1965
4806,2010
4806,2013
4806,2039
4806,2106
4806,2115
4806,2120
4806,2129
4806,2198
4806,2229
4806,2239
4806,2313
4806,2320
4806,2340
4806,2370
4806,2393
4806,2406
4806,2410
4806,2441
4806,2564
4806,2571
4806,2573
4806,2600
4806,2617
4806,2745
4806,2772
4806,2808
4806,2866
4806,2881
4806,2882
4806,2888
4806,2911
4806,2931
4806,2938
4806,2981
4806,2991
4806,3025
4806,3062
4806,3079
4806,3171
4806,3184
4806,3226
4806,3279
4806,3289
4806,3297
4806,3334
4806,3347
4806,3362
4806,3363
4806,3370
4806,3377
4806,3403
4806,3428
4806,3456
4806,3459
4806,3476
4806,3502
4806,3616
4806,3646
4806,3659
4806,3693
4806,3708
4806,3713
4806,3715
4806,3748
4806,3756
4806,3867
4806,3996
4806,4071
4806,4080
4806,4090
4806,4091
4806,4095
4806,4114
4806,4157
4806,4164
4806,4167
4806,4184
4806,4203
4806,4248
4806,4253
4806,4290
4806,4303
4806,4326
4806,4355
4806,4376
4806,4384
4806,4453
4806,4465
4806,4466
4806,4499
4806,4525
4806,4535
4806,4556
4806,4570
4806,4595
4806,4608
4806,4616
4806,4642
4806,4669
4806,4737
4806,4768
4806,4787
4806,4791
4806,4803
4806,4845
4806,4952
4806,4983
4806,5008
4806,5058
4806,5070
4806,5091
4806,5099
4806,5194
4806,5220
4806,5251
4806,5258
4806,5259
4806,5286
4806,5296
4806,5344
4806,5381
4806,5404
4806,5463
4806,5468
4806,5471
4806,5490
4806,5593
4806,5612
4806,5646
4806,5649
4806,5707
4806,5714
4806,5730
4806,5732
4806,5740
4806,5756
4806,5799
4806,5816
4806,5859
4806,5881
4806,5937
4806,5945
4806,5955
4806,5976
4806,6021
4806,6039
4806,6047
4806,6075
4806,6082
4806,6183
4806,6242
4806,6284
4806,6313
4806,6400
4806,6430
4806,6449
4806,6462
4806,6484
4806,6492
4806,6540
4806,6551
4806,6562
4806,6597
4806,6618
4806,6631
4806,6646
4806,6658
4806,6669
4806,6678
4806,6701
4806,6702
4806,6707
4806,6723
4806,6760
4806,6774
4806,6877
4806,6892
4806,6895
4806,6906
4806,6968
4806,6971
4806,6984
4806,7003
4806,7008
4806,7010
4806,7023
4806,7044
4806,7046
4806,7070
4806,7085
4806,7091
4806,7114
4806,7166
4806,7231
4806,7277
4806,7280
4806,7320
4806,7369
4806,7448
4806,7464
4806,7520
4806,7535
4806,7537
4806,7539
4806,7568
4806,7572
4806,7580
4806,7582
4806,7592
4806,7593
4806,7607
4806,7617
4809,1010
4809,3100
4809,4853
4809,5298
4809,5854
4810,28
4810,148
4810,157
4810,241
4810,302
4810,402
4810,465
4810,545
4810,668
4810,753
4810,765
4810,791
4810,878
4810,918
4810,1075
4810,1276
4810,1381
4810,1403
4810,1480
4810,1710
4810,1879
4810,1905
4810,2165
4810,2293
4810,2316
4810,2344
4810,2709
4810,2727
4810,2749
4810,3095
4810,3197
4810,3205
4810,3352
4810,3429
4810,3483
4810,3629
4810,3633
4810,3792
4810,3814
4810,3914
4810,4103
4810,4150
4810,4239
4810,4361
4810,4445
4810,4520
4810,4656
4810,4665
4810,4705
4810,4804
4810,4906
4810,5238
4810,5239
4810,5298
4810,5331
4810,5370
4810,5388
4810,5391
4810,5496
4810,5539
4810,5560
4810,5617
4810,5638
4810,5723
4810,6031
4810,6084
4810,6420
4810,6429
4810,6463
4810,6469
4810,6504
4810,6606
4810,6642
4810,6674
4810,6739
4810,6773
4810,6795
4810,6807
4810,6859
4810,6998
4810,7155
4810,7292
4810,7386
4810,7442
4810,7447
4810,7482
4810,7618
4811,212
4811,304
4811,526
4811,584
4811,593
4811,628
4811,683
4811,936
4811,1287
4811,1291
4811,1453
4811,1521
4811,1716
4811,1733
4811,2059
4811,2186
4811,2198
4811,2215
4811,2525
4811,2703
4811,2903
4811,2945
4811,3134
4811,3183
4811,3296
4811,3506
4811,3510
4811,3559
4811,3702
4811,3781
4811,3920
4811,4067
4811,4153
4811,4384
4811,4584
4811,4952
4811,5132
4811,5174
4811,5665
4811,5775
4811,6296
4811,6348
4811,6412
4811,6427
4811,6610
4811,6699
4811,6909
4811,6920
4811,7077
4811,7131
4811,7175
4812,26
4812,383
4812,592
4812,739
4812,1082
4812,1100
4812,1194
4812,1591
4812,1993
4812,2095
4812,2198
4812,2556
4812,2685
4812,2778
4812,2887
4812,3243
4812,3247
4812,3294
4812,3657
4812,3923
4812,4082
4812,4345
4812,4848
4812,5133
4812,5293
4812,5302
4812,5493
4812,5703
4812,5734
4812,5932
4812,5958
4812,6175
4812,6343
4812,6371
4812,6702
4812,7398
4812,7601
4813,1487
4813,1593
4813,1903
4813,3210
4813,4149
4813,4287
4813,5256
4813,5591
4813,6094
4813,6453
4813,7631
4814,745
4814,1537
4814,2168
4814,2196
4814,3041
4814,3084
4814,3375
4814,3494
4814,3759
4814,3905
4814,4292
4814,6362
4814,7291
4814,7404
4814,7530
4815,140
4815,1451
4815,1547
4815,1968
4815,2167
4815,2178
4815,2429
4815,2459
4815,3192
4815,3200
4815,3639
4815,3694
4815,3971
4815,4018
4815,4134
4815,4374
4815,4597
4815,4652
4815,4929
4815,4996
4815,5516
4815,5900
4815,6167
4815,6248
4815,6326
4815,6809
4815,6820
4815,6862
4815,7199
4815,7358
4816,261
4816,345
4816,593
4816,659
4816,706
4816,1165
4816,1210
4816,1491
4816,1517
4816,1592
4816,1744
4816,1899
4816,2198
4816,2553
4816,2675
4816,2981
4816,3287
4816,3547
4816,3623
4816,3683
4816,3748
4816,4243
4816,4870
4816,5054
4816,5518
4816,5543
4816,5612
4816,5679
4816,6024
4816,6414
4816,6475
4816,6492
4816,6787
4816,6907
4816,6930
4816,6968
4816,7003
4816,7044
4816,7070
4816,7346
4817,88
4817,100
4817,146
4817,301
4817,395
4817,514
4817,761
4817,1181
4817,1362
4817,1987
4817,2265
4817,2374
4817,2910
4817,3005
4817,3554
4817,3778
4817,3956
4817,4033
4817,4189
4817,4222
4817,4378
4817,4400
4817,4551
4817,4577
4817,4617
4817,4687
4817,5226
4817,5248
4817,5550
4817,6048
4817,6114
4817,6378
4817,6592
4817,6627
4817,6729
4817,6766
4817,6896
4817,7169
4817,7304
4818,414
4818,1559
4818,1765
4818,1839
4818,2616
4818,4192
4818,4837
4818,5642
4818,5822
4818,6405
4818,6697
4819,541
4819,786
4819,1221
4819,1751
4819,1864
4819,2132
4819,2357
4819,3392
4819,3401
4819,3553
4819,3628
4819,4554
4819,5306
4819,6679
4819,6956
4819,7255
4819,7470
4820,835
4820,3249
4820,3433
4820,3578
4821,4437
4821,7172
4821,7476
4822,114
4822,161
4822,389
4822,411
4822,456
4822,881
4822,1429
4822,2171
4822,2572
4822,2586
4822,2626
4822,2743
4822,2820
4822,3216
4822,3277
4822,3532
4822,3561
4822,3834
4822,3889
4822,3983
4822,4154
4822,4373
4822,4522
4822,4565
4822,5022
4822,6069
4822,6403
4822,6604
4822,6775
4822,7032
4822,7290
4822,7330
4822,7357
4822,7510
4822,7524
4822,7592
4823,87
4823,329
4823,429
4823,523
4823,634
4823,638
4823,648
4823,752
4823,1261
4823,1394
4823,1436
4823,1731
4823,1987
4823,2081
4823,2213
4823,2481
4823,2527
4823,2574
4823,2997
4823,3176
4823,3240
4823,3351
4823,4462
4823,5183
4823,5315
4823,5379
4823,5550
4823,5571
4823,5778
4823,5930
4823,6142
4823,6548
4823,6721
4823,6861
4823,7087
4823,7267
4823,7414
4824,1688
4824,2000
4824,2254
4824,4136
4824,4482
4824,4621
4824,5253
4824,6328
4824,6491
4825,354
4825,452
4825,1147
4825,1201
4825,1779
4825,1837
4825,1968
4825,1971
4825,2278
4825,2580
4825,3522
4825,4119
4825,4481
4825,5021
4825,6158
4825,6697
4825,7148
4825,7301
4826,3498
4827,42
4827,260
4827,552
4827,593
4827,1178
4827,1210
4827,1293
4827,1415
4827,1453
4827,1472
4827,1634
4827,1744
4827,1798
4827,1959
4827,2115
4827,2198
4827,2370
4827,2553
4827,2738
4827,2981
4827,3189
4827,3748
4827,4071
4827,4090
4827,4376
4827,4384
4827,4536
4827,4805
4827,4952
4827,5070
4827,5194
4827,5344
4827,5404
4827,5415
4827,5559
4827,5612
4827,5707
4827,5816
4827,5881
4827,6354
4827,6707
4827,6847
4827,7003
4827,7085
4827,7289
4827,7369
4827,7464
4827,7572
4828,26
4828,419
4828,592
4828,739
4828,1002
4828,1082
4828,1194
4828,1591
4828,2095
4828,2117
4828,2198
4828,2556
4828,2685
4828,2778
4828,2887
4828,3049
4828,3063
4828,3243
4828,3247
4828,3294
4828,3657
4828,3923
4828,4082
4828,4345
4828,4848
4828,4912
4828,5133
4828,5234
4828,5293
4828,5568
4828,5703
4828,5958
4828,6175
4828,6343
4828,6371
4828,6790
4828,6847
4828,7119
4828,7398
4828,7601
4829,10
4829,349
4829,605
4829,981
4829,1264
4829,1334
4829,1736
4829,1881
4829,1980
4829,2337
4829,2435
4829,2623
4829,3102
4829,3678
4829,3711
4829,3717
4829,3749
4829,4723
4829,4740
4829,5110
4829,5509
4829,5929
4829,5939
4829,6357
4829,6557
4829,7348
4829,7437
4829,7458
4829,7513
4830,415
4830,1430
4830,1453
4830,2370
4830,4269
4830,4384
4830,5704
4830,6760
4830,6794
4830,6954
4830,7269
4830,7582
4831,858
4831,1103
4831,2066
4831,2125
4831,2198
4831,2502
4831,2586
4831,4371
4831,4376
4831,4670
4831,4805
4831,5180
4831,6012
4831,6246
4832,835
4832,2706
4832,2973
4832,3335
4832,6942
4833,2833
4834,3510
4834,5594
4834,6897
4835,276
4835,756
4835,764
4835,835
4835,1280
4835,1429
4835,1470
4835,1744
4835,1929
4835,2198
4835,2239
4835,2286
4835,2400
4835,2447
4835,3295
4835,3433
4835,3578
4835,3704
4835,4194
4835,4805
4835,5664
4835,7467
4836,593
4836,1862
4836,4670
4836,5816
4836,5840
4836,7582
4837,180
4837,1559
4837,1680
4837,2616
4837,2785
4837,2836
4837,4205
4837,4291
4837,4699
4837,4736
4837,4818
4837,5822
4837,6405
4837,6776
4837,7068
4837,7595
4838,90
4838,3524
4838,4867
4838,7160
4838,7417
4838,7442
4839,1040
4839,1513
4839,1540
4839,1798
4839,2106
4839,2198
4839,3408
4839,4376
4839,4952
4839,5222
4839,6284
4839,6551
4839,6707
4839,7464
4841,354
4841,407
4841,452
4841,564
4841,593
4841,1008
4841,1116
4841,1180
4841,1314
4841,1393
4841,1506
4841,1602
4841,1755
4841,2198
4841,2203
4841,2301
4841,3402
4841,3668
4841,4063
4841,4119
4841,4432
4841,4437
4841,4690
4841,4898
4841,5132
4841,5159
4841,5207
4841,5622
4841,5767
4841,5770
4841,6053
4841,6346
4841,6702
4841,6826
4841,6869
4841,7123
4841,7168
4841,7183
4841,7303
4841,7495
4842,558
4842,764
4842,2385
4842,2686
4842,4489
4842,5142
4842,5234
4842,6438
4843,1015
4843,1039
4843,1336
4843,1565
4843,1822
4843,1953
4843,1988
4843,2035
4843,2053
4843,2100
4843,2976
4843,3156
4843,3175
4843,3417
4843,3846
4843,4242
4843,4321
4843,4657
4843,4720
4843,4732
4843,4866
4843,4903
4843,5187
4843,5339
4843,5548
4843,5558
4843,5592
4843,5601
4843,5642
4843,5789
4843,6050
4843,6205
4843,6755
4843,6819
4843,7497
4843,7516
4843,7562
4843,7575
4844,354
4844,452
4844,594
4844,1201
4844,1265
4844,1539
4844,1837
4844,1968
4844,1971
4844,2002
4844,2278
4844,2403
4844,2578
4844,2580
4844,2846
4844,3254
4844,3510
4844,3943
4844,4036
4844,4119
4844,5645
4844,6158
4844,6697
4844,6863
4844,7028
4845,593
4845,1058
4845,1254
4845,1684
4845,1862
4845,1918
4845,1965
4845,2198
4845,2808
4845,4376
4845,4806
4845,5082
4845,5251
4845,6702
4845,6936
4845,7071
4845,7582
4846,42
4846,1058
4846,1210
4846,1575
4846,1663
4846,2198
4846,2586
4846,3748
4846,3867
4846,4376
4846,5404
4846,5415
4846,6540
4847,475
4847,593
4847,1067
4847,1833
4847,2671
4847,3698
4847,4326
4847,4376
4847,4787
4847,5816
4847,6492
4847,6701
4848,26
4848,134
4848,383
4848,419
4848,522
4848,592
4848,593
4848,739
4848,1002
4848,1082
4848,1236
4848,1591
4848,2095
4848,2117
4848,2198
4848,2309
4848,2556
4848,2649
4848,2685
4848,2778
4848,2887
4848,3020
4848,3241
4848,3243
4848,3247
4848,3294
4848,3438
4848,3657
4848,3923
4848,4082
4848,4345
4848,4638
4848,4812
4848,4828
4848,4912
4848,5133
4848,5234
4848,5293
4848,5302
4848,5595
4848,5597
4848,5703
4848,5734
4848,5932
4848,5958
4848,6175
4848,6343
4848,6371
4848,6759
4848,6790
4848,7119
4848,7276
4848,7283
4848,7534
4848,7601
4849,182
4849,595
4849,667
4849,699
4849,730
4849,884
4849,982
4849,1065
4849,1128
4849,1455
4849,1567
4849,1656
4849,1762
4849,1772
4849,1923
4849,2064
4849,2333
4849,2790
4849,3361
4849,3759
4849,3905
4849,3915
4849,4145
4849,4208
4849,4237
4849,4673
4849,5100
4849,5515
4849,5867
4849,6042
4849,6130
4849,6173
4849,6194
4849,6221
4849,6247
4849,6347
4849,6396
4849,6667
4849,6993
4849,7065
4849,7291
4849,7404
4849,7461
4850,12
4850,511
4850,1440
4850,1565
4850,3107
4850,3175
4850,3222
4850,3437
4850,4104
4850,4235
4850,4258
4850,6514
4850,6768
4850,7497
4850,7532
4850,7620
4851,336
4851,766
4851,1343
4851,1418
4851,1817
4851,2055
4851,2089
4851,2143
4851,2358
4851,2372
4851,2425
4851,2993
4851,3203
4851,3223
4851,3466
4851,3480
4851,3578
4851,3866
4851,3895
4851,4054
4851,5287
4851,5676
4851,5948
4851,5981
4851,6211
4851,6448
4851,6531
4851,7029
4851,7151
4851,7307
4851,7584
4851,7587
4852,53
4852,197
4852,662
4852,1386
4852,1515
4852,2453
4852,2492
4852,2752
4852,2840
4852,3219
4852,3735
4852,3972
4852,4646
4852,6768
4852,7025
4852,7031
4852,7063
4852,7081
4852,7620
4853,4809
4853,5298
4853,7575
4854,28
4854,36
4854,94
4854,456
4854,920
4854,1280
4854,1417
4854,1429
4854,1579
4854,1777
4854,1929
4854,2070
4854,2163
4854,2220
4854,2244
4854,2738
4854,2801
4854,2804
4854,2835
4854,3054
4854,3271
4854,3856
4854,3916
4854,4001
4854,4033
4854,4100
4854,5209
4854,5343
4854,5364
4854,5496
4854,5500
4854,5708
4854,5791
4854,6015
4854,6237
4854,6282
4854,6696
4854,6807
4854,6852
4854,7190
4854,7561
4855,7
4855,158
4855,890
4855,1306
4855,1852
4855,2180
4855,4265
4855,5395
4855,5915
4855,6127
4855,6151
4855,7378
4856,797
4856,1015
4856,1404
4856,1559
4856,1694
4856,2245
4856,2566
4856,3238
4856,3465
4856,3596
4856,3603
4856,3955
4856,4361
4856,4997
4856,6776
4856,7450
4856,7595
4857,526
4857,540
4857,552
4857,1058
4857,1415
4857,1620
4857,1999
4857,2198
4857,2239
4857,3160
4857,3510
4857,4376
4857,4670
4857,4805
4857,5037
4857,5132
4857,5316
4857,5551
4857,5881
4857,6098
4857,6354
4857,6414
4857,6847
4857,7471
4858,526
4858,2026
4858,2111
4858,2567
4858,3964
4858,4116
4858,4747
4858,4805
4858,6038
4858,6388
4858,6668
4858,7250
4859,354
4859,1052
4859,1576
4859,2131
4859,2430
4859,2580
4859,3120
4859,3344
4859,4451
4859,4627
4859,5862
4859,7571
4860,82
4860,2424
4860,3308
4860,3432
4860,3644
4860,4678
4860,6013
4860,6056
4860,6708
4861,54
4861,177
4861,204
4861,581
4861,737
4861,824
4861,932
4861,968
4861,1021
4861,1099
4861,1115
4861,1146
4861,1237
4861,1256
4861,1262
4861,1326
4861,1422
4861,2204
4861,2318
4861,2333
4861,2366
4861,2391
4861,2399
4861,2439
4861,2528
4861,2538
4861,2605
4861,3201
4861,3361
4861,3412
4861,3423
4861,3569
4861,3719
4861,3879
4861,4237
4861,4399
4861,4414
4861,4418
4861,5124
4861,5131
4861,5163
4861,5271
4861,5279
4861,5439
4861,5762
4861,6113
4861,6138
4861,6374
4861,7275
4861,7285
4861,7405
4861,7460
4861,7483
4861,7491
4861,7500
4861,7544
4862,514
4862,1185
4862,2208
4862,2863
4862,2898
4862,3793
4862,4617
4862,4654
4862,4869
4862,4913
4862,5574
4862,5777
4862,5912
4862,6856
4862,6914
4862,7076
4863,308
4863,711
4863,764
4863,835
4863,1046
4863,1209
4863,1241
4863,1321
4863,1343
4863,1371
4863,1407
4863,1429
4863,1494
4863,1520
4863,1566
4863,1623
4863,1673
4863,1795
4863,1915
4863,2066
4863,2195
4863,2354
4863,2358
4863,2372
4863,2400
4863,2513
4863,2933
4863,3098
4863,3203
4863,3249
4863,3295
4863,3359
4863,3433
4863,3466
4863,3480
4863,3492
4863,3545
4863,3578
4863,3612
4863,3732
4863,3753
4863,3856
4863,4194
4863,4376
4863,4501
4863,4508
4863,4670
4863,4790
4863,4805
4863,5589
4863,5664
4863,5781
4863,5880
4863,5889
4863,5981
4863,6101
4863,6166
4863,6172
4863,6189
4863,6246
4863,6448
4863,6675
4863,6815
4863,6864
4863,6976
4863,6980
4863,7226
4863,7262
4863,7370
4863,7467
4864,266
4864,304
4864,321
4864,408
4864,593
4864,657
4864,677
4864,795
4864,921
4864,1226
4864,1330
4864,1414
4864,1472
4864,1524
4864,1899
4864,1958
4864,1965
4864,1999
4864,2013
4864,2198
4864,2239
4864,2479
4864,2575
4864,2671
4864,2703
4864,2729
4864,2755
4864,2808
4864,2883
4864,2961
4864,3040
4864,3060
4864,3177
4864,3184
4864,3225
4864,3493
4864,3593
4864,3671
4864,3688
4864,3895
4864,3965
4864,4086
4864,4095
4864,4147
4864,4167
4864,4210
4864,4326
4864,4376
4864,4422
4864,4490
4864,5015
4864,5082
4864,5132
4864,5296
4864,5404
4864,5576
4864,5658
4864,5709
4864,5714
4864,5730
4864,5881
4864,5931
4864,5961
4864,5984
4864,5996
4864,6030
4864,6115
4864,6265
4864,6284
4864,6313
4864,6400
4864,6510
4864,6551
4864,6638
4864,6705
4864,6848
4864,6906
4864,6966
4864,6992
4864,7085
4864,7174
4864,7296
4864,7401
4864,7478
4864,7537
4865,85
4865,103
4865,201
4865,551
4865,789
4865,810
4865,1011
4865,1113
4865,1249
4865,1293
4865,1453
4865,1621
4865,2106
4865,2194
4865,2215
4865,2320
4865,2370
4865,2377
4865,2617
4865,2765
4865,2911
4865,2921
4865,2956
4865,3025
4865,3171
4865,3183
4865,3311
4865,3370
4865,3408
4865,3538
4865,3602
4865,3681
4865,3895
4865,3926
4865,3948
4865,4080
4865,4233
4865,4253
4865,4286
4865,4376
4865,4384
4865,4952
4865,5222
4865,5296
4865,5510
4865,5975
4865,6021
4865,6510
4865,6574
4865,6618
4865,6640
4865,6738
4865,6760
4865,7197
4865,7296
4865,7401
4865,7535
4866,1336
4866,1559
4866,1565
4866,1822
4866,1988
4866,2035
4866,2053
4866,2100
4866,2976
4866,3191
4866,3292
4866,4242
4866,4321
4866,4657
4866,4720
4866,4732
4866,4843
4866,4903
4866,5024
4866,5276
4866,5339
4866,5548
4866,5558
4866,5592
4866,5601
4866,5642
4866,5789
4866,6120
4866,6205
4866,6324
4866,6591
4866,6819
4866,7450
4866,7497
4866,7516
4866,7562
4866,7575
4866,7595
4867,66
4867,90
4867,195
4867,434
4867,496
4867,549
4867,927
4867,941
4867,988
4867,993
4867,1134
4867,1340
4867,1416
4867,1556
4867,1625
4867,2121
4867,2412
4867,2422
4867,2646
4867,2662
4867,2803
4867,3205
4867,3244
4867,3267
4867,3467
4867,3674
4867,3729
4867,3902
4867,3960
4867,4232
4867,4521
4867,4628
4867,4633
4867,4665
4867,4838
4867,5185
4867,5440
4867,5458
4867,5517
4867,5885
4867,6245
4867,6460
4867,6549
4867,6621
4867,6838
4867,6957
4867,7334
4867,7621
4868,1046
4869,829
4869,934
4869,1192
4869,2155
4869,2169
4869,2208
4869,2863
4869,3265
4869,3855
4869,4376
4869,4799
4869,4805
4869,4862
4869,4913
4869,5219
4869,5403
4869,5796
4869,5912
4869,6230
4869,6339
4869,6724
4870,61
4870,89
4870,138
4870,183
4870,258
4870,309
4870,312
4870,322
4870,431
4870,469
4870,593
4870,633
4870,659
4870,1102
4870,1206
4870,1280
4870,1429
4870,1467
4870,1513
4870,1517
4870,1663
4870,1671
4870,1684
4870,1708
4870,1723
4870,1796
4870,1798
4870,1908
4870,1975
4870,1993
4870,2060
4870,2198
4870,2239
4870,2287
4870,2294
4870,2340
4870,2381
4870,2541
4870,2553
4870,2615
4870,2782
4870,2848
4870,3049
4870,3051
4870,3105
4870,3185
4870,3364
4870,3438
4870,3532
4870,3578
4870,3695
4870,3856
4870,3946
4870,3987
4870,4113
4870,4156
4870,4243
4870,4347
4870,4352
4870,4376
4870,4380
4870,4522
4870,4531
4870,4546
4870,4578
4870,4662
4870,4669
4870,4688
4870,4805
4870,4816
4870,4983
4870,5006
4870,5148
4870,5214
4870,5234
4870,5311
4870,5316
4870,5372
4870,5412
4870,5669
4870,5833
4870,5881
4870,5966
4870,5979
4870,6077
4870,6078
4870,6152
4870,6183
4870,6335
4870,6403
4870,6414
4870,6526
4870,6597
4870,6669
4870,6678
4870,6702
4870,6707
4870,6807
4870,6887
4870,7150
4870,7204
4870,7247
4870,7395
4870,7440
4870,7464
4870,7477
4870,7536
4870,7568
4871,23
4871,85
4871,304
4871,593
4871,789
4871,1453
4871,1540
4871,1798
4871,1945
4871,2106
4871,2143
4871,2198
4871,2239
4871,2911
4871,3311
4871,3330
4871,3408
4871,3428
4871,4184
4871,4384
4871,4420
4871,4952
4871,5438
4871,5707
4871,5816
4871,6551
4871,6646
4871,6702
4871,6760
4871,6810
4871,7067
4871,7269
4871,7296
4871,7330
4871,7464
4871,7535
4871,7628
4872,60
4872,689
4872,2139
4872,2275
4872,6034
4873,147
4873,444
4873,481
4873,744
4873,837
4873,1086
4873,1223
4873,1477
4873,1529
4873,1622
4873,1637
4873,2491
4873,2499
4873,3180
4873,3211
4873,3411
4873,3449
4873,3452
4873,3733
4873,3904
4873,4117
4873,4191
4873,4244
4873,4411
4873,4478
4873,4485
4873,4487
4873,4494
4873,4498
4873,4663
4873,5038
4873,5750
4873,5784
4873,5974
4873,6103
4873,6106
4873,6311
4873,6488
4873,6829
4873,6972
4873,7361
4873,7383
4873,7489
4873,7598
4874,766
4874,1884
4874,4376
4874,4466
4875,84
4875,150
4875,164
4875,241
4875,545
4875,827
4875,1051
4875,1164
4875,1534
4875,1691
4875,2051
4875,2496
4875,2539
4875,2585
4875,3038
4875,4560
4875,4587
4875,4907
4875,5059
4875,5238
4875,5326
4875,5671
4875,5746
4875,5838
4875,6429
4875,6432
4875,6443
4875,7026
4875,7329
4875,7386
4876,73
4876,295
4876,1064
4876,1212
4876,1296
4876,2454
4876,2610
4876,4719
4876,5396
4876,5936
4876,5993
4876,6898
4876,7007
4876,7409
4877,260
4877,947
4877,1040
4877,1293
4877,1575
4877,2198
4877,2239
4877,3070
4877,3377
4877,3698
4877,3748
4877,3756
4877,3895
4877,4257
4877,4376
4877,4392
4877,5404
4877,5740
4877,6291
4877,6487
4877,6492
4877,7008
4877,7395
4877,7535
4878,282
4878,361
4878,630
4878,1068
4878,1454
4878,1687
4878,1994
4878,1998
4878,2025
4878,2619
4878,3653
4878,3902
4878,4283
4878,4936
4878,4994
4878,5200
4878,5320
4878,5458
4878,6051
4878,6225
4878,6249
4878,6295
4878,6304
4878,6433
4878,6460
4878,6516
4878,6735
4878,7132
4879,73
4879,555
4879,1139
4879,1289
4879,1296
4879,1486
4879,1820
4879,2143
4879,2225
4879,2450
4879,3671
4879,3895
4879,3959
4879,4062
4879,4384
4879,4986
4879,5550
4879,5801
4879,6624
4879,6740
4879,7330
4880,703
4880,1425
4880,1610
4880,2135
4880,2315
4880,2872
4880,3400
4880,3524
4880,3865
4880,6493
4880,6501
4880,7455
4880,7498
4881,275
4881,328
4881,749
4881,801
4881,806
4881,828
4881,909
4881,1054
4881,1648
4881,1696
4881,1759
4881,1864
4881,2090
4881,2103
4881,2134
4881,2147
4881,2192
4881,2250
4881,2260
4881,2508
4881,3346
4881,3722
4881,3825
4881,3830
4881,4056
4881,4236
4881,4245
4881,4548
4881,4739
4881,4772
4881,4960
4881,4972
4881,5069
4881,5164
4881,5409
4881,5448
4881,5602
4881,5848
4881,5856
4881,6164
4881,6534
4881,6765
4881,6772
4881,7061
4881,7073
4881,7241
4882,9
4882,128
4882,252
4882,564
4882,796
4882,908
4882,1300
4882,1358
4882,1435
4882,1550
4882,2044
4882,2094
4882,2096
4882,2263
4882,2305
4882,2378
4882,2665
4882,2707
4882,2944
4882,3365
4882,3418
4882,3478
4882,3555
4882,3838
4882,4277
4882,4430
4882,4769
4882,5118
4882,5192
4882,5486
4882,5625
4882,5636
4882,5933
4882,6162
4882,6555
4882,7094
4882,7099
4882,7235
4882,7393
4883,216
4883,324
4883,433
4883,698
4883,749
4883,1412
4883,1609
4883,1743
4883,2090
4883,2256
4883,2508
4883,2860
4883,3021
4883,3640
4883,3649
4883,3830
4883,4245
4883,4554
4883,4938
4883,4960
4883,5069
4883,5250
4883,5272
4883,5436
4883,5465
4883,5602
4883,5753
4883,5848
4883,6372
4883,6532
4883,6670
4883,6765
4883,6965
4883,7073
4884,147
4884,398
4884,481
4884,561
4884,578
4884,609
4884,618
4884,688
4884,746
4884,782
4884,1223
4884,1646
4884,2012
4884,2395
4884,2398
4884,2444
4884,2449
4884,2491
4884,2786
4884,2853
4884,3399
4884,3452
4884,3504
4884,3733
4884,4151
4884,4191
4884,4244
4884,4353
4884,4485
4884,4564
4884,4585
4884,4663
4884,4921
4884,5072
4884,5230
4884,5357
4884,5476
4884,5489
4884,5737
4884,5896
4884,5972
4884,5974
4884,6083
4884,6222
4884,6229
4884,6311
4884,6488
4884,6609
4884,6625
4884,6924
4884,7324
4884,7383
4884,7463
4884,7598
4885,1255
4885,1270
4885,1527
4885,1541
4885,2156
4885,4651
4885,5910
4885,6084
4885,7169
4886,481
4886,1223
4886,3584
4886,3904
4886,4244
4886,4459
4886,4663
4886,6103
4886,6488
4886,7033
4886,7383
4886,7489
4887,2997
4887,3005
4887,4116
4887,4462
4887,5071
4887,5460
4887,7414
4888,2580
4888,2862
4888,4124
4888,4431
4888,6394
4889,752
4889,777
4889,1418
4889,2143
4889,2375
4889,3240
4889,3469
4889,3542
4889,3559
4889,4282
4889,4696
4889,5080
4889,5098
4889,5171
4889,5234
4889,5678
4890,73
4890,308
4890,502
4890,551
4890,748
4890,766
4890,771
4890,1014
4890,1030
4890,1046
4890,1069
4890,1091
4890,1225
4890,1566
4890,1572
4890,1802
4890,2028
4890,2055
4890,2113
4890,2143
4890,2490
4890,2577
4890,2625
4890,2908
4890,2954
4890,2993
4890,3098
4890,3223
4890,3330
4890,3421
4890,3607
4890,3866
4890,3871
4890,3895
4890,4037
4890,4054
4890,4324
4890,4343
4890,4562
4890,4617
4890,5455
4890,5676
4890,5957
4890,5998
4890,6012
4890,6211
4890,6308
4890,6581
4890,7022
4890,7067
4890,7171
4890,7269
4890,7370
4890,7480
4890,7624
4891,627
4891,5454
4891,6340
4892,73
4892,295
4892,474
4892,584
4892,629
4892,1129
4892,1296
4892,1722
4892,2610
4892,3330
4892,3503
4892,3559
4892,4384
4892,4719
4892,4982
4892,5396
4892,5936
4892,5993
4892,6301
4892,6412
4892,6624
4892,6898
4892,7077
4892,7121
4892,7330
4893,382
4893,1287
4893,1615
4893,2215
4893,2232
4893,2392
4893,2579
4893,3506
4893,3518
4893,4584
4893,5851
4893,6412
4893,6427
4893,6713
4893,6920
4893,6966
4893,7149
4894,1418
4894,2375
4894,3469
4894,4198
4894,5234
4894,5378
4894,5664
4894,6171
4894,6219
4894,7164
4895,359
4895,366
4895,522
4895,593
4895,659
4895,849
4895,924
4895,1744
4895,1899
4895,2173
4895,2294
4895,2380
4895,2615
4895,2649
4895,2970
4895,3051
4895,3160
4895,3551
4895,3582
4895,3623
4895,3657
4895,3683
4895,3704
4895,3768
4895,3876
4895,4023
4895,4217
4895,4241
4895,4553
4895,4638
4895,4954
4895,5404
4895,5518
4895,5543
4895,5568
4895,5734
4895,5764
4895,5833
4895,6054
4895,6759
4895,6968
4895,7021
4895,7181
4895,7440
4895,7572
4896,409
4896,550
4896,1055
4896,1920
4896,2109
4896,2182
4896,2350
4896,2409
4896,2720
4896,2837
4896,3231
4896,3601
4896,3747
4896,3801
4896,3879
4896,3885
4896,4110
4896,4144
4896,4512
4896,4950
4896,4980
4896,5140
4896,5421
4896,5829
4896,5934
4896,6111
4896,6401
4896,6550
4896,6561
4896,6635
4896,6718
4896,6791
4896,6948
4896,7126
4896,7243
4896,7460
4897,158
4897,491
4897,890
4897,1213
4897,1306
4897,1411
4897,1827
4897,2054
4897,2180
4897,2250
4897,2504
4897,3057
4897,4126
4897,5147
4897,5395
4897,5599
4897,6525
4897,6763
4897,6764
4897,6871
4897,7306
4898,330
4898,407
4898,1116
4898,1180
4898,1201
4898,1216
4898,1274
4898,1314
4898,1393
4898,1490
4898,1506
4898,2246
4898,2693
4898,2936
4898,3148
4898,3668
4898,4063
4898,4430
4898,4432
4898,4437
4898,4690
4898,4841
4898,5159
4898,5207
4898,5234
4898,5622
4898,5625
4898,5767
4898,5770
4898,5837
4898,6053
4898,6346
4898,6826
4898,6869
4898,7123
4898,7168
4898,7183
4898,7303
4898,7495
4899,315
4899,557
4899,581
4899,871
4899,965
4899,977
4899,995
4899,1131
4899,1244
4899,1772
4899,2654
4899,2757
4899,3150
4899,3924
4899,4125
4899,4143
4899,4181
4899,4208
4899,4280
4899,4414
4899,4673
4899,4923
4899,5094
4899,5300
4899,5380
4899,5444
4899,5968
4899,6623
4899,6653
4899,7314
4899,7565
4900,28
4900,305
4900,456
4900,803
4900,1185
4900,1429
4900,2586
4900,2738
4900,2801
4900,3856
4900,4304
4900,5664
4900,5708
4900,6210
4900,6696
4900,6852
4901,842
4901,1742
4901,1781
4901,1799
4901,1865
4901,2503
4901,3652
4901,3940
4901,4052
4901,4175
4901,4425
4901,4675
4901,4911
4901,4981
4901,5113
4901,5431
4901,5565
4901,5831
4901,6218
4901,6239
4901,6858
4901,6919
4901,7515
4901,7645
4902,766
4902,1337
4902,1795
4902,1926
4902,2354
4902,3098
4902,3421
4902,3625
4902,3695
4902,4054
4902,5144
4902,6118
4902,6522
4902,6565
4902,7067
4902,7171
4902,7240
4903,1988
4903,2245
4903,4321
4903,4657
4903,4732
4903,4843
4903,4866
4903,5592
4903,7516
4904,39
4904,73
4904,85
4904,474
4904,601
4904,606
4904,705
4904,766
4904,860
4904,881
4904,1189
4904,1310
4904,1486
4904,1644
4904,1647
4904,1731
4904,1938
4904,2198
4904,2213
4904,2299
4904,2610
4904,2901
4904,3320
4904,3501
4904,3503
4904,3506
4904,3891
4904,3895
4904,3944
4904,3948
4904,4282
4904,4302
4904,4422
4904,4637
4904,4729
4904,5132
4904,5346
4904,5993
4904,6281
4904,6328
4904,6676
4904,6828
4904,7007
4904,7323
4904,7330
4905,186
4905,335
4905,349
4905,1736
4905,1785
4905,1900
4905,2235
4905,2364
4905,2667
4905,2895
4905,2899
4905,2953
4905,4105
4905,4403
4905,5117
4905,5509
4905,5619
4905,5711
4905,5868
4905,6357
4905,7308
4905,7411
4905,7437
4905,7458
4905,7506
4906,43
4906,151
4906,195
4906,205
4906,270
4906,289
4906,302
4906,394
4906,402
4906,472
4906,507
4906,545
4906,549
4906,704
4906,751
4906,753
4906,764
4906,765
4906,791
4906,820
4906,872
4906,889
4906,918
4906,941
4906,1012
4906,1046
4906,1048
4906,1075
4906,1175
4906,1248
4906,1276
4906,1295
4906,1381
4906,1500
4906,1507
4906,1516
4906,1519
4906,1576
4906,1598
4906,1626
4906,1691
4906,1710
4906,1800
4906,1844
4906,1933
4906,1951
4906,1955
4906,2014
4906,2034
4906,2165
4906,2191
4906,2283
4906,2293
4906,2308
4906,2344
4906,2353
4906,2397
4906,2416
4906,2422
4906,2535
4906,2727
4906,2748
4906,2749
4906,2803
4906,2833
4906,3086
4906,3145
4906,3186
4906,3205
4906,3244
4906,3429
4906,3533
4906,3633
4906,3645
4906,3651
4906,3662
4906,3680
4906,3729
4906,3746
4906,3792
4906,3819
4906,3856
4906,3869
4906,3928
4906,4150
4906,4361
4906,4428
4906,4501
4906,4520
4906,4521
4906,4582
4906,4665
4906,4691
4906,4810
4906,4909
4906,4969
4906,5059
4906,5142
4906,5185
4906,5221
4906,5238
4906,5239
4906,5298
4906,5331
4906,5343
4906,5358
4906,5388
4906,5391
4906,5400
4906,5411
4906,5423
4906,5454
4906,5482
4906,5496
4906,5560
4906,5617
4906,5638
4906,5723
4906,5724
4906,5838
4906,5841
4906,5899
4906,6005
4906,6051
4906,6084
4906,6122
4906,6177
4906,6241
4906,6318
4906,6420
4906,6493
4906,6495
4906,6606
4906,6621
4906,6639
4906,6642
4906,6735
4906,6757
4906,7049
4906,7176
4906,7190
4906,7224
4906,7237
4906,7386
4906,7434
4906,7447
4906,7482
4906,7621
4907,347
4907,827
4907,941
4907,1049
4907,1123
4907,1150
4907,1164
4907,1419
4907,2100
4907,2293
4907,2496
4907,2968
4907,3107
4907,3227
4907,3244
4907,3248
4907,4242
4907,4587
4907,4646
4907,4875
4907,5664
4907,5684
4907,6205
4907,6818
4907,7620
4908,535
4908,585
4908,930
4908,1076
4908,1239
4908,1285
4908,1561
4908,1716
4908,2000
4908,2068
4908,2198
4908,2239
4908,3359
4908,3532
4908,3557
4908,3573
4908,3631
4908,4178
4908,4362
4908,4482
4908,4725
4908,5014
4908,5604
4908,5839
4908,6179
4908,6328
4908,6589
4908,6868
4908,6967
4908,7153
4908,7191
4908,7548
4908,7579
4909,1985
4909,3437
4909,3605
4909,4103
4909,4209
4909,4305
4909,4906
4909,4959
4909,6572
4910,2962
4910,2997
4910,4462
4910,5499
4910,5550
4910,6721
4910,7414
4911,78
4911,206
4911,401
4911,459
4911,1313
4911,1332
4911,1694
4911,1781
4911,2022
4911,2139
4911,2369
4911,2503
4911,3288
4911,3350
4911,3416
4911,4052
4911,4099
4911,4298
4911,4515
4911,4901
4911,4981
4911,5005
4911,5113
4911,5416
4911,5431
4911,5607
4911,5655
4911,5681
4911,5871
4911,6018
4911,6132
4911,6220
4911,6239
4911,6273
4911,6559
4911,6865
4911,6918
4911,7484
4911,7642
4911,7645
4912,26
4912,419
4912,522
4912,1024
4912,1236
4912,1591
4912,2095
4912,2117
4912,2173
4912,2294
4912,2309
4912,2819
4912,2859
4912,2887
4912,3123
4912,3257
4912,3621
4912,3657
4912,3807
4912,4013
4912,4217
4912,4650
4912,4791
4912,4828
4912,4848
4912,5061
4912,5302
4912,5327
4912,5568
4912,5595
4912,5932
4912,6054
4912,6175
4912,6371
4912,6759
4912,6983
4912,7398
4913,156
4913,301
4913,514
4913,549
4913,768
4913,829
4913,864
4913,1001
4913,1188
4913,1388
4913,1891
4913,2016
4913,2127
4913,2208
4913,2288
4913,2570
4913,2834
4913,2863
4913,2880
4913,2898
4913,2918
4913,3031
4913,3260
4913,3265
4913,3378
4913,3397
4913,3665
4913,3793
4913,3809
4913,3855
4913,3883
4913,4040
4913,4094
4913,4617
4913,4654
4913,4762
4913,4799
4913,4862
4913,4869
4913,5168
4913,5403
4913,5456
4913,5527
4913,5574
4913,5771
4913,5787
4913,5796
4913,5912
4913,6058
4913,6071
4913,6339
4913,6386
4913,6542
4913,6724
4913,6856
4913,7266
4914,147
4914,481
4914,561
4914,1365
4914,2805
4914,4244
4914,4411
4914,4663
4914,7110
4915,2863
4915,5492
4916,209
4917,49
4917,71
4917,212
4917,382
4917,526
4917,584
4917,655
4917,683
4917,1196
4917,1287
4917,1291
4917,1607
4917,1810
4917,1922
4917,2059
4917,2111
4917,2325
4917,2529
4917,2536
4917,2673
4917,3062
4917,3083
4917,3125
4917,3506
4917,3513
4917,3559
4917,3702
4917,3751
4917,3964
4917,4220
4917,4584
4917,4596
4917,4634
4917,5851
4917,6059
4917,6348
4917,6412
4917,6569
4917,6610
4917,6677
4917,6713
4917,6835
4917,6920
4917,7130
4917,7131
4917,7250
4917,7322
4917,7345
4917,7569
4918,474
4918,2438
4918,6451
4918,6594
4918,7330
4919,85
4919,304
4919,540
4919,552
4919,593
4919,810
4919,939
4919,1058
4919,1293
4919,1414
4919,1453
4919,1472
4919,1620
4919,1663
4919,1705
4919,1775
4919,2106
4919,2198
4919,2215
4919,2339
4919,2377
4919,2911
4919,3311
4919,3370
4919,3502
4919,3748
4919,3758
4919,3895
4919,4067
4919,4233
4919,4253
4919,4376
4919,4384
4919,4480
4919,4562
4919,4680
4919,4983
4919,5082
4919,5132
4919,5286
4919,5296
4919,5455
4919,5551
4919,5641
4919,5730
4919,5975
4919,6022
4919,6098
4919,6412
4919,6714
4919,6760
4919,6811
4919,6848
4919,6952
4919,6990
4919,7147
4919,7252
4919,7280
4919,7471
4920,37
4920,701
4920,1010
4920,1043
4920,4000
4920,4677
4920,6674
4920,7064
4921,147
4921,481
4921,561
4921,746
4921,1509
4921,2395
4921,2444
4921,3452
4921,4244
4921,4485
4921,4663
4921,4884
4921,5489
4921,5718
4921,5896
4921,5974
4921,6488
4921,6625
4921,7383
4921,7598
4922,160
4922,165
4922,181
4922,429
4922,676
4922,704
4922,807
4922,889
4922,1130
4922,1252
4922,1255
4922,1270
4922,1275
4922,1295
4922,1386
4922,1480
4922,1984
4922,2283
4922,2360
4922,2416
4922,2872
4922,3358
4922,3524
4922,3645
4922,3709
4922,3763
4922,3853
4922,4518
4922,4520
4922,4691
4922,4779
4922,5400
4922,5422
4922,5423
4922,5506
4922,5517
4922,5566
4922,5616
4922,5617
4922,5633
4922,5988
4922,6005
4922,6031
4922,6314
4922,6318
4922,6477
4922,6739
4922,6757
4922,6795
4922,6888
4922,7435
4923,96
4923,144
4923,315
4923,581
4923,932
4923,1124
4923,1247
4923,1676
4923,1772
4923,1920
4923,2109
4923,2409
4923,2710
4923,3231
4923,3464
4923,3801
4923,3845
4923,3903
4923,4512
4923,4899
4923,4980
4923,5135
4923,5829
4923,6199
4923,6347
4923,6791
4923,6948
4923,7157
4923,7460
4923,7565
4924,932
4924,1003
4924,1237
4924,2318
4924,2399
4924,2528
4924,3201
4924,3361
4924,3939
4924,4237
4924,4399
4924,5163
4924,5279
4924,5439
4924,5762
4924,6113
4924,6899
4924,7460
4924,7491
4925,166
4925,219
4925,355
4925,420
4925,520
4925,543
4925,595
4925,615
4925,617
4925,656
4925,667
4925,699
4925,709
4925,733
4925,741
4925,773
4925,884
4925,977
4925,997
4925,1061
4925,1438
4925,1537
4925,1762
4925,1791
4925,1824
4925,1923
4925,2064
4925,2168
4925,2217
4925,2333
4925,2413
4925,2439
4925,2534
4925,2726
4925,2774
4925,2790
4925,2850
4925,2915
4925,3030
4925,3104
4925,3143
4925,3231
4925,3366
4925,3375
4925,3494
4925,3684
4925,3759
4925,3774
4925,3915
4925,4005
4925,4087
4925,4088
4925,4145
4925,4237
4925,4292
4925,4443
4925,4599
4925,4610
4925,4615
4925,4763
4925,4776
4925,4947
4925,4951
4925,4978
4925,4984
4925,5011
4925,5030
4925,5092
4925,5100
4925,5153
4925,5283
4925,5419
4925,5439
4925,5523
4925,5547
4925,5618
4925,5675
4925,5793
4925,5803
4925,5877
4925,5884
4925,6130
4925,6144
4925,6234
4925,6419
4925,6480
4925,6652
4925,6653
4925,6671
4925,6937
4925,6975
4925,6993
4925,7009
4925,7404
4925,7460
4925,7461
4925,7530
4925,7565
4926,53
4926,1035
4926,1181
4926,2347
4926,2924
4926,3244
4926,3676
4926,3979
4926,4325
4926,4346
4926,4646
4926,4994
4926,5506
4926,6433
4926,6998
4926,7063
4927,354
4927,452
4927,547
4927,635
4927,792
4927,1147
4927,1201
4927,1203
4927,1366
4927,1542
4927,1837
4927,1968
4927,1971
4927,2278
4927,2580
4927,2696
4927,2846
4927,3286
4927,3522
4927,4036
4927,4119
4927,4132
4927,4481
4927,4550
4927,5021
4927,5149
4927,5196
4927,5233
4927,5246
4927,6158
4927,6455
4927,6833
4927,6863
4927,6883
4927,7301
4927,7533
4927,7567
4927,7625
4928,374
4928,593
4928,1206
4928,1796
4928,1798
4928,2198
4928,3105
4928,3185
4928,4578
4928,6397
4928,6497
4928,6551
4928,6702
4928,6887
4928,7353
4928,7395
4928,7464
4929,140
4929,368
4929,396
4929,451
4929,979
4929,1200
4929,1369
4929,1384
4929,1398
4929,1451
4929,1547
4929,1719
4929,1848
4929,1968
4929,2167
4929,2178
4929,2351
4929,2429
4929,2459
4929,3192
4929,3200
4929,3609
4929,3639
4929,3679
4929,3696
4929,3863
4929,3921
4929,3935
4929,3971
4929,4018
4929,4134
4929,4364
4929,4374
4929,4597
4929,4652
4929,4815
4929,4996
4929,5096
4929,5516
4929,5579
4929,5776
4929,5900
4929,5956
4929,6150
4929,6167
4929,6248
4929,6317
4929,6326
4929,6529
4929,6742
4929,6809
4929,6820
4929,6862
4929,6934
4929,7040
4929,7089
4929,7199
4929,7326
4929,7358
4929,7439
4929,7567
4930,4201
4931,844
4931,4457
4931,5256
4931,6937
4932,535
4932,6893
4933,679
4933,1889
4933,2827
4933,3904
4933,4663
4934,169
4934,243
4934,304
4934,369
4934,392
4934,455
4934,482
4934,534
4934,593
4934,774
4934,924
4934,1018
4934,1058
4934,1152
4934,1447
4934,1467
4934,1513
4934,1663
4934,1684
4934,1723
4934,1738
4934,1744
4934,1796
4934,1847
4934,1899
4934,2198
4934,2239
4934,2406
4934,2432
4934,2541
4934,2553
4934,3051
4934,3138
4934,3377
4934,3648
4934,3721
4934,4023
4934,4074
4934,4188
4934,4376
4934,4384
4934,4463
4934,4538
4934,4578
4934,4641
4934,5042
4934,5139
4934,5241
4934,5296
4934,5348
4934,5365
4934,5385
4934,5404
4934,5734
4934,5740
4934,5799
4934,5816
4934,5881
4934,5979
4934,5982
4934,6135
4934,6183
4934,6414
4934,6551
4934,6669
4934,6678
4934,6688
4934,6702
4934,6706
4934,6887
4934,7010
4934,7170
4934,7215
4934,7280
4934,7352
4934,7353
4934,7428
4934,7477
4934,7511
4934,7572
4934,7577
4934,7607
4935,1295
4935,2165
4935,2608
4935,2799
4935,3159
4935,3662
4935,3949
4935,4738
4935,5057
4935,5074
4935,5872
4935,5922
4935,5960
4935,6352
4935,6554
4935,6583
4935,6642
4935,7224
4935,7594
4936,1994
4936,3653
4936,4878
4936,6295
4937,187
4937,314
4937,933
4937,1065
4937,1537
4937,1846
4937,2148
4937,2328
4937,2790
4937,2792
4937,3258
4937,3754
4937,4146
4937,5153
4937,5432
4937,5697
4937,5860
4937,5867
4937,6130
4937,6806
4937,7052
4938,38
4938,216
4938,275
4938,324
4938,433
4938,529
4938,570
4938,749
4938,828
4938,1583
4938,1609
4938,1648
4938,1696
4938,1743
4938,2090
4938,2103
4938,2134
4938,2256
4938,2326
4938,2552
4938,2860
4938,3021
4938,3346
4938,3565
4938,3640
4938,3649
4938,3714
4938,3722
4938,4070
4938,4245
4938,4412
4938,4883
4938,4960
4938,5045
4938,5069
4938,5250
4938,5436
4938,5602
4938,5662
4938,5753
4938,5848
4938,6250
4938,6670
4938,6765
4938,6965
4938,7073
4939,873
4939,1998
4939,2252
4939,2619
4939,3208
4939,3265
4939,5322
4939,5988
4939,6436
4939,7132
4939,7329
4940,39
4940,40
4940,51
4940,75
4940,106
4940,107
4940,143
4940,211
4940,217
4940,248
4940,262
4940,266
4940,269
4940,456
4940,483
4940,490
4940,526
4940,680
4940,834
4940,964
4940,1139
4940,1185
4940,1212
4940,1215
4940,1245
4940,1315
4940,1361
4940,1379
4940,1409
4940,1722
4940,1725
4940,1794
4940,1810
4940,1911
4940,1938
4940,2024
4940,2062
4940,2084
4940,2145
4940,2198
4940,2211
4940,2215
4940,2239
4940,2536
4940,2588
4940,2610
4940,2648
4940,2701
4940,2820
4940,2901
4940,3013
4940,3049
4940,3224
4940,3320
4940,3515
4940,3585
4940,3643
4940,3671
4940,3689
4940,3890
4940,3891
4940,3895
4940,4031
4940,4098
4940,4186
4940,4259
4940,4301
4940,4302
4940,4376
4940,4422
4940,4569
4940,4719
4940,4745
4940,4805
4940,4991
4940,5001
4940,5132
4940,5188
4940,5216
4940,5263
4940,5289
4940,5321
4940,5368
4940,5396
4940,5433
4940,5474
4940,5641
4940,5674
4940,5801
4940,5997
4940,6079
4940,6096
4940,6098
4940,6119
4940,6176
4940,6301
4940,6369
4940,6417
4940,6451
4940,6547
4940,6563
4940,6761
4940,6878
4940,6909
4940,6947
4940,7035
4940,7128
4940,7298
4940,7359
4940,7556
4940,7589
4941,169
4941,258
4941,593
4941,1018
4941,1498
4941,1744
4941,1796
4941,1899
4941,2198
4941,2553
4941,3001
4941,3648
4941,3704
4941,3720
4941,4023
4941,4164
4941,4669
4941,4805
4941,5139
4941,5241
4941,5488
4941,5734
4941,6361
4941,6414
4941,6669
4941,6673
4941,6702
4941,7010
4941,7103
4941,7337
4941,7477
4942,3697
4943,182
4943,256
4943,656
4943,740
4943,1065
4943,1446
4943,1502
4943,1617
4943,1804
4943,2196
4943,2291
4943,2534
4943,2726
4943,2792
4943,3258
4943,3293
4943,3684
4943,3988
4943,4088
4943,4146
4943,4149
4943,4610
4943,4615
4943,5034
4943,5153
4943,5169
4943,5697
4943,5867
4943,6090
4943,6094
4943,6130
4943,6376
4943,6423
4943,6482
4943,6596
4943,6652
4943,6681
4943,6806
4943,7198
4943,7208
4943,7343
4944,1372
4944,2198
4944,2254
4944,3521
4944,3767
4944,3952
4944,4805
4944,5132
4944,5301
4945,1841
4945,3879
4945,6401
4945,6480
4945,6948
4945,7460
4946,89
4946,258
4946,309
4946,319
4946,369
4946,377
4946,593
4946,633
4946,766
4946,803
4946,868
4946,1100
4946,1206
4946,1663
4946,2129
4946,2198
4946,2239
4946,2553
4946,2615
4946,2618
4946,2782
4946,3051
4946,3105
4946,3185
4946,3277
4946,3380
4946,3748
4946,4156
4946,4243
4946,4347
4946,4380
4946,4578
4946,4805
4946,5311
4946,5415
4946,5679
4946,5979
4946,6414
4946,6673
4946,6702
4946,6707
4946,6850
4946,7150
4946,7204
4946,7280
4946,7607
4947,2064
4947,4673
4947,4925
4947,5793
4947,6130
4948,1561
4948,2239
4948,3152
4948,3282
4948,4376
4948,4771
4948,5404
4948,6345
4949,537
4949,767
4949,1412
4949,2114
4949,2250
4949,2474
4949,2775
4949,3006
4949,3116
4949,3523
4949,3825
4949,4566
4949,5028
4949,5465
4949,6257
4949,6383
4949,6465
4949,6502
4949,6520
4949,7407
4950,409
4950,959
4950,1055
4950,1065
4950,1823
4950,1920
4950,2109
4950,2168
4950,2350
4950,2409
4950,2602
4950,2837
4950,3231
4950,3747
4950,3801
4950,4144
4950,4896
4950,4980
4950,5829
4950,6002
4950,6231
4950,6550
4950,6635
4950,6718
4950,6791
4950,6948
4950,7126
4950,7460
4951,1065
4951,2064
4951,3915
4951,4925
4951,6130
4951,6598
4951,6681
4952,23
4952,26
4952,42
4952,85
4952,92
4952,103
4952,123
4952,124
4952,137
4952,149
4952,173
4952,240
4952,293
4952,312
4952,341
4952,372
4952,415
4952,421
4952,431
4952,449
4952,460
4952,475
4952,476
4952,509
4952,538
4952,573
4952,593
4952,606
4952,607
4952,611
4952,639
4952,655
4952,693
4952,726
4952,762
4952,772
4952,780
4952,795
4952,810
4952,903
4952,904
4952,916
4952,930
4952,942
4952,973
4952,1011
4952,1067
4952,1076
4952,1093
4952,1104
4952,1106
4952,1113
4952,1133
4952,1170
4952,1178
4952,1218
4952,1224
4952,1249
4952,1254
4952,1278
4952,1293
4952,1402
4952,1427
4952,1431
4952,1444
4952,1453
4952,1456
4952,1478
4952,1485
4952,1486
4952,1492
4952,1510
4952,1524
4952,1540
4952,1545
4952,1549
4952,1563
4952,1586
4952,1610
4952,1621
4952,1661
4952,1690
4952,1708
4952,1735
4952,1778
4952,1840
4952,1860
4952,1862
4952,1907
4952,1910
4952,1918
4952,1927
4952,1935
4952,1945
4952,1965
4952,1970
4952,1991
4952,2013
4952,2040
4952,2042
4952,2043
4952,2086
4952,2106
4952,2173
4952,2194
4952,2202
4952,2239
4952,2290
4952,2299
4952,2302
4952,2313
4952,2320
4952,2330
4952,2331
4952,2332
4952,2348
4952,2377
4952,2441
4952,2479
4952,2520
4952,2521
4952,2549
4952,2571
4952,2617
4952,2620
4952,2657
4952,2671
4952,2719
4952,2725
4952,2744
4952,2750
4952,2755
4952,2765
4952,2808
4952,2852
4952,2888
4952,2921
4952,2974
4952,2979
4952,3025
4952,3037
4952,3039
4952,3068
4952,3069
4952,3077
4952,3096
4952,3171
4952,3183
4952,3184
4952,3196
4952,3225
4952,3242
4952,3284
4952,3298
4952,3311
4952,3370
4952,3377
4952,3394
4952,3406
4952,3408
4952,3428
4952,3459
4952,3488
4952,3502
4952,3532
4952,3538
4952,3574
4952,3593
4952,3602
4952,3608
4952,3613
4952,3646
4952,3698
4952,3708
4952,3712
4952,3734
4952,3832
4952,3854
4952,3897
4952,3926
4952,3930
4952,3948
4952,3954
4952,3958
4952,3970
4952,3973
4952,3996
4952,4017
4952,4041
4952,4049
4952,4062
4952,4080
4952,4083
4952,4090
4952,4091
4952,4114
4952,4141
4952,4157
4952,4167
4952,4174
4952,4177
4952,4184
4952,4190
4952,4196
4952,4228
4952,4233
4952,4262
4952,4269
4952,4285
4952,4286
4952,4290
4952,4303
4952,4313
4952,4317
4952,4355
4952,4366
4952,4384
4952,4420
4952,4422
4952,4465
4952,4469
4952,4474
4952,4502
4952,4523
4952,4525
4952,4535
4952,4556
4952,4616
4952,4658
4952,4697
4952,4724
4952,4729
4952,4733
4952,4785
4952,4801
4952,4803
4952,4806
4952,4811
4952,4827
4952,4839
4952,4865
4952,4871
4952,4971
4952,4983
4952,5022
4952,5058
4952,5091
4952,5095
4952,5111
4952,5212
4952,5218
4952,5222
4952,5223
4952,5259
4952,5261
4952,5278
4952,5296
4952,5302
4952,5350
4952,5351
4952,5464
4952,5471
4952,5478
4952,5525
4952,5534
4952,5561
4952,5623
4952,5650
4952,5661
4952,5689
4952,5704
4952,5707
4952,5714
4952,5732
4952,5756
4952,5799
4952,5816
4952,5840
4952,5858
4952,5926
4952,5931
4952,5945
4952,5952
4952,5975
4952,6039
4952,6047
4952,6121
4952,6208
4952,6236
4952,6242
4952,6259
4952,6297
4952,6395
4952,6417
4952,6462
4952,6487
4952,6489
4952,6490
4952,6510
4952,6518
4952,6527
4952,6537
4952,6551
4952,6574
4952,6578
4952,6588
4952,6617
4952,6618
4952,6620
4952,6640
4952,6646
4952,6660
4952,6707
4952,6723
4952,6737
4952,6738
4952,6760
4952,6778
4952,6802
4952,6803
4952,6810
4952,6811
4952,6832
4952,6890
4952,6892
4952,6906
4952,6933
4952,6966
4952,6981
4952,6984
4952,7008
4952,7059
4952,7101
4952,7102
4952,7104
4952,7114
4952,7182
4952,7197
4952,7231
4952,7239
4952,7252
4952,7288
4952,7295
4952,7296
4952,7321
4952,7331
4952,7365
4952,7385
4952,7406
4952,7410
4952,7418
4952,7465
4952,7468
4952,7474
4952,7487
4952,7525
4952,7535
4952,7537
4952,7580
4952,7593
4952,7597
4952,7599
4952,7607
4952,7628
4952,7633
4954,42
4954,258
4954,359
4954,366
4954,400
4954,593
4954,849
4954,1744
4954,1899
4954,2294
4954,2340
4954,2649
4954,2859
4954,3160
4954,3551
4954,3623
4954,3768
4954,4241
4954,4408
4954,4553
4954,4638
4954,4895
4954,5518
4954,5734
4954,5881
4954,5979
4954,6054
4954,6066
4954,6475
4954,6759
4954,6968
4954,7021
4954,7181
4954,7440
4954,7610
4955,368
4955,2351
4955,2459
4955,2501
4955,3694
4955,3863
4955,6934
4955,7199
4956,28
4956,306
4956,1243
4956,1280
4956,1364
4956,1531
4956,1648
4956,1759
4956,1827
4956,1863
4956,2098
4956,2250
4956,2419
4956,2586
4956,2754
4956,3036
4956,3065
4956,3164
4956,3371
4956,3698
4956,4958
4956,4960
4956,5066
4956,6465
4956,6502
4956,6784
4956,6807
4956,6852
4956,7035
4956,7373
4956,7380
4957,305
4957,352
4957,526
4957,1810
4957,1973
4957,2568
4957,2625
4957,3827
4957,4009
4957,4479
4957,4653
4957,4805
4957,4967
4957,5002
4957,5781
4957,6078
4957,6243
4957,6464
4957,6512
4957,7130
4957,7131
4957,7250
4957,7300
4957,7325
4957,7608
4957,7638
4958,512
4958,1863
4958,2250
4958,3024
4958,4956
4958,6451
4958,6852
4958,7035
4958,7373
4958,7380
4959,485
4959,573
4959,751
4959,851
4959,931
4959,1353
4959,1525
4959,1905
4959,2565
4959,3473
4959,3605
4959,3724
4959,3744
4959,3787
4959,3969
4959,4033
4959,4103
4959,4152
4959,4295
4959,4435
4959,4909
4959,5191
4959,5343
4959,5498
4959,6572
4960,275
4960,324
4960,412
4960,541
4960,556
4960,570
4960,698
4960,749
4960,767
4960,787
4960,828
4960,882
4960,909
4960,1037
4960,1054
4960,1122
4960,1243
4960,1360
4960,1364
4960,1412
4960,1428
4960,1531
4960,1583
4960,1609
4960,1648
4960,1696
4960,1709
4960,1732
4960,1734
4960,1759
4960,1969
4960,1977
4960,2006
4960,2090
4960,2098
4960,2103
4960,2134
4960,2147
4960,2180
4960,2187
4960,2189
4960,2192
4960,2235
4960,2250
4960,2260
4960,2324
4960,2419
4960,2446
4960,2474
4960,2508
4960,2596
4960,2609
4960,2717
4960,2754
4960,2822
4960,2849
4960,2854
4960,2861
4960,2895
4960,2946
4960,2975
4960,3006
4960,3091
4960,3099
4960,3283
4960,3305
4960,3316
4960,3346
4960,3371
4960,3523
4960,3543
4960,3640
4960,3714
4960,3722
4960,3805
4960,3825
4960,3830
4960,3840
4960,4038
4960,4048
4960,4070
4960,4236
4960,4245
4960,4264
4960,4342
4960,4375
4960,4412
4960,4496
4960,4504
4960,4603
4960,4666
4960,4667
4960,4676
4960,4704
4960,4758
4960,4759
4960,4881
4960,4883
4960,4938
4960,4956
4960,4972
4960,5028
4960,5045
4960,5069
4960,5164
4960,5182
4960,5245
4960,5250
4960,5272
4960,5409
4960,5465
4960,5512
4960,5540
4960,5602
4960,5691
4960,5706
4960,5753
4960,5848
4960,5856
4960,5882
4960,5906
4960,6007
4960,6010
4960,6143
4960,6164
4960,6250
4960,6257
4960,6357
4960,6363
4960,6391
4960,6416
4960,6442
4960,6465
4960,6479
4960,6502
4960,6520
4960,6532
4960,6765
4960,6771
4960,6772
4960,6881
4960,6965
4960,7013
4960,7073
4960,7086
4960,7122
4960,7238
4960,7241
4960,7402
4960,7407
4960,7555
4960,7614
4961,46
4961,191
4961,193
4961,244
4961,347
4961,465
4961,531
4961,734
4961,1035
4961,1043
4961,1190
4961,1219
4961,1248
4961,1288
4961,1535
4961,2126
4961,2282
4961,2412
4961,2496
4961,2608
4961,2702
4961,3107
4961,3227
4961,3303
4961,3352
4961,3571
4961,3647
4961,3814
4961,3829
4961,3833
4961,3953
4961,3975
4961,4020
4961,4065
4961,4150
4961,4325
4961,4582
4961,4677
4961,4742
4961,5047
4961,5221
4961,5310
4961,5331
4961,5414
4961,5560
4961,5563
4961,5802
4961,6025
4961,6031
4961,6072
4961,6109
4961,6120
4961,6300
4961,6583
4961,6682
4961,7260
4961,7292
4961,7316
4961,7447
4961,7622
4962,1765
4962,7575
4963,66
4963,171
4963,1035
4963,2379
4963,3156
4963,3175
4963,3227
4963,3437
4963,3571
4963,4089
4963,4242
4963,4325
4963,5563
4963,6120
4963,7575
4963,7620
4964,2018
4964,3309
4965,427
4965,2022
4965,2139
4965,2369
4965,3288
4965,4515
4965,5113
4965,5681
4965,6865
4965,6918
4967,203
4967,835
4967,1019
4967,1568
4967,1645
4967,2066
4967,2633
4967,3103
4967,3612
4967,3812
4967,3827
4967,3964
4967,4116
4967,4805
4967,4957
4967,4989
4967,5264
4967,5335
4967,5761
4967,6960
4967,7130
4967,7262
4967,7518
4967,7560
4968,147
4968,481
4968,561
4968,744
4968,855
4968,1126
4968,3393
4968,3904
4968,4244
4968,4459
4968,4663
4968,5038
4968,6488
4968,6625
4968,7383
4968,7489
4968,7598
4969,53
4969,662
4969,719
4969,805
4969,2293
4969,2492
4969,3437
4969,3884
4969,4238
4969,4646
4969,4906
4969,4994
4969,5733
4969,5872
4969,7063
4970,1319
4970,2078
4970,2963
4970,3437
4970,4209
4970,4239
4970,5826
4970,6117
4971,593
4971,1545
4971,1798
4971,3188
4971,3866
4971,4157
4971,4369
4971,4952
4971,5132
4971,5707
4971,5799
4971,5979
4971,6551
4971,6702
4972,275
4972,324
4972,749
4972,828
4972,1609
4972,1696
4972,1759
4972,1969
4972,2090
4972,2103
4972,2260
4972,2326
4972,2446
4972,2516
4972,3830
4972,4739
4972,4759
4972,4881
4972,4960
4972,5045
4972,5164
4972,5250
4972,5848
4972,5856
4972,6250
4972,6363
4972,6670
4972,7073
4973,1388
4973,2570
4973,2834
4973,2863
4973,2879
4973,2918
4973,3407
4973,3855
4973,4094
4973,5168
4973,5771
4973,6058
4973,6856
4974,120
4974,1234
4974,1326
4974,1367
4974,2343
4974,2362
4974,2456
4974,3084
4974,3431
4974,4237
4974,4655
4974,5131
4974,5480
4974,5927
4974,6138
4974,6347
4974,7388
4974,7460
4975,22
4975,554
4975,1656
4975,2240
4975,4673
4975,5686
4975,6653
4976,3494
4976,4276
4976,5877
4976,7564
4977,281
4977,348
4977,354
4977,452
4977,457
4977,547
4977,594
4977,624
4977,635
4977,792
4977,799
4977,823
4977,929
4977,1147
4977,1168
4977,1201
4977,1203
4977,1208
4977,1229
4977,1231
4977,1265
4977,1300
4977,1366
4977,1462
4977,1542
4977,1571
4977,1576
4977,1602
4977,1754
4977,1837
4977,1968
4977,1971
4977,2020
4977,2203
4977,2278
4977,2403
4977,2578
4977,2580
4977,2642
4977,2692
4977,2716
4977,2841
4977,2846
4977,2858
4977,2934
4977,3110
4977,3254
4977,3286
4977,3338
4977,3402
4977,3522
4977,3769
4977,3943
4977,4036
4977,4119
4977,4132
4977,4139
4977,4166
4977,4389
4977,4444
4977,4481
4977,4547
4977,4568
4977,4998
4977,5055
4977,5073
4977,5149
4977,5196
4977,5233
4977,5246
4977,5590
4977,5712
4977,5766
4977,5956
4977,6011
4977,6158
4977,6204
4977,6292
4977,6375
4977,6498
4977,6659
4977,6697
4977,6710
4977,6863
4977,6883
4977,6938
4977,6943
4977,6963
4977,7028
4977,7148
4977,7301
4977,7533
4977,7571
4977,7625
4978,166
4978,520
4978,1061
4978,1438
4978,1923
4978,2064
4978,3104
4978,3759
4978,3915
4978,4925
4978,6362
4978,6598
4979,593
4979,1744
4979,1796
4979,2553
4979,5241
4979,6414
4979,6702
4979,7337
4979,7477
4980,96
4980,409
4980,550
4980,730
4980,997
4980,1055
4980,1422
4980,1533
4980,1807
4980,1823
4980,2109
4980,2168
4980,2181
4980,2350
4980,2413
4980,3366
4980,3601
4980,3774
4980,3788
4980,3873
4980,3885
4980,4144
4980,4443
4980,4599
4980,4896
4980,4923
4980,4950
4980,5030
4980,5537
4980,5829
4980,5934
4980,6401
4980,6428
4980,6718
4980,7165
4981,78
4981,206
4981,401
4981,459
4981,647
4981,1313
4981,1332
4981,1694
4981,1742
4981,1781
4981,1799
4981,2022
4981,2369
4981,2472
4981,2503
4981,2842
4981,3288
4981,3350
4981,3416
4981,4052
4981,4175
4981,4298
4981,4425
4981,4515
4981,4675
4981,4721
4981,4901
4981,4911
4981,5005
4981,5113
4981,5242
4981,5252
4981,5319
4981,5416
4981,5431
4981,5607
4981,5681
4981,5871
4981,5954
4981,6018
4981,6220
4981,6239
4981,6273
4981,6559
4981,6865
4981,6918
4981,6919
4981,7431
4981,7484
4981,7642
4981,7645
4982,73
4982,474
4982,526
4982,629
4982,1284
4982,1315
4982,1453
4982,1722
4982,2059
4982,2143
4982,2198
4982,2257
4982,2610
4982,3469
4982,3503
4982,3559
4982,4376
4982,4719
4982,4892
4982,5396
4982,5936
4982,5993
4982,6301
4982,6551
4982,6761
4982,6898
4982,7007
4982,7121
4982,7330
4983,61
4983,85
4983,260
4983,290
4983,304
4983,553
4983,593
4983,687
4983,780
4983,857
4983,1093
4983,1102
4983,1249
4983,1268
4983,1453
4983,1665
4983,1671
4983,1708
4983,1746
4983,1862
4983,1899
4983,1907
4983,2030
4983,2106
4983,2198
4983,2207
4983,2239
4983,2370
4983,2392
4983,2661
4983,2911
4983,2974
4983,3093
4983,3178
4983,3183
4983,3408
4983,3459
4983,3502
4983,3538
4983,3632
4983,3782
4983,3895
4983,3898
4983,4080
4983,4086
4983,4376
4983,4384
4983,4525
4983,4806
4983,4870
4983,4919
4983,4952
4983,5132
4983,5222
4983,5278
4983,5296
4983,5381
4983,5404
4983,5626
4983,5641
4983,5707
4983,5714
4983,5782
4983,5799
4983,5816
4983,5881
4983,6047
4983,6208
4983,6468
4983,6618
4983,6702
4983,6811
4983,6985
4983,7036
4983,7252
4983,7597
4983,7617
4984,187
4984,315
4984,557
4984,968
4984,1737
4984,1772
4984,1920
4984,2064
4984,2133
4984,2757
4984,3151
4984,4143
4984,4208
4984,4237
4984,4280
4984,4379
4984,4925
4984,5877
4984,6111
4984,6130
4984,6199
4984,6278
4984,6347
4984,6635
4984,6653
4984,6975
4984,7460
4984,7565
4985,501
4985,766
4985,1966
4985,3223
4985,3578
4985,7467
4985,7587
4986,20
4986,51
4986,73
4986,382
4986,606
4986,1121
4986,1289
4986,1296
4986,1820
4986,1904
4986,1910
4986,2225
4986,2450
4986,2901
4986,3469
4986,4062
4986,4080
4986,4302
4986,4358
4986,4879
4986,5296
4986,6328
4986,6740
4986,7196
4987,39
4987,75
4987,106
4987,107
4987,217
4987,474
4987,483
4987,490
4987,551
4987,680
4987,705
4987,766
4987,856
4987,875
4987,964
4987,1069
4987,1091
4987,1098
4987,1212
4987,1215
4987,1289
4987,1315
4987,1335
4987,1379
4987,1409
4987,1479
4987,1722
4987,1725
4987,1831
4987,2024
4987,2106
4987,2113
4987,2198
4987,2211
4987,2215
4987,2454
4987,2536
4987,2610
4987,2648
4987,2701
4987,2901
4987,2993
4987,3013
4987,3194
4987,3320
4987,3330
4987,3410
4987,3503
4987,3515
4987,3532
4987,3559
4987,3607
4987,3643
4987,3895
4987,4153
4987,4186
4987,4259
4987,4384
4987,4719
4987,5022
4987,5188
4987,5216
4987,5263
4987,5289
4987,5396
4987,5474
4987,5513
4987,5571
4987,5864
4987,5998
4987,6096
4987,6189
4987,6395
4987,6417
4987,6447
4987,6558
4987,6660
4987,6878
4987,6898
4987,6901
4987,6920
4987,6933
4987,7102
4987,7128
4987,7269
4987,7359
4987,7465
4987,7556
4987,7589
4988,2293
4988,4574
4988,6294
4989,1371
4989,2376
4989,2529
4989,2586
4989,3779
4989,3964
4989,4009
4989,4116
4989,4641
4989,4653
4989,4747
4989,4967
4989,5264
4989,5435
4989,6110
4989,6388
4989,6470
4989,6569
4989,7113
4989,7250
4989,7325
4989,7590
4990,526
4990,669
4990,892
4990,898
4990,1084
4990,1120
4990,1448
4990,1810
4990,1979
4990,2026
4990,2092
4990,2111
4990,2279
4990,2404
4990,2917
4990,3296
4990,3457
4990,3510
4990,3742
4990,3757
4990,3837
4990,3964
4990,4069
4990,5115
4990,5798
4990,6067
4990,6512
4990,6569
4990,6879
4990,7130
4990,7250
4990,7307
4990,7512
4990,7608
4991,40
4991,106
4991,143
4991,248
4991,456
4991,601
4991,834
4991,881
4991,1185
4991,1280
4991,1429
4991,2113
4991,2415
4991,2438
4991,2586
4991,2626
4991,2738
4991,2801
4991,3037
4991,3207
4991,3277
4991,3328
4991,3339
4991,3503
4991,3856
4991,3888
4991,3889
4991,4031
4991,4033
4991,4173
4991,4373
4991,4626
4991,4940
4991,5022
4991,5993
4991,5997
4991,6015
4991,6159
4991,6210
4991,6379
4991,7020
4991,7032
4991,7035
4991,7330
4992,10
4992,349
4992,605
4992,1264
4992,1334
4992,1736
4992,1881
4992,1980
4992,2337
4992,2435
4992,2623
4992,2777
4992,3102
4992,3415
4992,3678
4992,3711
4992,3717
4992,3749
4992,4236
4992,4509
4992,4723
4992,5110
4992,5868
4992,5929
4992,5939
4992,6357
4992,6628
4992,6665
4992,6876
4992,7348
4992,7437
4992,7458
4992,7513
4993,120
4993,237
4993,615
4993,656
4993,695
4993,740
4993,982
4993,1065
4993,1256
4993,1903
4993,2517
4993,2554
4993,3041
4993,3684
4993,4087
4993,4149
4993,4379
4993,4472
4993,5092
4993,5256
4993,5419
4993,5421
4993,5523
4993,5553
4993,5736
4993,5827
4993,6090
4993,6094
4993,6130
4993,6290
4993,6355
4993,6453
4993,6635
4993,6671
4993,6681
4993,6796
4993,6873
4993,6915
4993,7037
4993,7133
4993,7257
4993,7355
4993,7631
4994,160
4994,165
4994,197
4994,289
4994,364
4994,384
4994,402
4994,454
4994,704
4994,889
4994,912
4994,918
4994,1130
4994,1252
4994,1255
4994,1270
4994,1385
4994,1386
4994,1441
4994,1480
4994,1541
4994,2283
4994,2308
4994,2416
4994,2932
4994,2986
4994,3374
4994,3524
4994,3645
4994,3823
4994,3949
4994,3969
4994,4361
4994,4428
4994,4656
4994,4878
4994,4926
4994,4969
4994,5181
4994,5232
4994,5254
4994,5400
4994,5517
4994,5566
4994,5596
4994,5701
4994,5894
4994,5910
4994,6005
4994,6155
4994,6509
4994,6739
4994,6745
4994,6757
4994,6998
4994,7112
4994,7543
4995,4646
4996,140
4996,979
4996,1135
4996,1200
4996,1398
4996,1451
4996,1547
4996,2167
4996,2178
4996,2429
4996,3192
4996,3200
4996,3609
4996,3639
4996,3679
4996,3696
4996,3971
4996,4018
4996,4134
4996,4374
4996,4597
4996,4652
4996,4815
4996,4929
4996,5579
4996,5621
4996,6167
4996,6248
4996,6326
4996,6529
4996,6809
4996,6820
4996,6862
4996,7002
4996,7089
4996,7199
4996,7358
4996,7439
4997,12
4997,1015
4997,1049
4997,1440
4997,1565
4997,2245
4997,2282
4997,2976
4997,3094
4997,3175
4997,3191
4997,3292
4997,3735
4997,3953
4997,4000
4997,4104
4997,4258
4997,4429
4997,4856
4997,5020
4997,5434
4997,5684
4997,6025
4997,6050
4997,6169
4997,6324
4997,6472
4997,6514
4997,6768
4997,6814
4997,7178
4997,7532
4997,7575
4997,7620
4998,281
4998,348
4998,354
4998,452
4998,547
4998,594
4998,929
4998,1114
4998,1147
4998,1168
4998,1201
4998,1208
4998,1231
4998,1265
4998,1462
4998,1576
4998,1602
4998,1754
4998,1837
4998,1968
4998,1971
4998,2203
4998,2278
4998,2403
4998,2578
4998,2580
4998,2642
4998,2696
4998,2858
4998,3254
4998,3338
4998,3402
4998,3522
4998,3943
4998,4036
4998,4119
4998,4132
4998,4139
4998,4166
4998,4481
4998,4547
4998,4568
4998,4977
4998,5021
4998,5055
4998,5073
4998,5196
4998,5233
4998,5246
4998,5353
4998,5712
4998,5766
4998,6158
4998,6292
4998,6375
4998,6659
4998,6697
4998,6863
4998,6883
4998,6943
4998,7028
4998,7148
4998,7533
4998,7571
4998,7625
4999,3220
4999,5272
5000,551
5000,721
5000,1296
5000,1940
5000,1961
5000,2007
5000,2371
5000,2405
5000,2544
5000,3199
5000,4384
5000,4422
5000,4427
5000,5665
5000,6611
5000,7067
5000,7384
5001,28
5001,40
5001,143
5001,161
5001,456
5001,629
5001,920
5001,1184
5001,1185
5001,1280
5001,1417
5001,1429
5001,1911
5001,1929
5001,1948
5001,2084
5001,2163
5001,2346
5001,2415
5001,2586
5001,2626
5001,2738
5001,2795
5001,2801
5001,2835
5001,3224
5001,3339
5001,3856
5001,4033
5001,4294
5001,4373
5001,4940
5001,5181
5001,5504
5001,5772
5001,5807
5001,5993
5001,6389
5001,6403
5001,6451
5001,6761
5001,6852
5001,7032
5001,7330
5002,3698
5002,4116
5002,4957
5002,6243
5002,6569
5002,7250
5003,639
5003,3698
5003,7295
5003,7551
5004,648
5004,3005
5004,4033
5004,4378
5004,4687
5004,6114
5004,6592
5004,6807
5005,78
5005,206
5005,647
5005,1332
5005,1781
5005,2022
5005,2369
5005,2503
5005,3416
5005,4175
5005,4515
5005,4721
5005,4911
5005,4981
5005,5113
5005,5416
5005,5607
5005,5655
5005,5681
5005,5871
5005,5954
5005,6018
5005,6220
5005,6239
5005,6273
5005,6734
5005,6865
5005,6918
5005,7431
5005,7484
5005,7642
5005,7645
5006,258
5006,593
5006,659
5006,774
5006,924
5006,1165
5006,1281
5006,1467
5006,1671
5006,1744
5006,1899
5006,2030
5006,2198
5006,2206
5006,2380
5006,2407
5006,2614
5006,2689
5006,2868
5006,3185
5006,3439
5006,3623
5006,3683
5006,3704
5006,3859
5006,4161
5006,4211
5006,4243
5006,4380
5006,4415
5006,4588
5006,4870
5006,5199
5006,5214
5006,5330
5006,5372
5006,5404
5006,5469
5006,5518
5006,5543
5006,5708
5006,5734
5006,5797
5006,5853
5006,6077
5006,6381
5006,6526
5006,6702
5006,6787
5006,6850
5006,6887
5006,7097
5006,7247
5006,7294
5007,269
5007,593
5007,947
5007,1058
5007,1108
5007,1344
5007,1423
5007,1444
5007,1561
5007,1782
5007,1941
5007,2198
5007,2239
5007,2484
5007,2743
5007,3070
5007,3080
5007,3152
5007,3277
5007,3359
5007,3578
5007,3697
5007,3710
5007,4164
5007,4337
5007,4522
5007,4771
5007,4805
5007,5167
5007,5234
5007,5398
5007,5404
5007,5412
5007,5844
5007,5881
5007,6345
5007,6406
5007,6527
5007,6664
5007,6702
5007,7289
5007,7395
5008,89
5008,260
5008,369
5008,593
5008,762
5008,1058
5008,1178
5008,1798
5008,2013
5008,2239
5008,2640
5008,3185
5008,3277
5008,3306
5008,4164
5008,4384
5008,4522
5008,4680
5008,4768
5008,4806
5008,5095
5008,5372
5008,5404
5008,5646
5008,5707
5008,5816
5008,5881
5008,5955
5008,6551
5008,6646
5008,6702
5008,7395
5008,7464
5008,7607
5009,88
5009,146
5009,395
5009,1362
5009,2416
5009,2431
5009,3005
5009,3778
5009,4189
5009,6048
5009,6165
5009,6378
5009,6896
5009,7304
5009,7486
5010,266
5010,551
5010,584
5010,1927
5010,2883
5010,3607
5010,3895
5010,4384
5010,4490
5010,4584
5010,5650
5010,6452
5011,120
5011,144
5011,256
5011,617
5011,709
5011,884
5011,1262
5011,1791
5011,2064
5011,2850
5011,3231
5011,3366
5011,3494
5011,3684
5011,4613
5011,4925
5011,5162
5011,5271
5011,5793
5011,5877
5011,6002
5011,6094
5011,6130
5011,6550
5011,7011
5012,705
5012,2434
5012,3275
5012,3895
5012,4384
5012,5511
5012,7445
5013,593
5013,774
5013,811
5013,924
5013,1100
5013,1351
5013,1744
5013,1797
5013,1838
5013,1899
5013,2102
5013,2198
5013,2206
5013,2380
5013,2408
5013,2598
5013,2628
5013,2649
5013,2689
5013,3081
5013,3138
5013,3185
5013,3422
5013,3623
5013,3683
5013,3704
5013,3720
5013,5077
5013,5362
5013,5543
5013,5734
5013,5769
5013,5853
5013,5897
5013,5904
5013,6414
5013,6475
5013,6526
5013,6688
5013,6702
5013,6787
5013,7021
5013,7215
5013,7247
5014,160
5014,807
5014,1252
5014,1290
5014,1359
5014,1596
5014,1669
5014,1718
5014,1950
5014,2162
5014,2210
5014,2390
5014,2613
5014,2867
5014,3232
5014,3329
5014,3400
5014,3557
5014,3631
5014,3705
5014,3911
5014,4178
5014,4362
5014,4518
5014,4621
5014,4725
5014,4908
5014,5318
5014,5423
5014,5541
5014,5571
5014,5604
5014,5630
5014,5839
5014,5971
5014,5992
5014,6179
5014,6198
5014,6314
5014,6325
5014,6328
5014,6575
5014,6967
5014,7039
5014,7153
5014,7191
5014,7579
5014,7591
5015,23
5015,33
5015,169
5015,183
5015,192
5015,240
5015,431
5015,479
5015,482
5015,593
5015,599
5015,659
5015,766
5015,1226
5015,1421
5015,1614
5015,1744
5015,1798
5015,1805
5015,1907
5015,2013
5015,2198
5015,2313
5015,2575
5015,3051
5015,3079
5015,3237
5015,3363
5015,3377
5015,3593
5015,3671
5015,4054
5015,4074
5015,4086
5015,4333
5015,4465
5015,4556
5015,4669
5015,4864
5015,5082
5015,5139
5015,5201
5015,5756
5015,5966
5015,5979
5015,5982
5015,6076
5015,6098
5015,6313
5015,6414
5015,6449
5015,6673
5015,6702
5015,6992
5015,7067
5015,7085
5015,7170
5015,7174
5015,7296
5015,7464
5015,7568
5015,7597
5015,7607
5016,147
5016,561
5016,578
5016,618
5016,688
5016,690
5016,1223
5016,1509
5016,1646
5016,2012
5016,2449
5016,2853
5016,3452
5016,4244
5016,4564
5016,4663
5016,4711
5016,5072
5016,5357
5016,5489
5016,5751
5016,5972
5016,5974
5016,6083
5016,6222
5016,6488
5016,6609
5016,6625
5016,6924
5016,7383
5016,7598
5017,1781
5017,2139
5017,4740
5018,1353
5018,4100
5018,6807
5019,315
5019,1131
5019,1772
5019,3924
5019,4125
5019,4143
5019,4208
5019,5380
5019,6653
5019,7314
5019,7460
5020,157
5020,1015
5020,1242
5020,1565
5020,1822
5020,2035
5020,2245
5020,2976
5020,3094
5020,3191
5020,3222
5020,3735
5020,4275
5020,4291
5020,4332
5020,4361
5020,4720
5020,4732
5020,4997
5020,5548
5020,5789
5020,5854
5020,5960
5020,6049
5020,6573
5020,6768
5020,6819
5020,7450
5020,7497
5020,7562
5020,7575
5020,7620
5021,68
5021,104
5021,281
5021,304
5021,348
5021,354
5021,396
5021,406
5021,451
5021,452
5021,547
5021,574
5021,594
5021,624
5021,635
5021,792
5021,823
5021,1025
5021,1033
5021,1059
5021,1147
5021,1154
5021,1168
5021,1201
5021,1203
5021,1231
5021,1265
5021,1300
5021,1307
5021,1349
5021,1366
5021,1387
5021,1542
5021,1557
5021,1602
5021,1605
5021,1713
5021,1779
5021,1837
5021,1968
5021,1971
5021,2020
5021,2029
5021,2203
5021,2276
5021,2278
5021,2351
5021,2403
5021,2578
5021,2580
5021,2642
5021,2692
5021,2696
5021,2716
5021,2735
5021,2780
5021,2841
5021,2846
5021,2858
5021,2919
5021,2937
5021,3055
5021,3110
5021,3254
5021,3286
5021,3301
5021,3338
5021,3402
5021,3505
5021,3522
5021,3535
5021,3694
5021,3769
5021,3943
5021,4011
5021,4036
5021,4059
5021,4119
5021,4132
5021,4139
5021,4166
5021,4204
5021,4319
5021,4444
5021,4481
5021,4547
5021,4550
5021,4568
5021,4825
5021,4927
5021,4998
5021,5055
5021,5073
5021,5112
5021,5149
5021,5193
5021,5196
5021,5233
5021,5246
5021,5353
5021,5590
5021,5695
5021,5712
5021,5766
5021,6011
5021,6158
5021,6204
5021,6267
5021,6292
5021,6375
5021,6455
5021,6659
5021,6697
5021,6710
5021,6833
5021,6863
5021,6883
5021,6932
5021,6938
5021,6943
5021,6949
5021,7028
5021,7148
5021,7301
5021,7533
5021,7567
5021,7571
5021,7625
5022,75
5022,106
5022,127
5022,137
5022,167
5022,248
5022,258
5022,287
5022,299
5022,461
5022,490
5022,593
5022,756
5022,766
5022,834
5022,947
5022,1215
5022,1245
5022,1335
5022,1379
5022,1409
5022,1513
5022,1663
5022,1725
5022,1831
5022,1872
5022,1911
5022,2024
5022,2084
5022,2113
5022,2198
5022,2211
5022,2239
5022,2588
5022,2795
5022,2820
5022,2905
5022,2913
5022,3510
5022,3515
5022,3532
5022,3578
5022,3585
5022,3849
5022,3870
5022,4029
5022,4031
5022,4054
5022,4067
5022,4098
5022,4186
5022,4376
5022,4384
5022,4469
5022,4569
5022,4578
5022,4719
5022,4731
5022,4745
5022,4822
5022,4952
5022,4987
5022,4991
5022,5216
5022,5263
5022,5296
5022,5368
5022,5404
5022,5455
5022,5474
5022,5664
5022,5674
5022,5676
5022,5864
5022,5997
5022,6079
5022,6208
5022,6301
5022,6417
5022,6717
5022,6761
5022,6847
5022,6878
5022,6909
5022,7035
5022,7085
5022,7225
5022,7298
5022,7330
5022,7359
5022,7579
5022,7589
5023,565
5023,799
5023,1025
5023,1208
5023,1342
5023,1886
5023,2466
5023,4396
5023,7350
5024,56
5024,195
5024,1107
5024,3735
5024,4646
5024,4689
5024,4786
5024,4866
5024,5093
5024,5826
5024,6169
5024,6324
5024,6514
5024,6768
5024,7081
5024,7586
5025,1468
5025,1721
5025,2249
5025,3082
5025,4208
5025,4748
5025,5135
5025,5877
5025,6217
5025,6550
5025,7460
5026,150
5026,195
5026,872
5026,1009
5026,1026
5026,1057
5026,2034
5026,2074
5026,2136
5026,2315
5026,2994
5026,3186
5026,3354
5026,3525
5026,3534
5026,3622
5026,3638
5026,3746
5026,3993
5026,4346
5026,4533
5026,5172
5026,5314
5026,5358
5026,5458
5026,5466
5026,5583
5026,6504
5026,6516
5026,6674
5026,6991
5026,7025
5026,7286
5027,230
5027,729
5027,902
5027,932
5027,1119
5027,1375
5027,1791
5027,1841
5027,1857
5027,2133
5027,2318
5027,2528
5027,2720
5027,3569
5027,3755
5027,3803
5027,3879
5027,4237
5027,4516
5027,5815
5027,6480
5027,6550
5028,537
5028,767
5028,1037
5028,1412
5028,1759
5028,1766
5028,2235
5028,2324
5028,2419
5028,2474
5028,2622
5028,2754
5028,2775
5028,2895
5028,3006
5028,3116
5028,3523
5028,3825
5028,4496
5028,4566
5028,4949
5028,4960
5028,5164
5028,5245
5028,5465
5028,6099
5028,6257
5028,6416
5028,6520
5028,6532
5028,6552
5028,6840
5028,6842
5028,6997
5028,7013
5028,7122
5028,7144
5028,7407
5029,50
5029,639
5029,1444
5029,1678
5029,2239
5029,2952
5029,3277
5029,3686
5029,3698
5029,3856
5029,4049
5029,4522
5029,4668
5029,5186
5029,5254
5029,7295
5029,7395
5029,7551
5030,4
5030,315
5030,709
5030,884
5030,968
5030,1721
5030,1737
5030,1914
5030,2133
5030,2251
5030,2813
5030,3231
5030,4008
5030,4143
5030,4181
5030,4557
5030,4673
5030,4925
5030,4980
5030,5094
5030,5131
5030,6088
5030,6550
5030,6623
5030,6653
5030,6712
5030,7565
5031,162
5031,305
5031,1961
5031,2198
5031,2751
5031,3359
5031,3698
5031,4433
5031,4479
5031,5305
5031,6545
5032,562
5032,629
5032,2346
5032,2454
5032,2626
5032,5396
5032,6295
5032,6901
5032,7162
5033,1423
5033,2142
5033,2228
5033,2239
5033,5412
5034,256
5034,615
5034,740
5034,871
5034,1162
5034,1617
5034,1804
5034,1909
5034,2792
5034,3041
5034,3084
5034,3424
5034,3494
5034,3905
5034,4943
5034,5419
5034,5927
5034,6090
5034,6130
5034,6173
5034,6652
5034,7291
5034,7631
5035,45
5035,101
5035,394
5035,560
5035,676
5035,704
5035,1175
5035,1248
5035,1385
5035,1416
5035,1535
5035,1955
5035,2014
5035,2078
5035,2165
5035,2512
5035,3159
5035,3281
5035,3461
5035,3669
5035,3675
5035,3819
5035,3824
5035,3934
5035,3949
5035,4521
5035,5616
5035,5617
5035,5817
5035,5872
5035,6223
5035,6300
5035,6352
5035,6429
5035,6501
5035,6583
5035,7030
5035,7064
5035,7160
5035,7245
5035,7287
5035,7538
5035,7594
5035,7613
5036,648
5036,2049
5036,2431
5036,3114
5037,42
5037,99
5037,235
5037,309
5037,410
5037,482
5037,484
5037,540
5037,552
5037,593
5037,811
5037,813
5037,831
5037,973
5037,1011
5037,1018
5037,1058
5037,1100
5037,1254
5037,1357
5037,1414
5037,1447
5037,1453
5037,1513
5037,1575
5037,1620
5037,1663
5037,1875
5037,2170
5037,2198
5037,2239
5037,2267
5037,2376
5037,2406
5037,2587
5037,2615
5037,2772
5037,2848
5037,2855
5037,2958
5037,3001
5037,3049
5037,3138
5037,3178
5037,3185
5037,3384
5037,3502
5037,3632
5037,3692
5037,3718
5037,3748
5037,3750
5037,3758
5037,3799
5037,3895
5037,4023
5037,4067
5037,4071
5037,4160
5037,4210
5037,4355
5037,4376
5037,4388
5037,4408
5037,4573
5037,4578
5037,4592
5037,4642
5037,4670
5037,4680
5037,4805
5037,4857
5037,5054
5037,5108
5037,5132
5037,5286
5037,5290
5037,5296
5037,5399
5037,5459
5037,5493
5037,5507
5037,5543
5037,5551
5037,5556
5037,5557
5037,5559
5037,5641
5037,5649
5037,5651
5037,5669
5037,5979
5037,6047
5037,6215
5037,6354
5037,6414
5037,6449
5037,6505
5037,6551
5037,6553
5037,6692
5037,6702
5037,6707
5037,6848
5037,6952
5037,6990
5037,7003
5037,7116
5037,7147
5037,7170
5037,7277
5037,7280
5037,7448
5037,7471
5037,7481
5037,7525
5037,7582
5038,179
5038,481
5038,561
5038,744
5038,837
5038,855
5038,1126
5038,1223
5038,1622
5038,2067
5038,2499
5038,3487
5038,3584
5038,3904
5038,4244
5038,4411
5038,4459
5038,4485
5038,4498
5038,4663
5038,4873
5038,4968
5038,6106
5038,6488
5038,7033
5038,7214
5038,7383
5038,7489
5038,7598
5039,258
5039,269
5039,446
5039,616
5039,731
5039,1239
5039,1268
5039,1738
5039,1798
5039,2198
5039,2239
5039,3183
5039,3359
5039,3364
5039,3557
5039,3710
5039,3912
5039,3947
5039,4154
5039,4164
5039,4267
5039,4337
5039,4376
5039,4578
5039,4725
5039,5070
5039,5258
5039,5404
5039,5707
5039,5740
5039,5881
5039,6487
5039,6582
5039,6646
5039,7395
5039,7607
5040,2239
5040,6325
5040,7523
5041,3578
5041,6246
5042,42
5042,77
5042,243
5042,258
5042,309
5042,312
5042,431
5042,469
5042,593
5042,727
5042,836
5042,924
5042,1092
5042,1102
5042,1152
5042,1165
5042,1178
5042,1517
5042,1671
5042,1708
5042,1744
5042,1747
5042,1797
5042,1899
5042,1925
5042,2198
5042,2239
5042,2307
5042,2380
5042,2381
5042,2485
5042,2628
5042,2782
5042,3053
5042,3074
5042,3257
5042,3438
5042,3445
5042,3459
5042,3623
5042,3693
5042,3720
5042,3876
5042,3882
5042,4024
5042,4071
5042,4161
5042,4188
5042,4217
5042,4243
5042,4347
5042,4415
5042,4484
5042,4510
5042,4578
5042,4688
5042,4791
5042,4934
5042,5048
5042,5070
5042,5290
5042,5344
5042,5385
5042,5404
5042,5415
5042,5471
5042,5543
5042,5649
5042,5740
5042,5769
5042,5833
5042,5878
5042,5881
5042,5932
5042,5979
5042,5982
5042,6315
5042,6321
5042,6397
5042,6414
5042,6597
5042,6634
5042,6658
5042,6688
5042,6702
5042,6847
5042,7021
5042,7105
5042,7150
5042,7204
5042,7464
5042,7477
5043,199
5043,365
5043,791
5043,1681
5043,1939
5043,1951
5043,2003
5043,2075
5043,2742
5043,2994
5043,3429
5043,3707
5043,3884
5043,3960
5043,4260
5043,5057
5043,5119
5043,5232
5043,5298
5043,5337
5043,5382
5043,5826
5043,5970
5043,6147
5043,6523
5043,6585
5043,6698
5043,7063
5043,7064
5043,7237
5043,7260
5043,7281
5043,7367
5043,7438
5043,7618
5044,2631
5044,3344
5044,5598
5044,7088
5045,216
5045,275
5045,324
5045,698
5045,749
5045,828
5045,850
5045,1428
5045,1609
5045,1648
5045,1696
5045,1743
5045,1977
5045,2046
5045,2090
5045,2147
5045,2250
5045,2326
5045,2516
5045,2596
5045,3640
5045,3830
5045,4070
5045,4245
5045,4412
5045,4938
5045,4960
5045,4972
5045,5069
5045,5250
5045,5602
5045,5753
5045,5848
5045,5879
5045,6250
5045,6357
5045,6363
5045,6372
5045,6532
5045,6670
5045,6765
5045,7073
5046,64
5046,249
5046,307
5046,355
5046,1149
5046,1151
5046,1304
5046,1692
5046,1807
5046,2168
5046,2413
5046,2874
5046,3135
5046,3147
5046,3214
5046,3266
5046,3486
5046,4005
5046,4093
5046,4202
5046,4322
5046,5104
5046,5803
5046,6144
5046,7108
5046,7220
5046,7449
5046,7509
5047,662
5047,1190
5047,1450
5047,3107
5047,3457
5047,3615
5047,3833
5047,4020
5047,4051
5047,4068
5047,4137
5047,4325
5047,4961
5047,5106
5047,5122
5047,5310
5047,5391
5047,5414
5047,5563
5047,5802
5047,6109
5047,6120
5047,6599
5047,6957
5047,7025
5047,7427
5047,7485
5048,61
5048,169
5048,469
5048,552
5048,593
5048,1100
5048,1178
5048,1206
5048,1357
5048,1429
5048,1513
5048,1517
5048,1698
5048,1738
5048,1744
5048,1763
5048,1796
5048,1899
5048,1908
5048,1993
5048,2060
5048,2198
5048,2206
5048,2239
5048,2336
5048,2410
5048,2485
5048,2541
5048,2615
5048,2782
5048,2795
5048,2848
5048,3049
5048,3051
5048,3061
5048,3063
5048,3105
5048,3184
5048,3384
5048,3623
5048,3704
5048,3713
5048,3929
5048,4080
5048,4086
5048,4113
5048,4156
5048,4248
5048,4278
5048,4347
5048,4376
5048,4388
5048,4662
5048,4688
5048,4805
5048,5042
5048,5054
5048,5070
5048,5234
5048,5290
5048,5311
5048,5372
5048,5415
5048,5732
5048,5816
5048,5833
5048,5888
5048,5982
5048,6077
5048,6215
5048,6313
5048,6321
5048,6354
5048,6414
5048,6673
5048,6678
5048,6702
5048,6723
5048,6807
5048,6847
5048,7003
5048,7091
5048,7150
5048,7170
5048,7203
5048,7204
5048,7266
5048,7398
5048,7464
5048,7573
5049,260
5049,552
5049,1058
5049,1899
5049,2198
5049,3049
5049,3748
5049,4164
5049,4376
5049,4805
5049,5070
5049,5132
5049,5286
5049,5888
5049,6723
5050,24
5050,61
5050,89
5050,322
5050,366
5050,375
5050,593
5050,736
5050,800
5050,811
5050,1028
5050,1294
5050,1351
5050,1738
5050,1752
5050,1899
5050,2198
5050,2541
5050,2649
5050,2689
5050,3008
5050,3051
5050,3185
5050,3379
5050,3439
5050,3683
5050,3704
5050,3720
5050,3893
5050,3946
5050,3987
5050,4127
5050,4415
5050,4421
5050,4586
5050,4588
5050,5214
5050,5362
5050,5469
5050,5495
5050,5542
5050,5734
5050,5769
5050,5903
5050,5904
5050,6414
5050,6526
5050,6692
5050,6702
5050,6923
5050,7247
5050,7610
5050,7619
5051,4540
5051,5980
5051,6730
5052,111
5052,495
5052,835
5052,1514
5052,1650
5052,1673
5052,1915
5052,1979
5052,2066
5052,3103
5052,3249
5052,3331
5052,3433
5052,3578
5052,4116
5052,5202
5052,5213
5052,5234
5052,5378
5052,5700
5052,7106
5052,7518
5053,1065
5053,1804
5053,1909
5053,2333
5053,2774
5053,4146
5053,4237
5053,4800
5053,6130
5053,6884
5053,7133
5054,261
5054,484
5054,659
5054,706
5054,1210
5054,1744
5054,1899
5054,2675
5054,2981
5054,3051
5054,3287
5054,3547
5054,3623
5054,3748
5054,4211
5054,4376
5054,4816
5054,5037
5054,5048
5054,5251
5054,5330
5054,5372
5054,5404
5054,5518
5054,5556
5054,5612
5054,5734
5054,6024
5054,6066
5054,6492
5054,6526
5054,6787
5054,6907
5054,6930
5054,6968
5054,7003
5054,7021
5055,348
5055,354
5055,452
5055,547
5055,594
5055,624
5055,792
5055,799
5055,823
5055,929
5055,1025
5055,1147
5055,1201
5055,1203
5055,1208
5055,1231
5055,1265
5055,1462
5055,1542
5055,1576
5055,1837
5055,1968
5055,1971
5055,2203
5055,2278
5055,2403
5055,2578
5055,2580
5055,2642
5055,2846
5055,2858
5055,3254
5055,3286
5055,3338
5055,3402
5055,3522
5055,3769
5055,3943
5055,4036
5055,4119
5055,4139
5055,4481
5055,4550
5055,4568
5055,4977
5055,4998
5055,5021
5055,5196
5055,5233
5055,5712
5055,6158
5055,6375
5055,6498
5055,6659
5055,6697
5055,6710
5055,6863
5055,6883
5055,7028
5055,7148
5055,7175
5055,7301
5055,7533
5055,7625
5056,118
5056,276
5056,518
5056,616
5056,803
5056,947
5056,1108
5056,1191
5056,1344
5056,1586
5056,1686
5056,1961
5056,1975
5056,2179
5056,2198
5056,2201
5056,2239
5056,2287
5056,2342
5056,2502
5056,2823
5056,3152
5056,3359
5056,3698
5056,3710
5056,4016
5056,4159
5056,4164
5056,4294
5056,4458
5056,4464
5056,4688
5056,4746
5056,4771
5056,4805
5056,5206
5056,5404
5056,5545
5056,5559
5056,5807
5056,5844
5056,5878
5056,6406
5056,6664
5056,6778
5056,6807
5056,7127
5056,7395
5056,7523
5057,1072
5057,1251
5057,1939
5057,2411
5057,2840
5057,3227
5057,3425
5057,3495
5057,3960
5057,4235
5057,4325
5057,4646
5057,4689
5057,4935
5057,5043
5057,5074
5057,5172
5057,5337
5057,5794
5057,5985
5057,6169
5057,6813
5057,7026
5057,7081
5057,7316
5057,7427
5057,7507
5057,7618
5058,85
5058,260
5058,369
5058,593
5058,616
5058,1058
5058,1415
5058,1453
5058,1575
5058,2129
5058,2239
5058,2339
5058,2370
5058,2410
5058,2537
5058,2571
5058,3160
5058,3311
5058,3748
5058,3895
5058,4080
5058,4164
5058,4376
5058,4384
5058,4608
5058,4805
5058,4806
5058,4952
5058,5404
5058,5593
5058,5641
5058,5714
5058,5816
5058,5881
5058,5952
5058,6039
5058,6242
5058,7252
5058,7330
5058,7369
5058,7572
5058,7582
5059,1035
5059,1536
5059,3244
5059,4587
5059,4646
5059,4875
5059,4906
5059,7620
5060,1248
5061,26
5061,383
5061,592
5061,1082
5061,1194
5061,1591
5061,2685
5061,2778
5061,2887
5061,3063
5061,3243
5061,3247
5061,3257
5061,3657
5061,3923
5061,4082
5061,4345
5061,4912
5061,5133
5061,5293
5061,5703
5061,5932
5061,5958
5061,6343
5061,6371
5061,6759
5061,7119
5061,7601
5062,139
5062,326
5062,559
5062,643
5062,1465
5062,1960
5062,2231
5062,2488
5062,6922
5062,7354
5062,7454
5062,7637
5063,24
5063,28
5063,386
5063,429
5063,526
5063,533
5063,631
5063,669
5063,808
5063,832
5063,898
5063,971
5063,994
5063,1280
5063,1645
5063,2041
5063,2111
5063,2149
5063,2279
5063,2462
5063,2581
5063,2904
5063,2917
5063,2988
5063,3265
5063,3271
5063,3358
5063,3385
5063,3387
5063,3443
5063,3510
5063,3641
5063,3725
5063,3792
5063,3962
5063,3964
5063,3989
5063,3991
5063,4121
5063,4362
5063,4624
5063,4718
5063,4754
5063,5335
5063,5428
5063,5899
5063,5992
5063,6320
5063,6445
5063,6458
5063,6481
5063,6569
5063,6834
5063,6897
5063,6909
5063,7130
5063,7250
5063,7312
5063,7313
5063,7328
5063,7459
5063,7576
5064,669
5064,2376
5064,2581
5064,3812
5064,4116
5064,4805
5064,5453
5064,6388
5064,6668
5064,6807
5064,7130
5064,7250
5064,7325
5065,630
5065,988
5065,1452
5065,1503
5065,1946
5065,2077
5065,2319
5065,2436
5065,2607
5065,2695
5065,3229
5065,3396
5065,3437
5065,3495
5065,3934
5065,4108
5065,4646
5065,5456
5065,5690
5065,5885
5065,6169
5065,6433
5065,6656
5065,6768
5065,7367
5065,7586
5066,340
5066,478
5066,1389
5066,1827
5066,1863
5066,2250
5066,4956
5066,6099
5066,6479
5067,2072
5068,41
5068,821
5068,1058
5068,1129
5068,1414
5068,1481
5068,1575
5068,1862
5068,1875
5068,1990
5068,2287
5068,2513
5068,2798
5068,3049
5068,3054
5068,3115
5068,3203
5068,3384
5068,3545
5068,3753
5068,3817
5068,4371
5068,4376
5068,4562
5068,4573
5068,4670
5068,4805
5068,5234
5068,5251
5068,5898
5068,6197
5068,6592
5068,7481
5069,275
5069,324
5069,749
5069,828
5069,1531
5069,1609
5069,1648
5069,1696
5069,2090
5069,2187
5069,2326
5069,2508
5069,2516
5069,3640
5069,3711
5069,3722
5069,3830
5069,4070
5069,4245
5069,4412
5069,4881
5069,4883
5069,4938
5069,4960
5069,5045
5069,5250
5069,5465
5069,5540
5069,5602
5069,5753
5069,5848
5069,5856
5069,6250
5069,6357
5069,6363
5069,6532
5069,6670
5069,6765
5069,7073
5070,3
5070,26
5070,42
5070,69
5070,76
5070,98
5070,138
5070,169
5070,377
5070,540
5070,552
5070,593
5070,632
5070,727
5070,731
5070,770
5070,811
5070,813
5070,836
5070,841
5070,869
5070,951
5070,1058
5070,1097
5070,1100
5070,1102
5070,1178
5070,1206
5070,1210
5070,1226
5070,1254
5070,1286
5070,1399
5070,1481
5070,1485
5070,1513
5070,1517
5070,1545
5070,1668
5070,1684
5070,1690
5070,1705
5070,1723
5070,1744
5070,1747
5070,1796
5070,1797
5070,1798
5070,1862
5070,1899
5070,1908
5070,1959
5070,1993
5070,1997
5070,2026
5070,2060
5070,2095
5070,2115
5070,2163
5070,2198
5070,2206
5070,2229
5070,2239
5070,2336
5070,2370
5070,2406
5070,2410
5070,2432
5070,2471
5070,2553
5070,2592
5070,2615
5070,2627
5070,2637
5070,2645
5070,2650
5070,2659
5070,2736
5070,2738
5070,2782
5070,2795
5070,2848
5070,2855
5070,2881
5070,2921
5070,2931
5070,2981
5070,3049
5070,3051
5070,3074
5070,3105
5070,3115
5070,3138
5070,3160
5070,3172
5070,3261
5070,3279
5070,3384
5070,3403
5070,3438
5070,3459
5070,3623
5070,3659
5070,3703
5070,3704
5070,3713
5070,3748
5070,3867
5070,3882
5070,3929
5070,4071
5070,4090
5070,4091
5070,4113
5070,4147
5070,4156
5070,4164
5070,4203
5070,4210
5070,4217
5070,4248
5070,4337
5070,4376
5070,4388
5070,4573
5070,4595
5070,4642
5070,4658
5070,4805
5070,4806
5070,4827
5070,5039
5070,5042
5070,5048
5070,5049
5070,5155
5070,5194
5070,5195
5070,5208
5070,5234
5070,5258
5070,5316
5070,5328
5070,5344
5070,5351
5070,5365
5070,5372
5070,5404
5070,5415
5070,5468
5070,5471
5070,5507
5070,5531
5070,5612
5070,5646
5070,5649
5070,5651
5070,5707
5070,5764
5070,5808
5070,5816
5070,5833
5070,5881
5070,5945
5070,5955
5070,5961
5070,5966
5070,5982
5070,6024
5070,6055
5070,6064
5070,6066
5070,6069
5070,6075
5070,6135
5070,6215
5070,6315
5070,6321
5070,6354
5070,6414
5070,6451
5070,6492
5070,6669
5070,6701
5070,6702
5070,6705
5070,6723
5070,6775
5070,6787
5070,6847
5070,6877
5070,6992
5070,7003
5070,7010
5070,7021
5070,7070
5070,7090
5070,7091
5070,7105
5070,7150
5070,7166
5070,7204
5070,7289
5070,7300
5070,7320
5070,7440
5070,7464
5070,7539
5070,7560
5070,7572
5070,7573
5070,7607
5071,4804
5071,4887
5071,5460
5071,5741
5071,6513
5072,147
5072,398
5072,481
5072,561
5072,578
5072,609
5072,618
5072,688
5072,746
5072,782
5072,901
5072,1223
5072,1466
5072,1509
5072,2012
5072,2073
5072,2395
5072,2444
5072,2449
5072,2491
5072,2499
5072,2786
5072,3452
5072,3733
5072,3984
5072,4151
5072,4244
5072,4353
5072,4478
5072,4485
5072,4491
5072,4494
5072,4564
5072,4585
5072,4663
5072,4884
5072,5016
5072,5230
5072,5476
5072,5489
5072,5718
5072,5737
5072,5896
5072,5972
5072,5974
5072,6083
5072,6222
5072,6229
5072,6311
5072,6488
5072,6609
5072,6625
5072,7218
5072,7263
5072,7383
5072,7426
5072,7463
5072,7469
5072,7598
5073,304
5073,354
5073,452
5073,457
5073,547
5073,594
5073,624
5073,799
5073,823
5073,929
5073,1147
5073,1203
5073,1208
5073,1231
5073,1265
5073,1387
5073,1542
5073,1713
5073,1837
5073,1968
5073,1971
5073,2029
5073,2278
5073,2351
5073,2403
5073,2578
5073,2580
5073,2642
5073,2841
5073,2846
5073,2858
5073,3110
5073,3254
5073,3338
5073,3402
5073,3519
5073,3522
5073,3769
5073,3943
5073,4011
5073,4036
5073,4119
5073,4139
5073,4166
5073,4481
5073,4977
5073,4998
5073,5021
5073,5196
5073,5233
5073,5766
5073,6011
5073,6158
5073,6375
5073,6498
5073,6659
5073,6697
5073,6863
5073,6883
5073,7028
5073,7148
5073,7301
5073,7625
5074,202
5074,496
5074,1556
5074,1952
5074,2014
5074,2412
5074,2453
5074,2512
5074,3086
5074,3159
5074,3227
5074,3239
5074,3281
5074,3437
5074,3442
5074,3461
5074,3662
5074,3669
5074,3729
5074,3823
5074,3869
5074,3949
5074,4106
5074,4260
5074,4452
5074,4628
5074,4935
5074,5057
5074,5521
5074,5663
5074,5794
5074,5817
5074,5872
5074,6554
5074,6813
5074,6970
5074,7287
5074,7507
5074,7538
5074,7594
5075,2597
5075,5999
5075,7372
5076,190
5076,1230
5076,2515
5076,3740
5076,4172
5076,4488
5076,5325
5076,5763
5076,6277
5076,6283
5076,6356
5076,6807
5076,6908
5076,7078
5076,7419
5077,593
5077,906
5077,1100
5077,1659
5077,1838
5077,2198
5077,2553
5077,4641
5077,5013
5077,5493
5077,5584
5077,5734
5077,6702
5078,250
5078,747
5078,2150
5078,2430
5078,2897
5078,3004
5078,3240
5078,3731
5078,3937
5079,835
5079,1091
5079,1514
5079,1915
5079,2066
5079,3056
5079,3273
5079,3331
5079,3433
5079,4693
5079,5083
5079,5213
5079,5264
5079,5307
5079,5485
5079,5865
5079,6570
5079,6720
5079,6960
5079,7518
5080,760
5080,764
5080,766
5080,1013
5080,1091
5080,1418
5080,1499
5080,1673
5080,1682
5080,2143
5080,2372
5080,2375
5080,2425
5080,2993
5080,3223
5080,3607
5080,3866
5080,3895
5080,3959
5080,4054
5080,4198
5080,4344
5080,4722
5080,4889
5080,5091
5080,5098
5080,5171
5080,5378
5080,5664
5080,5998
5080,6171
5080,6219
5080,6246
5080,6466
5080,7067
5080,7239
5080,7411
5080,7587
5080,7623
5081,161
5081,262
5081,456
5081,1185
5081,1379
5081,2738
5081,4259
5081,6878
5081,7359
5081,7589
5082,85
5082,266
5082,304
5082,446
5082,593
5082,677
5082,711
5082,1224
5082,1226
5082,1453
5082,1472
5082,1521
5082,2028
5082,2183
5082,2198
5082,2406
5082,2575
5082,2770
5082,2883
5082,2961
5082,3060
5082,3068
5082,3185
5082,3269
5082,3370
5082,3593
5082,3760
5082,4054
5082,4086
5082,4147
5082,4376
5082,4384
5082,4570
5082,4658
5082,4845
5082,4864
5082,4919
5082,5015
5082,5296
5082,5455
5082,5513
5082,5641
5082,5709
5082,6036
5082,6451
5082,6892
5082,6895
5082,6992
5082,7269
5082,7296
5082,7612
5083,579
5083,1561
5083,1769
5083,2239
5083,4559
5083,5079
5083,6467
5083,6570
5084,479
5084,2671
5084,3756
5084,5955
5084,6906
5084,7003
5084,7487
5084,7537
5085,2126
5085,2283
5085,2669
5085,2680
5085,3675
5085,4022
5085,5605
5086,135
5086,664
5086,880
5086,1015
5086,1077
5086,1565
5086,1822
5086,2815
5086,2836
5086,3094
5086,3603
5086,3852
5086,4275
5086,4291
5086,4720
5086,4732
5086,5548
5086,5558
5086,5789
5086,6324
5086,6573
5086,6776
5086,6819
5086,7475
5086,7497
5086,7620
5087,823
5087,1203
5087,1968
5087,2278
5087,2580
5087,2846
5087,2858
5087,4119
5087,6158
5088,2550
5088,2762
5088,3906
5088,5337
5088,5812
5088,6147
5089,2907
5089,3798
5090,2312
5090,5653
5090,7648
5091,85
5091,552
5091,1189
5091,1296
5091,1347
5091,1418
5091,1444
5091,1453
5091,1495
5091,1650
5091,1682
5091,2021
5091,2032
5091,2143
5091,2205
5091,2370
5091,2375
5091,2470
5091,2911
5091,3311
5091,3469
5091,3542
5091,3784
5091,4356
5091,4384
5091,4672
5091,4806
5091,4952
5091,5080
5091,5098
5091,5132
5091,5171
5091,5234
5091,5404
5091,5641
5091,6328
5091,6409
5091,6624
5091,6832
5091,6911
5091,6966
5091,7134
5091,7164
5091,7252
5091,7330
5091,7415
5092,166
5092,733
5092,977
5092,1065
5092,1177
5092,2064
5092,2788
5092,2850
5092,3988
5092,4087
5092,4925
5092,4993
5092,5523
5092,5618
5092,5675
5092,5793
5092,5884
5092,6396
5092,6419
5092,6671
5093,45
5093,108
5093,530
5093,887
5093,894
5093,1219
5093,2607
5093,2963
5093,3533
5093,3813
5093,3833
5093,4020
5093,5024
5093,5946
5093,6025
5093,6223
5094,19
5094,204
5094,563
5094,581
5094,871
5094,997
5094,1587
5094,1728
5094,1772
5094,2264
5094,2813
5094,3151
5094,3236
5094,3845
5094,3924
5094,4008
5094,4181
5094,4351
5094,4357
5094,4557
5094,4899
5094,5030
5094,5131
5094,5380
5094,5444
5094,6088
5094,6623
5094,6653
5094,6712
5094,7530
5095,23
5095,85
5095,551
5095,958
5095,1040
5095,1113
5095,1218
5095,1293
5095,1798
5095,2239
5095,3183
5095,3408
5095,4080
5095,4262
5095,4384
5095,4420
5095,4474
5095,4952
5095,5008
5095,5945
5095,6487
5095,6551
5095,6707
5095,6802
5095,7003
5095,7296
5095,7464
5095,7465
5096,451
5096,1025
5096,1059
5096,1207
5096,1307
5096,1352
5096,1398
5096,1793
5096,1890
5096,1949
5096,1968
5096,1971
5096,2069
5096,2278
5096,2403
5096,2580
5096,2846
5096,3055
5096,3200
5096,3390
5096,3505
5096,3519
5096,3522
5096,3535
5096,3943
5096,4036
5096,4079
5096,4119
5096,4929
5096,5196
5096,5477
5096,5621
5096,5956
5096,6498
5096,6543
5096,6863
5096,6883
5096,7002
5096,7199
5096,7358
5097,593
5097,766
5097,1899
5097,2198
5097,2913
5097,2945
5097,3278
5097,3578
5097,3608
5097,4217
5097,6409
5097,6702
5098,304
5098,766
5098,904
5098,1091
5098,1189
5098,1418
5098,1499
5098,1682
5098,2021
5098,2028
5098,2143
5098,2205
5098,2372
5098,2763
5098,2993
5098,3330
5098,3607
5098,3772
5098,3866
5098,3895
5098,3959
5098,4037
5098,4054
5098,4889
5098,5080
5098,5091
5098,5132
5098,5171
5098,5378
5098,5936
5098,6171
5098,6219
5098,6466
5098,7067
5098,7171
5098,7222
5098,7239
5098,7480
5098,7623
5099,1747
5099,1840
5099,2571
5099,2617
5099,4303
5099,4806
5099,6551
5099,7535
5100,686
5100,709
5100,884
5100,982
5100,1791
5100,2064
5100,4237
5100,4849
5100,4925
5100,5140
5100,5515
5100,5877
5100,6002
5100,6042
5100,6130
5100,6221
5100,6806
5100,7065
5101,223
5101,417
5101,784
5101,1026
5101,1252
5101,1275
5101,1394
5101,1729
5101,1904
5101,1906
5101,1984
5101,2218
5101,2277
5101,2392
5101,2488
5101,2579
5101,3177
5101,4404
5101,5177
5101,5630
5101,5917
5101,5947
5101,5992
5101,6061
5101,6178
5101,6245
5101,6266
5101,6647
5101,6777
5101,7045
5101,7066
5101,7107
5101,7109
5101,7175
5101,7358
5101,7389
5101,7455
5101,7550
5102,338
5102,401
5102,1694
5102,2022
5102,2050
5102,2472
5102,4298
5102,6853
5102,6858
5102,6865
5103,258
5103,369
5103,562
5103,593
5103,1798
5103,2396
5103,2661
5103,6702
5103,7170
5103,7464
5104,64
5104,297
5104,355
5104,422
5104,543
5104,932
5104,996
5104,1149
5104,1304
5104,1445
5104,1692
5104,1740
5104,1807
5104,2168
5104,2217
5104,2413
5104,2874
5104,3147
5104,3214
5104,3477
5104,3494
5104,3511
5104,4005
5104,4093
5104,4202
5104,4322
5104,5046
5104,5803
5104,6144
5104,7108
5104,7264
5104,7408
5104,7449
5104,7509
5105,169
5105,258
5105,593
5105,1350
5105,1744
5105,6414
5105,6702
5105,6887
5106,1450
5106,2876
5106,3107
5106,4325
5106,5047
5106,5414
5106,6109
5106,7049
5106,7117
5106,7260
5106,7594
5107,142
5107,237
5107,581
5107,620
5107,884
5107,2251
5107,2602
5107,3494
5107,3845
5107,4379
5107,5361
5107,5877
5107,6130
5107,6870
5107,7080
5108,109
5108,446
5108,967
5108,1058
5108,1210
5108,1357
5108,1415
5108,1575
5108,1796
5108,1797
5108,2049
5108,2115
5108,2170
5108,2198
5108,2239
5108,2370
5108,2410
5108,2881
5108,3049
5108,3152
5108,3160
5108,3384
5108,4164
5108,4248
5108,4376
5108,4573
5108,4670
5108,4805
5108,5037
5108,5132
5108,5234
5108,5251
5108,5404
5108,5415
5108,5531
5108,5559
5108,5881
5108,6354
5108,6414
5108,6592
5108,6702
5108,6847
5108,7021
5108,7090
5108,7252
5108,7277
5108,7289
5109,751
5109,1905
5109,3724
5109,4295
5109,5659
5109,6730
5110,10
5110,349
5110,605
5110,641
5110,981
5110,1038
5110,1041
5110,1088
5110,1264
5110,1334
5110,1616
5110,1736
5110,1980
5110,2250
5110,2337
5110,2364
5110,2435
5110,2623
5110,2717
5110,2777
5110,3283
5110,3415
5110,3543
5110,3583
5110,3678
5110,3711
5110,3717
5110,3749
5110,3820
5110,3992
5110,4403
5110,4509
5110,4723
5110,4740
5110,4829
5110,4992
5110,5509
5110,5852
5110,5868
5110,5929
5110,5939
5110,6357
5110,6557
5110,6628
5110,6665
5110,6876
5110,6913
5110,7308
5110,7348
5110,7437
5110,7458
5110,7513
5111,75
5111,85
5111,212
5111,432
5111,584
5111,601
5111,766
5111,785
5111,881
5111,904
5111,939
5111,1189
5111,1215
5111,1293
5111,1361
5111,1406
5111,1453
5111,1513
5111,1663
5111,1738
5111,1968
5111,2021
5111,2113
5111,2143
5111,2198
5111,2215
5111,2299
5111,2569
5111,3190
5111,3503
5111,3522
5111,3559
5111,3607
5111,3895
5111,4153
5111,4376
5111,4469
5111,4952
5111,5132
5111,5263
5111,5641
5111,5707
5111,6086
5111,6551
5111,6588
5111,6594
5111,6743
5111,6803
5111,6883
5111,7032
5111,7072
5111,7102
5111,7296
5111,7330
5111,7395
5112,354
5112,547
5112,799
5112,929
5112,1025
5112,1033
5112,1147
5112,1208
5112,1730
5112,1837
5112,1968
5112,1971
5112,2104
5112,2278
5112,2287
5112,2440
5112,2580
5112,2846
5112,3055
5112,3228
5112,3402
5112,3522
5112,4036
5112,4119
5112,4329
5112,4444
5112,4481
5112,4547
5112,4592
5112,4805
5112,5021
5112,5149
5112,5196
5112,6158
5112,6498
5112,6697
5112,6883
5112,6943
5112,7116
5112,7301
5112,7625
5113,78
5113,206
5113,401
5113,427
5113,459
5113,647
5113,1313
5113,1332
5113,1694
5113,1781
5113,1937
5113,2022
5113,2139
5113,2369
5113,2503
5113,2842
5113,3288
5113,3350
5113,3416
5113,4099
5113,4515
5113,4721
5113,4901
5113,4911
5113,4965
5113,4981
5113,5005
5113,5242
5113,5252
5113,5319
5113,5416
5113,5607
5113,5681
5113,5871
5113,5954
5113,6018
5113,6132
5113,6220
5113,6239
5113,6273
5113,6559
5113,6865
5113,6918
5113,7249
5113,7431
5113,7484
5113,7642
5113,7645
5114,28
5114,36
5114,920
5114,971
5114,1111
5114,1280
5114,1429
5114,1579
5114,1714
5114,2163
5114,2244
5114,2740
5114,2826
5114,3054
5114,3155
5114,3271
5114,3335
5114,3403
5114,3419
5114,3856
5114,4001
5114,4033
5114,4100
5114,4390
5114,4434
5114,5209
5114,5343
5114,5364
5114,5437
5114,5496
5114,5615
5114,5708
5114,6237
5114,6600
5114,6807
5114,6844
5114,6852
5114,7190
5114,7351
5115,225
5115,283
5115,410
5115,499
5115,526
5115,600
5115,628
5115,956
5115,986
5115,1042
5115,1058
5115,1084
5115,1143
5115,1196
5115,1291
5115,1448
5115,1601
5115,1607
5115,1922
5115,2026
5115,2092
5115,2093
5115,2111
5115,2279
5115,2402
5115,2529
5115,2655
5115,2987
5115,3296
5115,3457
5115,3510
5115,3725
5115,4067
5115,4069
5115,4115
5115,4503
5115,4609
5115,4990
5115,5170
5115,5295
5115,5543
5115,5739
5115,6029
5115,6458
5115,6512
5115,6569
5115,6630
5115,6909
5115,6952
5115,7077
5115,7112
5115,7130
5116,5455
5116,5664
5116,6880
5117,186
5117,335
5117,1264
5117,1785
5117,1900
5117,2364
5117,2667
5117,2892
5117,2899
5117,2953
5117,3283
5117,4072
5117,4105
5117,4403
5117,4905
5117,5619
5117,7411
5117,7458
5117,7506
5118,128
5118,252
5118,564
5118,908
5118,1358
5118,1435
5118,1550
5118,2044
5118,2094
5118,2263
5118,2378
5118,2707
5118,2944
5118,3365
5118,3484
5118,3555
5118,4277
5118,4430
5118,4769
5118,4882
5118,5192
5118,5486
5118,5625
5118,5636
5118,5933
5118,7094
5119,1072
5119,1397
5119,1939
5119,1951
5119,2308
5119,2428
5119,2492
5119,2742
5119,2994
5119,3107
5119,3586
5119,4247
5119,5043
5119,5260
5119,5337
5119,5970
5119,6049
5119,6089
5119,6523
5119,7367
5120,212
5120,304
5120,521
5120,526
5120,584
5120,683
5120,1287
5120,1493
5120,1549
5120,1926
5120,2059
5120,2215
5120,2525
5120,2536
5120,2632
5120,2673
5120,2703
5120,2903
5120,3246
5120,3370
5120,3506
5120,3559
5120,4067
5120,4153
5120,4384
5120,4584
5120,5144
5120,5719
5120,5851
5120,6059
5120,6348
5120,6412
5120,6427
5120,6699
5120,6841
5120,6849
5120,6909
5120,6920
5120,7240
5120,7296
5120,7322
5121,1160
5121,3197
5122,1816
5122,2742
5122,2966
5122,3086
5122,4137
5122,5047
5122,6120
5123,413
5123,528
5123,558
5123,675
5123,954
5123,1227
5123,1302
5123,1413
5123,1829
5123,2065
5123,2161
5123,2177
5123,2233
5123,2686
5123,2760
5123,2807
5123,3342
5123,3509
5123,4344
5123,4685
5123,5484
5123,5634
5123,5664
5123,5682
5123,6271
5123,6839
5123,7397
5124,177
5124,1003
5124,1021
5124,1237
5124,1449
5124,2399
5124,2528
5124,2538
5124,2605
5124,3201
5124,3361
5124,3423
5124,3572
5124,3850
5124,3939
5124,4197
5124,4237
5124,4399
5124,4418
5124,4497
5124,4534
5124,4861
5124,5279
5124,5439
5124,6374
5124,7405
5124,7544
5125,432
5125,766
5125,1284
5125,1575
5125,2198
5125,2239
5125,3359
5125,3895
5125,7395
5126,526
5126,583
5126,584
5126,921
5126,1518
5126,3506
5126,5645
5126,6412
5126,6909
5126,7486
5127,783
5127,1162
5127,3143
5127,4088
5127,5973
5127,6206
5128,355
5128,1151
5128,1400
5128,2168
5128,2413
5128,3431
5128,4611
5128,6144
5128,7449
5128,7509
5130,1897
5130,3848
5130,7228
5131,19
5131,126
5131,204
5131,315
5131,581
5131,737
5131,824
5131,932
5131,968
5131,1021
5131,1115
5131,1131
5131,1146
5131,1244
5131,1256
5131,1392
5131,1449
5131,1664
5131,1737
5131,1772
5131,2133
5131,2318
5131,2528
5131,2949
5131,3236
5131,3361
5131,3389
5131,3879
5131,3915
5131,4208
5131,4226
5131,4237
5131,4351
5131,4391
5131,4399
5131,4414
5131,4534
5131,4557
5131,4673
5131,4726
5131,4861
5131,4974
5131,5030
5131,5094
5131,5163
5131,5439
5131,6113
5131,6138
5131,6199
5131,6347
5131,6623
5131,6653
5131,7264
5131,7404
5131,7460
5131,7530
5131,7565
5132,5
5132,69
5132,71
5132,85
5132,109
5132,113
5132,115
5132,116
5132,123
5132,127
5132,129
5132,137
5132,143
5132,152
5132,184
5132,192
5132,201
5132,215
5132,220
5132,235
5132,245
5132,266
5132,276
5132,283
5132,304
5132,322
5132,341
5132,345
5132,360
5132,410
5132,421
5132,431
5132,445
5132,446
5132,455
5132,473
5132,552
5132,553
5132,576
5132,584
5132,593
5132,629
5132,677
5132,693
5132,696
5132,711
5132,726
5132,735
5132,774
5132,780
5132,785
5132,803
5132,811
5132,813
5132,831
5132,841
5132,857
5132,865
5132,881
5132,905
5132,911
5132,939
5132,942
5132,953
5132,973
5132,986
5132,989
5132,1018
5132,1042
5132,1064
5132,1090
5132,1097
5132,1102
5132,1106
5132,1113
5132,1129
5132,1152
5132,1170
5132,1184
5132,1210
5132,1211
5132,1224
5132,1249
5132,1266
5132,1268
5132,1284
5132,1330
5132,1333
5132,1337
5132,1357
5132,1368
5132,1414
5132,1415
5132,1418
5132,1430
5132,1432
5132,1447
5132,1453
5132,1467
5132,1472
5132,1521
5132,1524
5132,1546
5132,1551
5132,1572
5132,1575
5132,1582
5132,1619
5132,1624
5132,1631
5132,1634
5132,1645
5132,1647
5132,1650
5132,1655
5132,1695
5132,1708
5132,1753
5132,1794
5132,1809
5132,1847
5132,1853
5132,1854
5132,1918
5132,1927
5132,1928
5132,1929
5132,1948
5132,1958
5132,1993
5132,1996
5132,1999
5132,2032
5132,2039
5132,2089
5132,2124
5132,2164
5132,2170
5132,2172
5132,2173
5132,2198
5132,2205
5132,2215
5132,2239
5132,2257
5132,2262
5132,2273
5132,2294
5132,2307
5132,2310
5132,2332
5132,2334
5132,2339
5132,2340
5132,2368
5132,2370
5132,2375
5132,2376
5132,2406
5132,2423
5132,2427
5132,2471
5132,2479
5132,2490
5132,2537
5132,2568
5132,2571
5132,2573
5132,2577
5132,2587
5132,2595
5132,2626
5132,2650
5132,2679
5132,2719
5132,2745
5132,2763
5132,2765
5132,2766
5132,2770
5132,2772
5132,2816
5132,2855
5132,2856
5132,2859
5132,2881
5132,2913
5132,2921
5132,2956
5132,2958
5132,2961
5132,2970
5132,2972
5132,2977
5132,3039
5132,3049
5132,3050
5132,3062
5132,3074
5132,3081
5132,3118
5132,3125
5132,3138
5132,3160
5132,3177
5132,3178
5132,3183
5132,3203
5132,3206
5132,3225
5132,3226
5132,3234
5132,3264
5132,3268
5132,3269
5132,3270
5132,3279
5132,3282
5132,3284
5132,3289
5132,3311
5132,3334
5132,3347
5132,3362
5132,3363
5132,3370
5132,3372
5132,3384
5132,3446
5132,3469
5132,3502
5132,3506
5132,3520
5132,3542
5132,3546
5132,3547
5132,3559
5132,3574
5132,3593
5132,3606
5132,3641
5132,3646
5132,3648
5132,3659
5132,3672
5132,3692
5132,3693
5132,3697
5132,3713
5132,3723
5132,3750
5132,3753
5132,3762
5132,3784
5132,3786
5132,3796
5132,3804
5132,3895
5132,3958
5132,3970
5132,3985
5132,3990
5132,3999
5132,4023
5132,4029
5132,4037
5132,4062
5132,4067
5132,4074
5132,4086
5132,4095
5132,4097
5132,4109
5132,4113
5132,4147
5132,4153
5132,4160
5132,4164
5132,4177
5132,4206
5132,4210
5132,4211
5132,4212
5132,4241
5132,4248
5132,4301
5132,4313
5132,4365
5132,4371
5132,4376
5132,4384
5132,4408
5132,4466
5132,4483
5132,4484
5132,4490
5132,4535
5132,4543
5132,4553
5132,4556
5132,4570
5132,4580
5132,4595
5132,4608
5132,4622
5132,4642
5132,4669
5132,4680
5132,4692
5132,4696
5132,4735
5132,4785
5132,4811
5132,4841
5132,4857
5132,4864
5132,4904
5132,4919
5132,4940
5132,4944
5132,4971
5132,4983
5132,5037
5132,5049
5132,5091
5132,5098
5132,5108
5132,5111
5132,5143
5132,5145
5132,5171
5132,5194
5132,5203
5132,5208
5132,5212
5132,5223
5132,5251
5132,5258
5132,5259
5132,5286
5132,5287
5132,5296
5132,5340
5132,5344
5132,5350
5132,5365
5132,5386
5132,5455
5132,5459
5132,5490
5132,5507
5132,5518
5132,5543
5132,5557
5132,5559
5132,5577
5132,5593
5132,5641
5132,5649
5132,5651
5132,5667
5132,5676
5132,5722
5132,5732
5132,5764
5132,5785
5132,5807
5132,5842
5132,5853
5132,5855
5132,5858
5132,5881
5132,5888
5132,5923
5132,5926
5132,5936
5132,5948
5132,5952
5132,5961
5132,5962
5132,5998
5132,6021
5132,6022
5132,6024
5132,6059
5132,6066
5132,6075
5132,6082
5132,6098
5132,6140
5132,6211
5132,6284
5132,6296
5132,6313
5132,6327
5132,6335
5132,6354
5132,6381
5132,6409
5132,6412
5132,6424
5132,6449
5132,6451
5132,6484
5132,6526
5132,6537
5132,6553
5132,6588
5132,6636
5132,6660
5132,6672
5132,6705
5132,6723
5132,6732
5132,6769
5132,6787
5132,6815
5132,6848
5132,6867
5132,6887
5132,6892
5132,6911
5132,6933
5132,6952
5132,6968
5132,6984
5132,6992
5132,7003
5132,7021
5132,7046
5132,7079
5132,7090
5132,7096
5132,7143
5132,7147
5132,7203
5132,7212
5132,7231
5132,7239
5132,7265
5132,7277
5132,7280
5132,7288
5132,7294
5132,7296
5132,7320
5132,7330
5132,7336
5132,7337
5132,7338
5132,7339
5132,7349
5132,7352
5132,7365
5132,7369
5132,7415
5132,7448
5132,7481
5132,7520
5132,7539
5132,7568
5132,7572
5132,7577
5132,7585
5132,7597
5132,7612
5132,7623
5133,26
5133,383
5133,419
5133,522
5133,592
5133,739
5133,1002
5133,1024
5133,1082
5133,1092
5133,1194
5133,1197
5133,1236
5133,1591
5133,2095
5133,2117
5133,2173
5133,2309
5133,2685
5133,2778
5133,2819
5133,2887
5133,3123
5133,3243
5133,3257
5133,3294
5133,3621
5133,3657
5133,3807
5133,3923
5133,4013
5133,4082
5133,4217
5133,4650
5133,4791
5133,4812
5133,4828
5133,4848
5133,5061
5133,5293
5133,5327
5133,5442
5133,5568
5133,5595
5133,5932
5133,5958
5133,6054
5133,6175
5133,6289
5133,6343
5133,6371
5133,6759
5133,6983
5133,7276
5133,7283
5133,7398
5133,7534
5133,7601
5134,268
5134,805
5134,2769
5134,3107
5134,3244
5134,3813
5134,3872
5134,4305
5134,4646
5134,4793
5134,5382
5134,7081
5134,7620
5135,1422
5135,1468
5135,1728
5135,2038
5135,2249
5135,3361
5135,3885
5135,4237
5135,4748
5135,4923
5135,5025
5135,6062
5135,6217
5136,28
5136,322
5136,593
5136,920
5136,924
5136,1280
5136,1429
5136,1744
5136,2239
5136,2795
5136,2804
5136,3438
5136,3512
5136,3623
5136,3856
5136,4001
5136,4295
5136,5154
5136,5659
5136,5903
5136,6414
5136,6807
5137,148
5137,160
5137,676
5137,1109
5137,1255
5137,1998
5137,2236
5137,2477
5137,2749
5137,3233
5137,3934
5137,4239
5137,6433
5138,147
5138,444
5138,481
5138,1223
5138,4244
5138,4485
5138,4663
5138,6488
5139,77
5139,89
5139,183
5139,192
5139,220
5139,258
5139,322
5139,366
5139,455
5139,593
5139,659
5139,774
5139,795
5139,945
5139,1023
5139,1058
5139,1222
5139,1226
5139,1350
5139,1357
5139,1421
5139,1447
5139,1513
5139,1663
5139,1684
5139,1723
5139,1738
5139,1744
5139,1746
5139,1796
5139,1798
5139,1899
5139,1993
5139,2013
5139,2030
5139,2123
5139,2198
5139,2239
5139,2340
5139,2396
5139,2540
5139,2541
5139,2553
5139,2575
5139,2659
5139,2812
5139,2832
5139,2972
5139,3008
5139,3051
5139,3226
5139,3363
5139,3446
5139,3648
5139,3659
5139,3799
5139,3897
5139,4023
5139,4164
5139,4188
5139,4241
5139,4257
5139,4303
5139,4350
5139,4376
5139,4453
5139,4531
5139,4578
5139,4688
5139,4934
5139,4941
5139,5015
5139,5160
5139,5251
5139,5255
5139,5365
5139,5399
5139,5404
5139,5518
5139,5756
5139,5833
5139,5881
5139,5903
5139,6021
5139,6098
5139,6135
5139,6183
5139,6315
5139,6398
5139,6551
5139,6597
5139,6669
5139,6673
5139,6678
5139,6702
5139,6707
5139,6787
5139,6892
5139,6968
5139,7010
5139,7023
5139,7071
5139,7085
5139,7170
5139,7337
5139,7352
5139,7464
5139,7477
5139,7539
5139,7568
5139,7572
5139,7577
5139,7592
5139,7607
5140,249
5140,595
5140,1303
5140,1455
5140,1567
5140,1841
5140,2366
5140,2391
5140,2943
5140,3231
5140,3879
5140,4896
5140,5100
5140,5429
5140,5934
5140,6194
5140,6247
5140,6423
5140,6550
5140,6993
5140,7009
5140,7291
5140,7460
5140,7500
5141,552
5141,1429
5141,1496
5141,3115
5141,3155
5141,3331
5141,3433
5141,3578
5141,3623
5141,4376
5141,4805
5141,5734
5142,558
5142,684
5142,764
5142,835
5142,954
5142,1829
5142,2041
5142,2686
5142,4489
5142,4842
5142,4906
5142,5158
5142,5664
5142,6438
5143,85
5143,357
5143,552
5143,693
5143,930
5143,1284
5143,1299
5143,1453
5143,1854
5143,2198
5143,2586
5143,2595
5143,3049
5143,3050
5143,3223
5143,3672
5143,3796
5143,3866
5143,3895
5143,4376
5143,4622
5143,5132
5143,5212
5143,5455
5143,5734
5143,7079
5143,7278
5144,495
5144,724
5144,835
5144,1091
5144,1337
5144,1549
5144,1608
5144,1887
5144,1941
5144,2000
5144,2202
5144,2368
5144,2418
5144,2857
5144,3578
5144,3625
5144,4358
5144,4519
5144,4902
5144,5120
5144,5213
5144,5373
5144,5924
5144,6108
5144,6131
5144,6547
5144,6841
5144,7054
5144,7322
5145,551
5145,648
5145,761
5145,1284
5145,1453
5145,1853
5145,1954
5145,2239
5145,3012
5145,4378
5145,4384
5145,4422
5145,4462
5145,5132
5145,5455
5145,6651
5145,7414
5145,7585
5146,20
5146,137
5146,162
5146,305
5146,803
5146,1679
5146,1877
5146,2751
5146,3022
5146,3042
5146,4055
5146,4479
5146,5397
5146,6078
5146,6494
5146,6545
5146,6828
5146,7305
5147,158
5147,491
5147,645
5147,890
5147,1053
5147,1213
5147,1306
5147,1411
5147,1564
5147,2054
5147,2180
5147,2250
5147,2504
5147,3057
5147,3315
5147,3843
5147,4126
5147,4133
5147,4363
5147,4640
5147,4897
5147,5395
5147,5408
5147,5427
5147,5599
5147,6127
5147,6650
5147,6763
5147,6764
5147,6871
5147,7378
5147,7515
5148,258
5148,261
5148,593
5148,622
5148,659
5148,924
5148,1058
5148,1100
5148,1280
5148,1513
5148,1671
5148,1744
5148,1796
5148,1899
5148,1993
5148,2039
5148,2198
5148,2206
5148,2239
5148,2336
5148,2553
5148,2661
5148,2832
5148,3020
5148,3051
5148,3160
5148,3578
5148,3623
5148,3799
5148,4243
5148,4546
5148,4805
5148,4870
5148,5160
5148,5255
5148,5404
5148,5584
5148,5881
5148,5903
5148,5964
5148,5966
5148,6156
5148,6409
5148,6414
5148,6673
5148,6678
5148,6702
5148,6847
5148,6887
5148,7003
5148,7021
5148,7036
5148,7085
5148,7097
5148,7289
5148,7464
5149,44
5149,68
5149,104
5149,238
5149,354
5149,396
5149,406
5149,451
5149,452
5149,468
5149,547
5149,565
5149,574
5149,792
5149,799
5149,823
5149,915
5149,1025
5149,1033
5149,1147
5149,1208
5149,1265
5149,1366
5149,1542
5149,1837
5149,1968
5149,1971
5149,2020
5149,2203
5149,2278
5149,2403
5149,2442
5149,2466
5149,2580
5149,2692
5149,2696
5149,2846
5149,2858
5149,3029
5149,3055
5149,3110
5149,3228
5149,3254
5149,3402
5149,3522
5149,3568
5149,3943
5149,4036
5149,4119
5149,4132
5149,4222
5149,4319
5149,4444
5149,4481
5149,4547
5149,4550
5149,4927
5149,4977
5149,5021
5149,5112
5149,5193
5149,5196
5149,5233
5149,6158
5149,6455
5149,6697
5149,6833
5149,6863
5149,6883
5149,6932
5149,6943
5149,6963
5149,7028
5149,7066
5149,7301
5149,7466
5149,7533
5149,7567
5149,7625
5150,111
5150,308
5150,461
5150,495
5150,501
5150,766
5150,1343
5150,1795
5150,1831
5150,1990
5150,2372
5150,2425
5150,2898
5150,3295
5150,3466
5150,3578
5150,3773
5150,3866
5150,3922
5150,4073
5150,4185
5150,4508
5150,6098
5150,6422
5150,6448
5150,7029
5150,7090
5150,7222
5150,7467
5150,7584
5151,3746
5151,5314
5151,5583
5151,6084
5151,6241
5151,6504
5152,2764
5152,7442
5153,256
5153,884
5153,932
5153,1065
5153,1247
5153,1446
5153,1649
5153,1702
5153,1791
5153,1804
5153,1846
5153,2064
5153,2790
5153,2792
5153,3127
5153,3258
5153,3424
5153,3754
5153,4925
5153,4937
5153,4943
5153,5432
5153,5697
5153,6042
5153,6130
5153,6221
5153,6376
5153,6806
5153,7052
5153,7404
5153,7451
5153,7615
5154,6
5154,443
5154,616
5154,652
5154,1280
5154,2419
5154,2519
5154,2700
5154,3256
5154,3512
5154,4201
5154,4295
5154,5136
5154,5980
5154,6807
5154,7453
5155,276
5155,446
5155,456
5155,552
5155,593
5155,760
5155,835
5155,1002
5155,1058
5155,1108
5155,1210
5155,1383
5155,1429
5155,1518
5155,1682
5155,1744
5155,1912
5155,2198
5155,2205
5155,2239
5155,2287
5155,2432
5155,2663
5155,2793
5155,3049
5155,3152
5155,3160
5155,3433
5155,3469
5155,3548
5155,3578
5155,3713
5155,4198
5155,4573
5155,4576
5155,4805
5155,5070
5155,5234
5155,5412
5155,5415
5155,5873
5155,5881
5155,5937
5155,6064
5155,6219
5155,6414
5155,6464
5155,6592
5155,6702
5155,7003
5155,7090
5155,7266
5155,7464
5155,7560
5156,305
5156,487
5156,751
5156,862
5156,1525
5156,1774
5156,1961
5156,2565
5156,2604
5156,2758
5156,2844
5156,2998
5156,3386
5156,3600
5156,3802
5156,3969
5156,4440
5156,4701
5156,5502
5156,5657
5156,5969
5156,6093
5156,6341
5158,32
5158,497
5158,1829
5158,2385
5158,2686
5158,3433
5158,3545
5158,3817
5158,4489
5158,4805
5158,5142
5158,5354
5158,5682
5158,6839
5159,407
5159,1116
5159,1180
5159,1216
5159,1314
5159,1393
5159,1506
5159,2721
5159,3668
5159,4432
5159,4437
5159,4690
5159,4841
5159,4898
5159,5207
5159,5767
5159,5770
5159,6053
5159,6346
5159,6826
5159,6869
5159,7168
5160,23
5160,169
5160,260
5160,294
5160,369
5160,431
5160,593
5160,811
5160,1210
5160,1249
5160,1513
5160,1569
5160,1628
5160,1684
5160,1708
5160,1798
5160,1907
5160,2313
5160,2396
5160,2432
5160,2540
5160,2553
5160,3051
5160,3184
5160,3185
5160,3704
5160,4074
5160,4578
5160,4669
5160,4712
5160,5139
5160,5148
5160,5201
5160,5381
5160,5399
5160,5734
5160,5816
5160,5979
5160,5982
5160,6076
5160,6082
5160,6303
5160,6335
5160,6414
5160,6702
5160,7170
5160,7280
5160,7353
5160,7464
5160,7568
5161,7
5161,247
5161,399
5161,441
5161,853
5161,991
5161,1204
5161,1306
5161,1460
5161,1471
5161,1852
5161,2046
5161,2180
5161,2255
5161,2321
5161,2957
5161,3048
5161,3420
5161,3489
5161,3536
5161,3730
5161,3811
5161,3843
5161,4035
5161,4224
5161,4265
5161,5600
5161,5915
5161,5977
5161,6081
5161,6213
5161,6380
5161,6525
5161,6650
5161,6687
5161,6894
5162,2168
5162,3788
5162,4727
5162,5011
5162,6480
5162,6635
5162,7126
5163,230
5163,255
5163,932
5163,1003
5163,1021
5163,1099
5163,1237
5163,1262
5163,1303
5163,1449
5163,1675
5163,1728
5163,2151
5163,2318
5163,2366
5163,2388
5163,2391
5163,2399
5163,2439
5163,2528
5163,2605
5163,2710
5163,3087
5163,3361
5163,3389
5163,3412
5163,3423
5163,3431
5163,3879
5163,3939
5163,4237
5163,4399
5163,4861
5163,4924
5163,5131
5163,5279
5163,5429
5163,5439
5163,5480
5163,5815
5163,6113
5163,6138
5163,6550
5163,6935
5163,7285
5163,7460
5163,7491
5163,7500
5163,7544
5164,749
5164,828
5164,909
5164,1054
5164,1243
5164,1531
5164,1648
5164,1696
5164,1732
5164,1759
5164,2090
5164,2114
5164,2192
5164,2250
5164,2260
5164,2324
5164,2446
5164,2754
5164,2822
5164,2849
5164,2946
5164,3663
5164,3825
5164,4048
5164,4056
5164,4236
5164,4281
5164,4375
5164,4412
5164,4496
5164,4566
5164,4759
5164,4881
5164,4960
5164,4972
5164,5028
5164,5245
5164,5497
5164,5512
5164,5602
5164,6046
5164,6164
5164,6257
5164,6383
5164,6416
5164,6465
5164,6552
5164,6842
5164,7013
5164,7014
5164,7073
5164,7144
5164,7400
5164,7407
5165,6702
5165,7296
5166,766
5166,2239
5166,6702
5167,0
5167,1108
5167,1344
5167,1561
5167,2166
5167,2239
5167,2287
5167,2823
5167,3070
5167,3080
5167,3152
5167,3282
5167,3710
5167,4182
5167,4337
5167,4771
5167,5007
5167,5199
5167,5234
5167,5398
5167,5406
5167,5412
5167,5764
5167,5909
5167,6345
5167,6778
5168,1188
5168,1388
5168,1891
5168,2355
5168,2863
5168,2879
5168,2918
5168,4094
5168,4913
5168,4973
5168,5771
5168,6058
5169,182
5169,256
5169,314
5169,740
5169,933
5169,1065
5169,1446
5169,1502
5169,1523
5169,1804
5169,1909
5169,1923
5169,2148
5169,2774
5169,2790
5169,3258
5169,3293
5169,3656
5169,4146
5169,4943
5169,5237
5169,5697
5169,5698
5169,5860
5169,5867
5169,6090
5169,6130
5169,6290
5169,6376
5169,6482
5169,6806
5169,7136
5169,7404
5170,88
5170,283
5170,352
5170,521
5170,526
5170,631
5170,669
5170,785
5170,808
5170,898
5170,971
5170,986
5170,1810
5170,2026
5170,2111
5170,2122
5170,2273
5170,2279
5170,2404
5170,2917
5170,3443
5170,3457
5170,3506
5170,3510
5170,3725
5170,3784
5170,3839
5170,3964
5170,4067
5170,4069
5170,4115
5170,4502
5170,4805
5170,5115
5170,5428
5170,5648
5170,6067
5170,6408
5170,6512
5170,6569
5170,6715
5170,6879
5170,6909
5170,7250
5170,7304
5170,7512
5170,7608
5171,495
5171,867
5171,1013
5171,1091
5171,1499
5171,1682
5171,1927
5171,2021
5171,2028
5171,2143
5171,2205
5171,2358
5171,2375
5171,2993
5171,3330
5171,3469
5171,3607
5171,3672
5171,3866
5171,3895
5171,3920
5171,3950
5171,3959
5171,4037
5171,4054
5171,4722
5171,4889
5171,5080
5171,5091
5171,5098
5171,5132
5171,5174
5171,5234
5171,5459
5171,5893
5171,5936
5171,6017
5171,7067
5171,7164
5171,7239
5171,7269
5171,7370
5171,7480
5171,7603
5171,7623
5172,45
5172,148
5172,160
5172,621
5172,1166
5172,1175
5172,1386
5172,1416
5172,1674
5172,2390
5172,2477
5172,3038
5172,3327
5172,3400
5172,3524
5172,3705
5172,3865
5172,3934
5172,3949
5172,4239
5172,4560
5172,4705
5172,4752
5172,4779
5172,5026
5172,5057
5172,5422
5172,5458
5172,5616
5172,5680
5172,5894
5172,6314
5172,6516
5172,7334
5172,7507
5172,7591
5173,1961
5173,2304
5173,3369
5173,3802
5173,4318
5173,5305
5173,6341
5174,5
5174,71
5174,352
5174,397
5174,614
5174,655
5174,683
5174,785
5174,808
5174,867
5174,1196
5174,1287
5174,1521
5174,1733
5174,1978
5174,2059
5174,2172
5174,2186
5174,2325
5174,2522
5174,2529
5174,3010
5174,3134
5174,3270
5174,3296
5174,3520
5174,3559
5174,3702
5174,3784
5174,3920
5174,4500
5174,4502
5174,4596
5174,4811
5174,5171
5174,5722
5174,5798
5174,5813
5174,6036
5174,6348
5174,6610
5174,7370
5175,100
5175,747
5175,761
5175,1143
5175,1931
5175,2081
5175,2261
5175,2274
5175,2404
5175,2430
5175,3005
5175,3566
5175,3635
5175,3665
5175,3757
5175,3907
5175,4255
5175,4378
5175,4454
5175,4687
5175,4767
5175,5248
5175,5778
5175,6258
5175,6651
5175,6729
5175,6766
5176,3985
5176,4376
5176,4805
5176,5312
5177,373
5177,417
5177,872
5177,1026
5177,1729
5177,1984
5177,2277
5177,2392
5177,2546
5177,4805
5177,5101
5177,5947
5177,6178
5177,6266
5177,6821
5177,7107
5177,7109
5177,7116
5177,7175
5177,7286
5177,7360
5177,7455
5178,6818
5179,111
5179,495
5179,539
5179,953
5179,975
5179,1337
5179,1339
5179,1418
5179,1494
5179,1619
5179,1673
5179,1817
5179,1978
5179,2418
5179,2427
5179,3671
5179,3695
5179,3784
5179,3821
5179,3925
5179,3927
5179,4519
5179,4707
5179,5378
5179,5505
5179,5676
5179,5941
5179,5948
5179,5949
5179,5987
5179,5998
5179,6029
5179,6098
5179,6128
5179,6211
5179,6308
5179,6309
5179,6522
5179,6770
5179,7022
5179,7054
5179,7387
5179,7478
5179,7635
5180,858
5180,1103
5180,2125
5180,4831
5180,7164
5180,7335
5181,40
5181,211
5181,248
5181,262
5181,443
5181,471
5181,680
5181,1347
5181,1627
5181,1725
5181,1777
5181,2070
5181,2795
5181,3194
5181,4031
5181,4033
5181,4994
5181,5001
5181,5321
5181,5433
5181,5461
5181,5474
5181,5674
5181,5997
5181,6119
5181,6176
5181,6282
5181,6683
5181,6807
5181,7293
5182,1759
5182,2260
5182,4048
5182,4666
5182,4960
5182,6679
5182,7241
5183,429
5183,523
5183,525
5183,548
5183,1731
5183,2481
5183,2997
5183,3176
5183,3709
5183,4462
5183,4823
5183,5499
5183,6302
5183,6548
5183,7087
5183,7414
5184,29
5184,773
5184,3041
5184,3375
5184,3494
5184,3988
5184,4145
5184,5419
5184,5877
5184,6290
5184,6860
5185,151
5185,394
5185,429
5185,545
5185,549
5185,704
5185,918
5185,920
5185,941
5185,1048
5185,1057
5185,1075
5185,1175
5185,1295
5185,1416
5185,1500
5185,1535
5185,1710
5185,1933
5185,2014
5185,2052
5185,2165
5185,2293
5185,2344
5185,2422
5185,2706
5185,2749
5185,2799
5185,2914
5185,3205
5185,3244
5185,3525
5185,3533
5185,3586
5185,3746
5185,3869
5185,4428
5185,4521
5185,4560
5185,4574
5185,4656
5185,4665
5185,4804
5185,4867
5185,4906
5185,5238
5185,5260
5185,5310
5185,5331
5185,5723
5185,5746
5185,5802
5185,6005
5185,6031
5185,6177
5185,6270
5185,6349
5185,6642
5185,6994
5185,7190
5185,7237
5185,7281
5185,7386
5185,7482
5185,7613
5185,7618
5185,7641
5186,2239
5186,2952
5186,3332
5186,4668
5186,5029
5186,7644
5187,4242
5187,4843
5187,5592
5187,7562
5187,7575
5188,106
5188,143
5188,161
5188,456
5188,601
5188,881
5188,1185
5188,1280
5188,1725
5188,2113
5188,2415
5188,2586
5188,2738
5188,2795
5188,2801
5188,3339
5188,3503
5188,4031
5188,4033
5188,4173
5188,4294
5188,4301
5188,4373
5188,4626
5188,4940
5188,4987
5188,5993
5188,5997
5188,6159
5188,6210
5188,6369
5188,6403
5188,6588
5188,6594
5188,6878
5188,7020
5188,7032
5188,7035
5188,7330
5189,1084
5189,1979
5189,2372
5189,2533
5189,3866
5189,4805
5189,5234
5189,7307
5189,7584
5189,7587
5190,966
5191,487
5191,751
5191,930
5191,1076
5191,1078
5191,1347
5191,1353
5191,1905
5191,1961
5191,2565
5191,3054
5191,3109
5191,3271
5191,3473
5191,3600
5191,3605
5191,3724
5191,3744
5191,3969
5191,4103
5191,4295
5191,4435
5191,4959
5191,5498
5191,6572
5191,6593
5191,6722
5191,7173
5191,7526
5192,128
5192,252
5192,564
5192,908
5192,1300
5192,1358
5192,1490
5192,1550
5192,1888
5192,2027
5192,2044
5192,2094
5192,2263
5192,2378
5192,2707
5192,2944
5192,3365
5192,3418
5192,3478
5192,3484
5192,3555
5192,3706
5192,4277
5192,4327
5192,4430
5192,4769
5192,4882
5192,5118
5192,5486
5192,5625
5192,5636
5192,5933
5192,6162
5192,6555
5192,7094
5192,7235
5192,7393
5193,354
5193,526
5193,547
5193,669
5193,823
5193,1025
5193,1058
5193,1208
5193,1265
5193,1837
5193,1901
5193,1968
5193,2198
5193,2692
5193,3055
5193,3510
5193,4119
5193,4444
5193,4805
5193,5021
5193,5149
5193,5196
5193,5264
5193,5695
5193,5869
5193,6196
5193,6388
5193,6699
5193,7040
5193,7301
5193,7466
5194,69
5194,201
5194,260
5194,272
5194,304
5194,369
5194,473
5194,726
5194,731
5194,776
5194,789
5194,958
5194,1058
5194,1210
5194,1268
5194,1370
5194,1415
5194,1421
5194,1430
5194,1453
5194,1551
5194,1575
5194,1634
5194,1908
5194,1959
5194,1996
5194,2115
5194,2129
5194,2198
5194,2239
5194,2320
5194,2370
5194,2406
5194,2410
5194,2600
5194,2772
5194,2855
5194,2881
5194,3049
5194,3070
5194,3074
5194,3079
5194,3183
5194,3245
5194,3362
5194,3384
5194,3616
5194,3693
5194,3723
5194,3748
5194,3867
5194,3895
5194,3958
5194,3996
5194,4096
5194,4164
5194,4269
5194,4290
5194,4376
5194,4384
5194,4608
5194,4616
5194,4771
5194,4805
5194,4806
5194,4827
5194,5070
5194,5132
5194,5258
5194,5286
5194,5296
5194,5352
5194,5404
5194,5412
5194,5415
5194,5459
5194,5490
5194,5593
5194,5649
5194,5707
5194,5740
5194,5816
5194,5855
5194,5859
5194,5881
5194,5941
5194,6047
5194,6228
5194,6400
5194,6847
5194,6933
5194,7046
5194,7139
5194,7252
5194,7320
5194,7353
5194,7369
5194,7448
5194,7520
5194,7550
5194,7572
5194,7582
5195,260
5195,593
5195,727
5195,780
5195,869
5195,1268
5195,1472
5195,1575
5195,1668
5195,1798
5195,2198
5195,2239
5195,2586
5195,2981
5195,3049
5195,3172
5195,3184
5195,3235
5195,3261
5195,3459
5195,4608
5195,4805
5195,5070
5195,5404
5195,5612
5195,5707
5195,5816
5195,6354
5195,7289
5195,7369
5196,68
5196,104
5196,238
5196,281
5196,348
5196,354
5196,396
5196,406
5196,416
5196,451
5196,452
5196,547
5196,574
5196,594
5196,635
5196,792
5196,799
5196,823
5196,1025
5196,1033
5196,1114
5196,1147
5196,1154
5196,1168
5196,1203
5196,1208
5196,1231
5196,1265
5196,1349
5196,1366
5196,1384
5196,1542
5196,1571
5196,1576
5196,1602
5196,1837
5196,1968
5196,1971
5196,2020
5196,2172
5196,2203
5196,2276
5196,2278
5196,2403
5196,2442
5196,2578
5196,2580
5196,2642
5196,2692
5196,2696
5196,2716
5196,2735
5196,2841
5196,2846
5196,2934
5196,3055
5196,3110
5196,3228
5196,3254
5196,3286
5196,3301
5196,3402
5196,3418
5196,3522
5196,3535
5196,3769
5196,3943
5196,4036
5196,4059
5196,4119
5196,4132
5196,4139
5196,4166
5196,4319
5196,4396
5196,4444
5196,4481
5196,4547
5196,4550
5196,4568
5196,4765
5196,4927
5196,4977
5196,4998
5196,5021
5196,5055
5196,5073
5196,5096
5196,5112
5196,5149
5196,5193
5196,5233
5196,5246
5196,5353
5196,5389
5196,5695
5196,5712
5196,5766
5196,6011
5196,6158
5196,6292
5196,6375
5196,6455
5196,6498
5196,6659
5196,6697
5196,6710
5196,6833
5196,6863
5196,6883
5196,6932
5196,6938
5196,6943
5196,6963
5196,7040
5196,7301
5196,7466
5196,7533
5196,7567
5196,7571
5196,7625
5197,2239
5197,4102
5197,4376
5198,579
5198,2239
5198,5545
5198,6264
5199,27
5199,89
5199,258
5199,260
5199,269
5199,309
5199,366
5199,377
5199,449
5199,593
5199,633
5199,762
5199,811
5199,868
5199,1102
5199,1105
5199,1206
5199,1492
5199,1663
5199,1686
5199,1711
5199,1763
5199,1782
5199,1798
5199,2166
5199,2198
5199,2239
5199,2342
5199,2380
5199,2510
5199,2614
5199,2977
5199,3063
5199,3185
5199,3277
5199,3359
5199,3364
5199,3428
5199,3436
5199,3532
5199,3594
5199,3912
5199,4042
5199,4154
5199,4267
5199,4306
5199,4352
5199,4373
5199,4422
5199,4510
5199,4522
5199,4577
5199,4768
5199,5006
5199,5167
5199,5234
5199,5273
5199,5311
5199,5372
5199,5412
5199,5495
5199,5518
5199,5707
5199,5764
5199,6024
5199,6039
5199,6414
5199,6551
5199,6702
5199,6704
5199,6707
5199,6890
5199,7097
5199,7150
5199,7395
5199,7440
5200,310
5200,1674
5200,1924
5200,1998
5200,2505
5200,4273
5200,4878
5200,6241
5200,6941
5200,7377
5201,23
5201,33
5201,183
5201,258
5201,526
5201,593
5201,780
5201,1226
5201,1421
5201,1744
5201,1796
5201,1798
5201,1899
5201,1999
5201,2013
5201,2198
5201,2313
5201,2410
5201,2553
5201,2575
5201,3578
5201,3593
5201,4037
5201,4376
5201,4538
5201,4669
5201,5015
5201,5160
5201,5404
5201,5756
5201,5799
5201,5982
5201,6414
5201,6484
5201,6673
5201,6702
5201,7003
5201,7067
5201,7085
5201,7170
5201,7296
5201,7464
5201,7568
5202,1645
5202,1974
5202,3510
5202,5052
5202,5234
5202,5264
5203,552
5203,593
5203,1018
5203,1058
5203,1284
5203,1453
5203,1744
5203,1854
5203,2198
5203,2205
5203,2239
5203,2310
5203,2816
5203,2961
5203,3049
5203,3183
5203,3185
5203,3359
5203,3384
5203,3578
5203,3672
5203,3748
5203,3817
5203,3895
5203,4037
5203,4371
5203,4376
5203,4670
5203,4680
5203,4805
5203,5132
5203,5286
5203,5404
5203,5455
5203,5853
5203,5881
5203,6078
5203,6098
5203,6414
5203,6702
5203,6847
5203,7164
5204,352
5204,2215
5204,3510
5204,3559
5204,6158
5204,6310
5205,258
5205,309
5205,593
5205,1798
5205,1899
5205,2198
5205,5799
5205,6077
5205,7464
5206,1000
5206,1191
5206,1561
5206,1961
5206,2066
5206,2239
5206,2857
5206,5056
5206,5545
5206,5664
5207,407
5207,564
5207,1314
5207,1393
5207,1506
5207,2203
5207,4432
5207,4437
5207,4690
5207,4841
5207,4898
5207,5159
5207,6053
5207,6346
5207,6826
5207,7168
5208,456
5208,552
5208,593
5208,1058
5208,1357
5208,2198
5208,3049
5208,3623
5208,3866
5208,4376
5208,4670
5208,4805
5208,5070
5208,5132
5208,6354
5209,28
5209,72
5209,403
5209,513
5209,536
5209,966
5209,1034
5209,1060
5209,1125
5209,1182
5209,1253
5209,1280
5209,1429
5209,1585
5209,1633
5209,1777
5209,1905
5209,1981
5209,2163
5209,2239
5209,2286
5209,2447
5209,2740
5209,2761
5209,2776
5209,2960
5209,3035
5209,3512
5209,3577
5209,3623
5209,3916
5209,4100
5209,4390
5209,4805
5209,4854
5209,5114
5209,5364
5209,5437
5209,5500
5209,5615
5209,5843
5209,5963
5209,6085
5209,6338
5209,6424
5209,6593
5209,6600
5209,6807
5209,6996
5209,7206
5209,7293
5209,7351
5210,384
5210,560
5210,891
5210,912
5210,1386
5210,1681
5210,1812
5210,2126
5210,2373
5210,3675
5210,3894
5210,4705
5210,5605
5211,1212
5211,2701
5211,3330
5211,3503
5211,3515
5211,4490
5211,5218
5211,5396
5211,7556
5212,85
5212,357
5212,693
5212,766
5212,1058
5212,1062
5212,1254
5212,1284
5212,1414
5212,1453
5212,1572
5212,1575
5212,1854
5212,2198
5212,2239
5212,2370
5212,2595
5212,2765
5212,2911
5212,3183
5212,3311
5212,3370
5212,3538
5212,3748
5212,3796
5212,3895
5212,4109
5212,4164
5212,4376
5212,4384
5212,4622
5212,4952
5212,5132
5212,5143
5212,5404
5212,6075
5212,6098
5212,6553
5212,6618
5212,6702
5212,7079
5212,7278
5212,7612
5213,264
5213,276
5213,489
5213,579
5213,675
5213,766
5213,835
5213,1091
5213,1153
5213,1195
5213,1442
5213,1520
5213,1660
5213,1673
5213,1744
5213,1769
5213,1821
5213,1915
5213,1929
5213,1956
5213,2005
5213,2066
5213,2198
5213,2239
5213,2287
5213,2317
5213,2368
5213,2513
5213,2627
5213,2857
5213,2907
5213,2950
5213,3049
5213,3152
5213,3185
5213,3249
5213,3273
5213,3295
5213,3331
5213,3578
5213,3612
5213,3625
5213,4376
5213,4670
5213,4805
5213,5052
5213,5079
5213,5144
5213,5215
5213,5273
5213,5307
5213,5447
5213,5545
5213,5664
5213,5695
5213,5889
5213,6166
5213,6189
5213,6397
5213,6470
5213,6570
5213,6675
5213,6703
5213,6864
5213,6960
5213,6976
5213,7040
5213,7106
5213,7164
5213,7262
5213,7300
5213,7395
5213,7466
5213,7467
5213,7518
5214,28
5214,61
5214,89
5214,258
5214,269
5214,319
5214,322
5214,366
5214,593
5214,633
5214,800
5214,1206
5214,1280
5214,1513
5214,1561
5214,1663
5214,1711
5214,1738
5214,1975
5214,2198
5214,2239
5214,2484
5214,2541
5214,2614
5214,2882
5214,3051
5214,3105
5214,3185
5214,3277
5214,3578
5214,3856
5214,3946
5214,3987
5214,4127
5214,4156
5214,4164
5214,4352
5214,4373
5214,4380
5214,4522
5214,4578
5214,4768
5214,4870
5214,5006
5214,5050
5214,5372
5214,5404
5214,5664
5214,5799
5214,5903
5214,6183
5214,6414
5214,6551
5214,6669
5214,6692
5214,6702
5214,6707
5214,6807
5214,7097
5214,7150
5214,7204
5214,7247
5214,7395
5214,7440
5214,7464
5214,7510
5214,7592
5214,7610
5215,835
5215,2066
5215,5213
5215,5264
5216,40
5216,143
5216,261
5216,287
5216,295
5216,629
5216,881
5216,1064
5216,1185
5216,1722
5216,2113
5216,2145
5216,2211
5216,2257
5216,2626
5216,3339
5216,3503
5216,3990
5216,4006
5216,4301
5216,4569
5216,4719
5216,4735
5216,4940
5216,4987
5216,5022
5216,5936
5216,5993
5216,6276
5216,6369
5216,6417
5216,6452
5216,6898
5216,7032
5216,7330
5217,3302
5218,75
5218,584
5218,705
5218,881
5218,1011
5218,1377
5218,2143
5218,2215
5218,2299
5218,2703
5218,3171
5218,3183
5218,3330
5218,3503
5218,3515
5218,3532
5218,3559
5218,3613
5218,3895
5218,3959
5218,4228
5218,4384
5218,4406
5218,4469
5218,4490
5218,4584
5218,4952
5218,5211
5218,5650
5218,6063
5218,6086
5218,6395
5218,6412
5218,6588
5218,7067
5218,7096
5218,7330
5219,2208
5219,2863
5219,4376
5219,4805
5219,4869
5219,5403
5220,593
5220,1058
5220,1634
5220,1747
5220,2198
5220,2553
5220,3049
5220,4164
5220,4376
5220,4806
5220,5404
5220,5881
5220,7071
5220,7464
5221,195
5221,394
5221,941
5221,988
5221,1556
5221,2014
5221,2052
5221,2056
5221,2078
5221,2412
5221,2453
5221,2512
5221,2607
5221,2803
5221,3086
5221,3159
5221,3227
5221,3244
5221,3437
5221,4137
5221,4424
5221,4665
5221,4906
5221,4961
5221,5794
5221,5872
5221,6621
5221,6813
5221,7160
5221,7433
5221,7641
5222,42
5222,85
5222,103
5222,124
5222,149
5222,266
5222,369
5222,415
5222,538
5222,566
5222,573
5222,607
5222,726
5222,762
5222,789
5222,839
5222,1067
5222,1218
5222,1293
5222,1330
5222,1427
5222,1453
5222,1456
5222,1478
5222,1524
5222,1545
5222,1624
5222,1778
5222,1860
5222,1927
5222,2040
5222,2086
5222,2106
5222,2183
5222,2194
5222,2290
5222,2320
5222,2332
5222,2370
5222,2377
5222,2441
5222,2765
5222,2881
5222,2882
5222,2911
5222,2974
5222,2991
5222,3025
5222,3070
5222,3171
5222,3183
5222,3256
5222,3269
5222,3311
5222,3370
5222,3394
5222,3408
5222,3459
5222,3501
5222,3538
5222,3602
5222,3608
5222,3698
5222,3734
5222,3844
5222,3895
5222,3898
5222,3926
5222,4071
5222,4080
5222,4083
5222,4091
5222,4096
5222,4174
5222,4177
5222,4184
5222,4286
5222,4290
5222,4313
5222,4376
5222,4384
5222,4420
5222,4535
5222,4556
5222,4724
5222,4785
5222,4803
5222,4839
5222,4865
5222,4952
5222,4983
5222,5259
5222,5261
5222,5296
5222,5471
5222,5490
5222,5507
5222,5694
5222,5704
5222,5707
5222,5714
5222,5732
5222,6039
5222,6259
5222,6297
5222,6462
5222,6487
5222,6551
5222,6582
5222,6618
5222,6660
5222,6704
5222,6738
5222,6760
5222,6810
5222,6811
5222,6984
5222,7046
5222,7197
5222,7252
5222,7288
5222,7452
5222,7465
5222,7474
5222,7599
5222,7628
5223,85
5223,421
5223,1210
5223,1453
5223,2198
5223,2765
5223,2848
5223,2911
5223,3183
5223,3538
5223,3698
5223,3758
5223,3895
5223,4376
5223,4384
5223,4578
5223,4952
5223,5132
5223,5455
5223,5641
5223,5881
5223,6707
5223,6760
5223,7067
5224,593
5224,1058
5224,2198
5224,2618
5224,3748
5224,4164
5224,4376
5224,4384
5224,5707
5224,5740
5224,5816
5224,6551
5224,6702
5224,7582
5225,3276
5225,7620
5226,88
5226,100
5226,146
5226,301
5226,395
5226,1362
5226,2288
5226,2374
5226,3005
5226,3778
5226,3956
5226,4189
5226,4198
5226,4378
5226,4486
5226,4551
5226,4687
5226,4817
5226,5664
5226,6048
5226,6378
5226,6592
5226,6896
5226,7169
5226,7304
5227,1503
5227,5690
5228,147
5228,425
5228,481
5228,561
5228,746
5228,943
5228,1223
5228,1509
5228,1646
5228,2843
5228,2853
5228,4191
5228,4244
5228,4252
5228,4423
5228,4564
5228,4663
5228,4703
5228,4708
5228,4711
5228,4761
5228,5230
5228,5357
5228,5928
5228,5974
5228,6222
5228,6311
5228,6488
5228,6609
5228,6625
5228,6725
5228,6924
5228,7383
5228,7489
5228,7598
5229,652
5229,1707
5229,2519
5229,2700
5229,2996
5229,3716
5230,425
5230,561
5230,609
5230,619
5230,671
5230,688
5230,746
5230,782
5230,943
5230,2012
5230,2383
5230,2395
5230,2398
5230,2444
5230,2548
5230,2843
5230,2983
5230,3504
5230,3984
5230,4151
5230,4252
5230,4353
5230,4423
5230,4491
5230,4703
5230,4708
5230,4884
5230,5072
5230,5228
5230,5489
5230,5609
5230,5718
5230,5896
5230,5920
5230,5928
5230,5972
5230,6083
5230,6168
5230,6222
5230,6609
5230,6625
5230,6725
5230,7324
5230,7383
5230,7426
5230,7531
5231,41
5231,283
5231,986
5231,1058
5231,1414
5231,1575
5231,1631
5231,1655
5231,1862
5231,1884
5231,2170
5231,2198
5231,2215
5231,2772
5231,3078
5231,3384
5231,3672
5231,4067
5231,4269
5231,4376
5231,4466
5231,4573
5231,4805
5231,5251
5231,5518
5231,5556
5231,5722
5231,6272
5231,6408
5231,6769
5231,6794
5231,6952
5231,7147
5231,7481
5231,7512
5231,7585
5232,53
5232,197
5232,362
5232,1181
5232,1515
5232,1534
5232,3153
5232,3525
5232,3615
5232,4238
5232,4646
5232,4994
5232,5043
5232,7586
5233,281
5233,348
5233,354
5233,452
5233,547
5233,594
5233,624
5233,635
5233,792
5233,799
5233,823
5233,929
5233,1114
5233,1147
5233,1201
5233,1203
5233,1208
5233,1231
5233,1265
5233,1366
5233,1462
5233,1542
5233,1571
5233,1576
5233,1602
5233,1837
5233,1968
5233,1971
5233,2278
5233,2403
5233,2578
5233,2580
5233,2642
5233,2841
5233,2846
5233,2858
5233,3254
5233,3338
5233,3402
5233,3522
5233,3769
5233,3943
5233,4036
5233,4119
5233,4132
5233,4139
5233,4166
5233,4444
5233,4481
5233,4547
5233,4568
5233,4927
5233,4977
5233,4998
5233,5021
5233,5055
5233,5073
5233,5149
5233,5196
5233,5246
5233,5712
5233,6011
5233,6158
5233,6292
5233,6375
5233,6498
5233,6659
5233,6697
5233,6710
5233,6863
5233,6883
5233,6938
5233,6943
5233,6949
5233,7028
5233,7148
5233,7301
5233,7533
5233,7571
5233,7625
5234,3
5234,26
5234,41
5234,109
5234,115
5234,134
5234,155
5234,245
5234,276
5234,352
5234,358
5234,419
5234,446
5234,455
5234,552
5234,593
5234,633
5234,659
5234,696
5234,760
5234,764
5234,774
5234,808
5234,813
5234,835
5234,858
5234,867
5234,899
5234,905
5234,906
5234,945
5234,953
5234,1022
5234,1024
5234,1058
5234,1097
5234,1152
5234,1184
5234,1344
5234,1357
5234,1383
5234,1418
5234,1485
5234,1517
5234,1518
5234,1520
5234,1582
5234,1650
5234,1673
5234,1744
5234,1769
5234,1796
5234,1797
5234,1821
5234,1912
5234,1913
5234,1927
5234,1979
5234,2005
5234,2026
5234,2032
5234,2043
5234,2095
5234,2173
5234,2198
5234,2205
5234,2206
5234,2239
5234,2243
5234,2287
5234,2294
5234,2358
5234,2368
5234,2380
5234,2470
5234,2509
5234,2571
5234,2598
5234,2634
5234,2649
5234,2650
5234,2664
5234,2677
5234,2683
5234,2730
5234,2793
5234,2819
5234,2871
5234,2884
5234,2913
5234,3049
5234,3050
5234,3074
5234,3138
5234,3213
5234,3270
5234,3331
5234,3373
5234,3384
5234,3438
5234,3469
5234,3492
5234,3520
5234,3542
5234,3545
5234,3547
5234,3548
5234,3551
5234,3578
5234,3581
5234,3612
5234,3618
5234,3623
5234,3641
5234,3670
5234,3683
5234,3697
5234,3704
5234,3715
5234,3720
5234,3748
5234,3761
5234,3784
5234,3937
5234,4148
5234,4198
5234,4211
5234,4217
5234,4218
5234,4263
5234,4307
5234,4371
5234,4376
5234,4422
5234,4442
5234,4538
5234,4573
5234,4576
5234,4580
5234,4593
5234,4595
5234,4641
5234,4642
5234,4650
5234,4669
5234,4670
5234,4685
5234,4693
5234,4696
5234,4715
5234,4722
5234,4755
5234,4792
5234,4805
5234,4828
5234,4842
5234,4848
5234,4870
5234,4889
5234,4894
5234,4898
5234,5007
5234,5048
5234,5052
5234,5068
5234,5070
5234,5091
5234,5108
5234,5155
5234,5167
5234,5171
5234,5189
5234,5199
5234,5202
5234,5251
5234,5290
5234,5307
5234,5327
5234,5330
5234,5386
5234,5412
5234,5468
5234,5518
5234,5531
5234,5543
5234,5559
5234,5568
5234,5629
5234,5667
5234,5678
5234,5735
5234,5764
5234,5804
5234,5820
5234,5840
5234,5853
5234,5865
5234,5889
5234,5897
5234,5904
5234,5909
5234,5932
5234,5936
5234,6024
5234,6038
5234,6064
5234,6066
5234,6166
5234,6171
5234,6189
5234,6219
5234,6256
5234,6289
5234,6353
5234,6354
5234,6381
5234,6388
5234,6409
5234,6449
5234,6464
5234,6466
5234,6526
5234,6592
5234,6597
5234,6692
5234,6702
5234,6729
5234,6759
5234,6787
5234,6832
5234,6850
5234,6852
5234,6864
5234,6880
5234,6911
5234,6930
5234,6958
5234,6960
5234,6968
5234,7003
5234,7079
5234,7091
5234,7106
5234,7135
5234,7164
5234,7168
5234,7170
5234,7179
5234,7215
5234,7266
5234,7276
5234,7288
5234,7289
5234,7294
5234,7302
5234,7312
5234,7341
5234,7352
5234,7370
5234,7391
5234,7398
5234,7415
5234,7467
5234,7518
5234,7526
5234,7539
5234,7546
5234,7560
5234,7573
5235,1323
5235,3564
5235,3755
5235,5815
5236,158
5236,464
5236,491
5236,888
5236,1213
5236,1306
5236,1411
5236,1827
5236,1861
5236,1895
5236,2054
5236,2180
5236,2250
5236,2475
5236,2504
5236,3057
5236,3562
5236,3843
5236,4363
5236,4795
5236,5599
5236,6127
5236,6213
5236,6641
5236,6763
5236,6871
5236,7306
5236,7378
5236,7457
5237,112
5237,314
5237,695
5237,1065
5237,1446
5237,1502
5237,1804
5237,1909
5237,2148
5237,3656
5237,3776
5237,4145
5237,4146
5237,5169
5237,5697
5237,5698
5237,5860
5237,5867
5237,6090
5237,6130
5237,6376
5237,7136
5238,117
5238,241
5238,545
5238,827
5238,1051
5238,1087
5238,1381
5238,1534
5238,1536
5238,1691
5238,2051
5238,2184
5238,2293
5238,2496
5238,2539
5238,2876
5238,3145
5238,3244
5238,3248
5238,4336
5238,4587
5238,4810
5238,4875
5238,4906
5238,5185
5238,5684
5238,5746
5238,6051
5238,6429
5238,6504
5238,6773
5238,7026
5238,7386
5238,7620
5239,53
5239,197
5239,1035
5239,2293
5239,2492
5239,2840
5239,2924
5239,3227
5239,3244
5239,3437
5239,4209
5239,4235
5239,4646
5239,4810
5239,4906
5239,7586
5239,7606
5240,1019
5240,1645
5240,4116
5240,4805
5240,5335
5240,7130
5241,169
5241,183
5241,392
5241,431
5241,455
5241,482
5241,534
5241,593
5241,722
5241,906
5241,924
5241,1018
5241,1663
5241,1727
5241,1744
5241,1792
5241,1796
5241,1797
5241,1805
5241,1942
5241,1993
5241,2117
5241,2198
5241,2262
5241,2432
5241,2553
5241,2649
5241,2906
5241,3001
5241,3051
5241,3079
5241,3081
5241,3092
5241,3138
5241,3274
5241,3648
5241,3703
5241,3704
5241,3713
5241,3720
5241,3721
5241,4023
5241,4463
5241,4538
5241,4578
5241,4590
5241,4658
5241,4695
5241,4934
5241,4941
5241,4979
5241,5348
5241,5359
5241,5365
5241,5518
5241,5538
5241,5567
5241,5734
5241,5853
5241,5881
5241,5897
5241,5937
5241,5979
5241,5982
5241,6315
5241,6361
5241,6414
5241,6669
5241,6673
5241,6702
5241,6736
5241,6849
5241,6907
5241,6978
5241,7010
5241,7021
5241,7103
5241,7215
5241,7337
5241,7352
5241,7440
5241,7464
5241,7477
5241,7577
5242,78
5242,647
5242,1781
5242,2022
5242,2369
5242,2503
5242,3416
5242,4052
5242,4515
5242,4721
5242,4981
5242,5113
5242,5319
5242,5607
5242,5655
5242,5681
5242,6018
5242,6218
5242,6220
5242,6239
5242,6273
5242,6865
5242,7484
5242,7642
5243,475
5243,735
5243,3456
5243,4376
5243,6098
5243,6892
5243,6971
5244,271
5244,286
5244,300
5244,623
5244,1602
5244,2082
5244,2141
5244,3314
5244,3945
5244,4377
5244,6364
5245,328
5245,517
5245,541
5245,556
5245,749
5245,787
5245,801
5245,882
5245,1037
5245,1360
5245,1434
5245,1504
5245,1759
5245,1766
5245,1983
5245,2098
5245,2132
5245,2260
5245,2474
5245,2717
5245,2754
5245,2822
5245,2895
5245,3006
5245,3024
5245,3305
5245,3324
5245,3558
5245,3805
5245,3825
5245,3840
5245,3874
5245,4038
5245,4236
5245,4496
5245,4554
5245,4676
5245,4704
5245,4751
5245,4758
5245,4960
5245,5028
5245,5164
5245,5409
5245,5692
5245,5848
5245,6164
5245,6212
5245,6257
5245,6383
5245,6391
5245,6416
5245,6520
5245,6534
5245,6552
5245,6666
5245,6772
5245,6842
5245,6997
5245,7013
5245,7086
5245,7124
5245,7144
5245,7241
5245,7272
5245,7366
5245,7470
5245,7555
5246,304
5246,354
5246,452
5246,624
5246,635
5246,703
5246,792
5246,799
5246,823
5246,929
5246,1147
5246,1154
5246,1201
5246,1203
5246,1208
5246,1265
5246,1366
5246,1542
5246,1837
5246,1968
5246,1971
5246,2203
5246,2278
5246,2403
5246,2578
5246,2580
5246,2696
5246,2841
5246,2846
5246,2858
5246,3110
5246,3254
5246,3286
5246,3338
5246,3402
5246,3522
5246,3943
5246,4036
5246,4119
5246,4132
5246,4166
5246,4481
5246,4927
5246,4977
5246,4998
5246,5021
5246,5196
5246,5233
5246,5353
5246,5590
5246,6011
5246,6158
5246,6375
5246,6455
5246,6498
5246,6659
5246,6697
5246,6782
5246,6863
5246,6883
5246,6938
5246,7028
5246,7083
5246,7148
5246,7301
5246,7533
5246,7625
5247,2239
5247,3277
5247,4522
5247,7395
5248,100
5248,747
5248,761
5248,1335
5248,2261
5248,2274
5248,2404
5248,2522
5248,3005
5248,3635
5248,3907
5248,4042
5248,4255
5248,4378
5248,4454
5248,4577
5248,4687
5248,4817
5248,5175
5248,5778
5248,6114
5248,6258
5248,6651
5248,6748
5248,6766
5249,485
5250,216
5250,324
5250,453
5250,698
5250,749
5250,909
5250,1157
5250,1309
5250,1412
5250,1609
5250,1743
5250,1811
5250,2090
5250,2256
5250,2326
5250,2508
5250,2516
5250,2860
5250,3021
5250,3316
5250,3640
5250,3830
5250,4245
5250,4883
5250,4938
5250,4960
5250,4972
5250,5045
5250,5069
5250,5272
5250,5436
5250,5465
5250,5602
5250,5848
5250,5879
5250,6250
5250,6357
5250,6363
5250,6372
5250,6532
5250,6670
5250,6765
5250,6965
5250,7073
5250,7238
5251,34
5251,99
5251,116
5251,183
5251,220
5251,346
5251,552
5251,576
5251,593
5251,693
5251,731
5251,811
5251,841
5251,934
5251,1058
5251,1063
5251,1152
5251,1210
5251,1211
5251,1250
5251,1266
5251,1293
5251,1357
5251,1368
5251,1370
5251,1415
5251,1453
5251,1620
5251,1631
5251,1642
5251,1651
5251,1695
5251,1718
5251,1730
5251,1790
5251,1854
5251,1884
5251,1959
5251,2010
5251,2043
5251,2049
5251,2129
5251,2175
5251,2198
5251,2208
5251,2229
5251,2239
5251,2267
5251,2334
5251,2370
5251,2410
5251,2440
5251,2461
5251,2471
5251,2540
5251,2558
5251,2564
5251,2573
5251,2600
5251,2744
5251,2798
5251,2808
5251,2958
5251,2972
5251,3050
5251,3074
5251,3114
5251,3115
5251,3185
5251,3203
5251,3234
5251,3235
5251,3264
5251,3334
5251,3348
5251,3362
5251,3446
5251,3514
5251,3521
5251,3527
5251,3540
5251,3542
5251,3650
5251,3659
5251,3693
5251,3697
5251,3710
5251,3718
5251,3748
5251,3861
5251,4096
5251,4164
5251,4206
5251,4304
5251,4376
5251,4384
5251,4483
5251,4513
5251,4541
5251,4570
5251,4580
5251,4592
5251,4608
5251,4642
5251,4714
5251,4805
5251,4806
5251,4845
5251,5054
5251,5068
5251,5108
5251,5132
5251,5139
5251,5231
5251,5234
5251,5259
5251,5286
5251,5296
5251,5301
5251,5312
5251,5316
5251,5332
5251,5344
5251,5352
5251,5403
5251,5404
5251,5415
5251,5531
5251,5557
5251,5577
5251,5593
5251,5612
5251,5707
5251,5816
5251,5832
5251,5844
5251,5881
5251,5888
5251,6021
5251,6140
5251,6193
5251,6230
5251,6327
5251,6414
5251,6449
5251,6540
5251,6693
5251,6769
5251,6848
5251,6907
5251,6933
5251,6945
5251,6958
5251,6959
5251,6990
5251,6994
5251,7003
5251,7018
5251,7046
5251,7116
5251,7277
5251,7280
5251,7382
5251,7446
5251,7448
5251,7471
5251,7520
5251,7553
5251,7572
5251,7573
5251,7582
5251,7612
5252,78
5252,2022
5252,2139
5252,3416
5252,4515
5252,4981
5252,5113
5252,5607
5252,5681
5252,6018
5252,6559
5252,6865
5253,381
5253,621
5253,1132
5253,1425
5253,2135
5253,2254
5253,2454
5253,2462
5253,2978
5253,3141
5253,3952
5253,4078
5253,4136
5253,4824
5253,5318
5253,5824
5253,7200
5253,7576
5253,7591
5254,50
5254,223
5254,1541
5254,2239
5254,2330
5254,2952
5254,2986
5254,3566
5254,3686
5254,4033
5254,4668
5254,4731
5254,4994
5254,5029
5254,5550
5254,6015
5254,6085
5254,7395
5255,169
5255,258
5255,522
5255,593
5255,659
5255,774
5255,811
5255,1271
5255,1467
5255,1476
5255,1628
5255,1744
5255,1797
5255,1899
5255,2030
5255,2198
5255,2262
5255,2380
5255,2649
5255,3051
5255,3081
5255,3138
5255,3422
5255,3623
5255,3683
5255,3704
5255,3721
5255,4241
5255,4755
5255,5139
5255,5148
5255,5362
5255,5372
5255,5518
5255,5543
5255,5584
5255,5734
5255,5853
5255,5897
5255,5904
5255,6414
5255,6475
5255,6505
5255,6702
5255,7021
5255,7097
5255,7215
5255,7280
5256,131
5256,166
5256,615
5256,708
5256,1177
5256,1487
5256,1593
5256,1903
5256,2101
5256,2774
5256,2792
5256,3210
5256,3988
5256,4149
5256,4287
5256,4472
5256,4813
5256,4931
5256,4993
5256,5267
5256,5591
5256,6094
5256,6173
5256,6226
5256,6453
5256,6671
5256,6915
5256,7343
5256,7631
5257,412
5257,537
5257,570
5257,787
5257,1531
5257,1648
5257,1734
5257,2134
5257,2250
5257,2609
5257,2822
5257,2854
5257,2861
5257,3091
5257,3529
5257,3805
5257,3825
5257,4038
5257,4375
5257,4603
5257,5540
5257,5691
5257,5706
5257,6143
5257,7086
5258,3
5258,77
5258,272
5258,473
5258,479
5258,593
5258,789
5258,989
5258,1058
5258,1178
5258,1210
5258,1268
5258,1415
5258,1453
5258,1634
5258,1798
5258,1996
5258,2198
5258,2239
5258,2370
5258,2377
5258,2410
5258,2471
5258,2564
5258,2571
5258,2661
5258,2855
5258,2921
5258,3074
5258,3152
5258,3177
5258,3693
5258,3748
5258,3996
5258,4071
5258,4164
5258,4257
5258,4376
5258,4384
5258,4553
5258,4608
5258,4680
5258,4805
5258,4806
5258,5039
5258,5070
5258,5132
5258,5194
5258,5296
5258,5316
5258,5404
5258,5415
5258,5649
5258,5740
5258,5816
5258,5855
5258,5881
5258,5979
5258,6354
5258,6409
5258,6658
5258,6702
5258,6892
5258,7046
5258,7320
5258,7369
5258,7520
5258,7525
5258,7572
5258,7582
5259,85
5259,304
5259,973
5259,1058
5259,1113
5259,1210
5259,1415
5259,1453
5259,2106
5259,2170
5259,2198
5259,2339
5259,2370
5259,2377
5259,2571
5259,2911
5259,2921
5259,3183
5259,3311
5259,3370
5259,3693
5259,3948
5259,4090
5259,4376
5259,4384
5259,4466
5259,4806
5259,4952
5259,5132
5259,5222
5259,5251
5259,5296
5259,5404
5259,5593
5259,5756
5259,5816
5259,5881
5259,6001
5259,6140
5259,6455
5259,6551
5259,6618
5259,6702
5259,6811
5259,7252
5259,7280
5259,7330
5259,7572
5259,7582
5260,66
5260,530
5260,637
5260,704
5260,887
5260,918
5260,1248
5260,1535
5260,2412
5260,2492
5260,2512
5260,2608
5260,2748
5260,2966
5260,2994
5260,3107
5260,3159
5260,3425
5260,3437
5260,3533
5260,3642
5260,4020
5260,4209
5260,4332
5260,4582
5260,5119
5260,5185
5260,5331
5260,5603
5260,5838
5260,6300
5260,6515
5260,7025
5260,7260
5260,7261
5260,7287
5260,7316
5260,7423
5261,85
5261,103
5261,369
5261,593
5261,903
5261,1218
5261,1293
5261,1453
5261,1456
5261,1478
5261,1540
5261,1735
5261,1798
5261,2106
5261,2911
5261,3183
5261,3408
5261,3428
5261,3671
5261,3762
5261,3895
5261,4080
5261,4184
5261,4253
5261,4384
5261,4420
5261,4952
5261,5222
5261,5525
5261,6259
5261,6551
5261,6618
5261,6707
5261,6802
5261,6810
5261,7067
5261,7395
5261,7465
5261,7535
5261,7599
5262,535
5262,2697
5262,3510
5262,4404
5263,75
5263,287
5263,299
5263,456
5263,601
5263,881
5263,1185
5263,1215
5263,1379
5263,1409
5263,1479
5263,1725
5263,2043
5263,2113
5263,2569
5263,2586
5263,2795
5263,3037
5263,3503
5263,3870
5263,3888
5263,3966
5263,4029
5263,4373
5263,4940
5263,4987
5263,5022
5263,5111
5263,5864
5263,5993
5263,6210
5263,6588
5263,6717
5263,7032
5263,7102
5263,7225
5263,7330
5263,7589
5264,438
5264,526
5264,669
5264,672
5264,1645
5264,1769
5264,1956
5264,2026
5264,2093
5264,2111
5264,2198
5264,2239
5264,2376
5264,2567
5264,2581
5264,2917
5264,3049
5264,3273
5264,3457
5264,3506
5264,3510
5264,3539
5264,3964
5264,4116
5264,4805
5264,4967
5264,4989
5264,5079
5264,5193
5264,5202
5264,5215
5264,5544
5264,5719
5264,6038
5264,6388
5264,6408
5264,6464
5264,6512
5264,6569
5264,6570
5264,6668
5264,6909
5264,7130
5264,7135
5264,7250
5264,7300
5264,7312
5264,7325
5264,7493
5265,627
5265,2385
5265,5454
5265,6340
5266,758
5266,871
5266,965
5266,1488
5266,1604
5266,2443
5266,3064
5266,3150
5266,3460
5266,3516
5266,3563
5266,3924
5266,4143
5266,4280
5266,4673
5266,4802
5266,5686
5266,5968
5266,6163
5266,6653
5267,4149
5267,5256
5267,5591
5267,6094
5267,6453
5267,7342
5267,7631
5268,162
5268,305
5268,1961
5268,2304
5268,2996
5268,3507
5268,3600
5268,3802
5268,4440
5269,2280
5270,147
5270,444
5270,481
5270,837
5270,1086
5270,1223
5270,1365
5270,1622
5270,1646
5270,1683
5270,2468
5270,2491
5270,2805
5270,3180
5270,3435
5270,3449
5270,3733
5270,4047
5270,4244
5270,4411
5270,4485
5270,4494
5270,4498
5270,4564
5270,4663
5270,5357
5270,5737
5270,5974
5270,6092
5270,6106
5270,6311
5270,6488
5270,6508
5270,6609
5270,6788
5270,6972
5270,7016
5270,7110
5270,7383
5270,7598
5271,1124
5271,1262
5271,1392
5271,1676
5271,1835
5271,2366
5271,3163
5271,3231
5271,3361
5271,3684
5271,3879
5271,4221
5271,4399
5271,4861
5271,5011
5271,5815
5271,6095
5271,6133
5271,6138
5271,6347
5271,7460
5271,7500
5272,216
5272,324
5272,749
5272,1157
5272,1412
5272,1609
5272,1743
5272,1811
5272,2090
5272,2189
5272,2326
5272,2508
5272,2849
5272,3021
5272,3220
5272,3640
5272,4342
5272,4883
5272,4960
5272,4999
5272,5250
5272,5448
5272,5465
5272,5602
5272,5879
5272,6250
5272,6372
5272,6532
5272,6670
5272,6765
5272,6965
5272,7073
5272,7122
5273,766
5273,1357
5273,2198
5273,2239
5273,2380
5273,3277
5273,3550
5273,3578
5273,4376
5273,4805
5273,5199
5273,5213
5273,6012
5273,7395
5273,7464
5273,7467
5274,512
5274,645
5274,890
5274,1053
5274,1213
5274,1306
5274,1411
5274,1429
5274,1852
5274,3057
5274,3489
5274,3843
5274,4133
5274,5395
5274,5599
5274,5628
5274,6127
5274,6213
5274,6525
5274,6650
5274,6871
5275,158
5275,491
5275,645
5275,1213
5275,1411
5275,1564
5275,1613
5275,2054
5275,3204
5275,4363
5275,5395
5275,5599
5275,6151
5275,6871
5275,7378
5276,81
5276,1015
5276,1756
5276,1953
5276,2053
5276,3175
5276,4258
5276,4866
5276,7562
5277,131
5277,886
5277,4613
5277,5336
5277,7257
5277,7342
5278,69
5278,85
5278,201
5278,260
5278,353
5278,369
5278,593
5278,789
5278,916
5278,1113
5278,1293
5278,1368
5278,1453
5278,1478
5278,1513
5278,1661
5278,1663
5278,1860
5278,1999
5278,2039
5278,2106
5278,2198
5278,2239
5278,2370
5278,2377
5278,2911
5278,2913
5278,3066
5278,3079
5278,3183
5278,3311
5278,3408
5278,3459
5278,3593
5278,3748
5278,3782
5278,3895
5278,4184
5278,4253
5278,4376
5278,4384
5278,4535
5278,4578
5278,4952
5278,4983
5278,5296
5278,5707
5278,5740
5278,5816
5278,5941
5278,6208
5278,6284
5278,6551
5278,6707
5278,6760
5278,7044
5278,7085
5278,7296
5278,7568
5278,7607
5279,177
5279,968
5279,1003
5279,1237
5279,1449
5279,2204
5279,2388
5279,2399
5279,2528
5279,2538
5279,2949
5279,3201
5279,3361
5279,3412
5279,3423
5279,3572
5279,3736
5279,3939
5279,4237
5279,4399
5279,4418
5279,4497
5279,4534
5279,4618
5279,4861
5279,4924
5279,5124
5279,5163
5279,5439
5279,5762
5279,6138
5279,6374
5279,6550
5279,7388
5279,7405
5279,7483
5279,7544
5280,49
5280,748
5280,766
5280,771
5280,990
5280,1133
5280,1189
5280,1225
5280,1442
5280,1572
5280,1843
5280,2028
5280,2522
5280,2529
5280,2577
5280,2894
5280,2993
5280,3010
5280,3404
5280,3421
5280,3513
5280,3637
5280,3691
5280,3751
5280,3871
5280,4493
5280,4634
5280,4692
5280,5435
5280,5893
5280,5957
5280,6960
5280,7149
5280,7222
5280,7452
5280,7518
5281,1113
5281,2198
5281,2571
5281,3226
5281,4535
5281,5404
5281,6702
5281,7395
5281,7464
5282,2061
5282,3660
5282,5570
5283,709
5283,741
5283,783
5283,884
5283,1721
5283,1791
5283,1824
5283,2064
5283,2292
5283,3143
5283,3494
5283,4925
5283,5444
5283,5877
5283,6002
5283,6130
5283,6873
5283,7001
5283,7065
5283,7271
5284,1674
5284,2162
5284,2315
5284,2390
5284,2613
5284,3265
5284,3327
5284,3329
5284,3705
5284,4482
5284,4507
5284,4621
5284,5604
5284,6274
5284,6293
5284,6433
5284,6991
5284,7078
5284,7579
5284,7591
5286,85
5286,260
5286,304
5286,455
5286,469
5286,552
5286,593
5286,811
5286,841
5286,930
5286,1011
5286,1058
5286,1089
5286,1113
5286,1152
5286,1210
5286,1211
5286,1414
5286,1453
5286,1575
5286,1862
5286,2060
5286,2198
5286,2215
5286,2370
5286,2410
5286,2537
5286,2571
5286,2573
5286,2772
5286,2881
5286,3050
5286,3118
5286,3183
5286,3225
5286,3279
5286,3362
5286,3370
5286,3502
5286,3542
5286,3748
5286,3895
5286,3958
5286,3996
5286,4067
5286,4074
5286,4090
5286,4095
5286,4147
5286,4164
5286,4248
5286,4376
5286,4384
5286,4680
5286,4688
5286,4805
5286,4806
5286,4919
5286,5037
5286,5049
5286,5132
5286,5194
5286,5203
5286,5251
5286,5296
5286,5404
5286,5455
5286,5459
5286,5649
5286,5732
5286,5816
5286,5859
5286,5881
5286,6140
5286,6313
5286,6400
5286,6409
5286,6540
5286,6551
5286,6702
5286,6705
5286,6723
5286,6992
5286,7003
5286,7096
5286,7265
5286,7277
5286,7448
5286,7572
5286,7582
5287,116
5287,308
5287,766
5287,1337
5287,1546
5287,1753
5287,1962
5287,2198
5287,2816
5287,3203
5287,3295
5287,3695
5287,3866
5287,4680
5287,4851
5287,5132
5287,5455
5287,5676
5287,7151
5288,1043
5288,2963
5288,3017
5288,3227
5288,5514
5288,6656
5289,143
5289,389
5289,456
5289,881
5289,1098
5289,1185
5289,1479
5289,2113
5289,2586
5289,3157
5289,3216
5289,3277
5289,3983
5289,4154
5289,4301
5289,4522
5289,4565
5289,4940
5289,4987
5289,6210
5289,7032
5289,7290
5289,7298
5289,7330
5290,26
5290,42
5290,103
5290,258
5290,593
5290,924
5290,1178
5290,1517
5290,1744
5290,1796
5290,1798
5290,1899
5290,2198
5290,2553
5290,2637
5290,3049
5290,3051
5290,3257
5290,4217
5290,4641
5290,4805
5290,5037
5290,5042
5290,5048
5290,5234
5290,5372
5290,5415
5290,5495
5290,5734
5290,5799
5290,5833
5290,5881
5290,6414
5290,6702
5290,6847
5290,7021
5290,7105
5290,7464
5290,7572
5291,284
5291,458
5291,983
5291,1233
5291,4280
5291,4673
5291,6653
5291,6657
5292,226
5292,1444
5292,2239
5292,2460
5292,2579
5292,3183
5292,3330
5292,3532
5292,3607
5292,3681
5292,4228
5292,4384
5292,4469
5292,7330
5293,26
5293,419
5293,522
5293,739
5293,899
5293,924
5293,1002
5293,1024
5293,1236
5293,1517
5293,1591
5293,1744
5293,2095
5293,2117
5293,2309
5293,2819
5293,2859
5293,3123
5293,3241
5293,3247
5293,3257
5293,3621
5293,3657
5293,3721
5293,4217
5293,4650
5293,4791
5293,4812
5293,4828
5293,4848
5293,5061
5293,5133
5293,5442
5293,5518
5293,5595
5293,5734
5293,5853
5293,5932
5293,6289
5293,6759
5293,6983
5293,7398
5294,2139
5295,526
5295,669
5295,2111
5295,2581
5295,3510
5295,5115
5295,6569
5295,6909
5295,7250
5296,23
5296,69
5296,76
5296,85
5296,94
5296,123
5296,149
5296,170
5296,201
5296,220
5296,260
5296,287
5296,304
5296,369
5296,388
5296,415
5296,421
5296,473
5296,479
5296,500
5296,527
5296,538
5296,540
5296,552
5296,593
5296,657
5296,693
5296,726
5296,731
5296,789
5296,795
5296,810
5296,836
5296,841
5296,903
5296,904
5296,916
5296,942
5296,958
5296,973
5296,1011
5296,1058
5296,1102
5296,1113
5296,1137
5296,1170
5296,1249
5296,1268
5296,1284
5296,1287
5296,1293
5296,1330
5296,1368
5296,1370
5296,1378
5296,1399
5296,1414
5296,1415
5296,1430
5296,1447
5296,1453
5296,1478
5296,1485
5296,1511
5296,1513
5296,1545
5296,1575
5296,1620
5296,1621
5296,1624
5296,1663
5296,1665
5296,1705
5296,1708
5296,1723
5296,1729
5296,1775
5296,1798
5296,1840
5296,1854
5296,1860
5296,1862
5296,1907
5296,1959
5296,1996
5296,2010
5296,2021
5296,2033
5296,2039
5296,2106
5296,2194
5296,2198
5296,2207
5296,2215
5296,2320
5296,2339
5296,2370
5296,2377
5296,2410
5296,2479
5296,2573
5296,2600
5296,2617
5296,2620
5296,2657
5296,2659
5296,2719
5296,2736
5296,2744
5296,2765
5296,2770
5296,2772
5296,2855
5296,2881
5296,2911
5296,2913
5296,2921
5296,2954
5296,2974
5296,2981
5296,3003
5296,3025
5296,3039
5296,3077
5296,3093
5296,3171
5296,3177
5296,3183
5296,3226
5296,3234
5296,3237
5296,3245
5296,3264
5296,3284
5296,3297
5296,3311
5296,3334
5296,3363
5296,3370
5296,3377
5296,3403
5296,3459
5296,3520
5296,3538
5296,3593
5296,3616
5296,3692
5296,3693
5296,3734
5296,3748
5296,3758
5296,3796
5296,3861
5296,3867
5296,3889
5296,3895
5296,3898
5296,3926
5296,3948
5296,3970
5296,3990
5296,3996
5296,4062
5296,4080
5296,4095
5296,4096
5296,4155
5296,4164
5296,4177
5296,4184
5296,4233
5296,4249
5296,4253
5296,4286
5296,4290
5296,4303
5296,4317
5296,4376
5296,4384
5296,4392
5296,4434
5296,4465
5296,4466
5296,4535
5296,4553
5296,4556
5296,4578
5296,4616
5296,4680
5296,4785
5296,4787
5296,4803
5296,4806
5296,4864
5296,4865
5296,4919
5296,4934
5296,4952
5296,4983
5296,4986
5296,5022
5296,5037
5296,5082
5296,5132
5296,5194
5296,5222
5296,5251
5296,5258
5296,5259
5296,5278
5296,5286
5296,5302
5296,5350
5296,5351
5296,5375
5296,5404
5296,5455
5296,5463
5296,5490
5296,5507
5296,5513
5296,5551
5296,5557
5296,5593
5296,5623
5296,5626
5296,5641
5296,5649
5296,5707
5296,5714
5296,5730
5296,5740
5296,5808
5296,5816
5296,5855
5296,5881
5296,5937
5296,5952
5296,5961
5296,5975
5296,5979
5296,6047
5296,6075
5296,6082
5296,6202
5296,6208
5296,6216
5296,6242
5296,6284
5296,6297
5296,6335
5296,6354
5296,6397
5296,6400
5296,6449
5296,6462
5296,6505
5296,6507
5296,6510
5296,6551
5296,6553
5296,6562
5296,6588
5296,6618
5296,6640
5296,6705
5296,6707
5296,6760
5296,6794
5296,6811
5296,6848
5296,6933
5296,6952
5296,6961
5296,6971
5296,6981
5296,6984
5296,7008
5296,7044
5296,7046
5296,7085
5296,7101
5296,7105
5296,7143
5296,7147
5296,7171
5296,7197
5296,7252
5296,7277
5296,7280
5296,7289
5296,7320
5296,7353
5296,7369
5296,7448
5296,7464
5296,7465
5296,7468
5296,7520
5296,7525
5296,7572
5296,7577
5296,7580
5296,7582
5296,7597
5296,7612
5297,222
5297,1083
5297,1124
5297,1354
5297,1850
5297,2456
5297,2951
5297,3231
5297,7098
5297,7243
5297,7356
5298,242
5298,1010
5298,2379
5298,3100
5298,3244
5298,3437
5298,3735
5298,4209
5298,4235
5298,4646
5298,4809
5298,4810
5298,4853
5298,4906
5298,5043
5298,5684
5298,6169
5298,6768
5298,7586
5298,7620
5299,1280
5299,2565
5299,7392
5300,78
5300,332
5300,737
5300,965
5300,1244
5300,1772
5300,1914
5300,2133
5300,2369
5300,2443
5300,3064
5300,3151
5300,3288
5300,3460
5300,3560
5300,3903
5300,4181
5300,4899
5300,5959
5300,6623
5300,7314
5300,7554
5300,7565
5300,7615
5301,86
5301,251
5301,331
5301,784
5301,852
5301,1058
5301,1062
5301,1176
5301,1655
5301,1745
5301,1764
5301,3019
5301,3078
5301,3131
5301,3170
5301,3384
5301,3521
5301,3557
5301,3650
5301,3911
5301,3952
5301,3982
5301,4320
5301,4362
5301,4376
5301,4549
5301,4725
5301,4805
5301,4944
5301,5251
5301,6328
5301,6408
5301,6619
5301,6741
5301,6769
5301,7039
5301,7153
5301,7375
5301,7376
5301,7576
5301,7600
5302,26
5302,383
5302,522
5302,593
5302,1024
5302,1236
5302,1347
5302,1798
5302,2198
5302,2871
5302,2931
5302,3123
5302,3241
5302,4082
5302,4217
5302,4650
5302,4812
5302,4848
5302,4912
5302,4952
5302,5296
5302,5378
5302,5442
5302,5568
5302,5595
5302,5703
5302,5734
5302,5756
5302,6054
5302,6289
5302,6551
5302,6702
5302,6759
5302,6790
5302,6983
5302,7097
5302,7119
5302,7276
5302,7526
5302,7601
5303,1678
5303,3862
5304,456
5304,776
5304,1058
5304,1414
5304,1575
5304,1862
5304,1884
5304,2772
5304,3203
5304,3545
5304,3578
5304,3672
5304,3753
5304,3895
5304,4371
5304,4376
5304,4670
5304,4805
5304,5641
5304,6553
5304,7147
5304,7481
5305,20
5305,73
5305,137
5305,162
5305,305
5305,803
5305,1679
5305,1689
5305,1707
5305,1831
5305,1877
5305,2071
5305,2751
5305,2844
5305,3042
5305,3698
5305,3723
5305,3802
5305,4015
5305,4055
5305,4092
5305,4141
5305,4163
5305,4433
5305,4479
5305,4701
5305,5031
5305,5173
5305,5445
5305,6078
5305,6494
5305,6545
5305,6783
5305,6807
5305,6815
5305,7184
5305,7305
5306,749
5306,1630
5306,1759
5306,1864
5306,2037
5306,2098
5306,2114
5306,2281
5306,2357
5306,2474
5306,2557
5306,3167
5306,3401
5306,3528
5306,3553
5306,4300
5306,4539
5306,4666
5306,4741
5306,4819
5306,5588
5306,5825
5306,6104
5306,6679
5306,7075
5306,7255
5306,7566
5306,7630
5307,764
5307,835
5307,1956
5307,2066
5307,2198
5307,3049
5307,3273
5307,3433
5307,3578
5307,4805
5307,5079
5307,5213
5307,5234
5307,5447
5307,6172
5307,7467
5308,7172
5308,7476
5309,2239
5309,2342
5309,2823
5309,3025
5309,3364
5309,4037
5309,4381
5309,7395
5310,108
5310,139
5310,199
5310,941
5310,1190
5310,1242
5310,1450
5310,2748
5310,2840
5310,3100
5310,3107
5310,3586
5310,3833
5310,3975
5310,4020
5310,4051
5310,4137
5310,4260
5310,4325
5310,4961
5310,5047
5310,5185
5310,5414
5310,5563
5310,5580
5310,5802
5310,5826
5310,6031
5310,6109
5310,6523
5310,6739
5310,7064
5310,7367
5311,258
5311,260
5311,484
5311,522
5311,924
5311,1178
5311,1467
5311,1548
5311,1744
5311,1899
5311,2380
5311,2661
5311,3051
5311,3623
5311,4217
5311,4682
5311,4870
5311,4946
5311,5048
5311,5199
5311,5372
5311,6024
5311,6180
5311,6702
5311,6787
5311,6887
5311,6907
5311,7021
5311,7097
5311,7311
5311,7534
5311,7572
5312,41
5312,672
5312,809
5312,832
5312,967
5312,986
5312,1026
5312,1042
5312,1058
5312,1062
5312,1176
5312,1414
5312,1642
5312,1790
5312,1809
5312,2170
5312,2175
5312,2558
5312,2798
5312,3078
5312,3268
5312,3384
5312,3753
5312,3962
5312,4067
5312,4263
5312,4365
5312,4376
5312,4573
5312,4670
5312,4805
5312,5176
5312,5251
5312,5332
5312,5556
5312,5716
5312,6408
5312,6636
5312,6732
5312,6769
5312,6922
5312,6952
5312,7446
5312,7448
5312,7627
5313,593
5313,1058
5313,1063
5313,2049
5313,2239
5313,2431
5313,6592
5314,67
5314,93
5314,373
5314,872
5314,1075
5314,1107
5314,1534
5314,2136
5314,2156
5314,2293
5314,2830
5314,2875
5314,3197
5314,4328
5314,5026
5314,5151
5314,5338
5314,5454
5314,5583
5314,5841
5314,5918
5314,6084
5314,6431
5314,6504
5314,6633
5314,6773
5314,6821
5314,7286
5315,1261
5315,1394
5315,1731
5315,2213
5315,2239
5315,2574
5315,2997
5315,3351
5315,3532
5315,3698
5315,4462
5315,4823
5315,5550
5315,6548
5315,7267
5315,7414
5316,260
5316,731
5316,1058
5316,1268
5316,1378
5316,1399
5316,2229
5316,2307
5316,2432
5316,2736
5316,2981
5316,3160
5316,3459
5316,3693
5316,3882
5316,4071
5316,4164
5316,4376
5316,4511
5316,4805
5316,4857
5316,4870
5316,5070
5316,5251
5316,5258
5316,5344
5316,5404
5316,5816
5316,6414
5316,7464
5316,7572
5317,456
5317,834
5317,1185
5317,1872
5317,3849
5317,5376
5317,5404
5317,5530
5317,6176
5317,7373
5318,381
5318,585
5318,621
5318,1132
5318,1359
5318,2254
5318,2524
5318,2880
5318,2978
5318,3141
5318,3767
5318,3842
5318,4078
5318,4136
5318,5014
5318,5253
5318,5456
5318,5907
5318,5992
5318,6433
5318,6460
5318,6647
5318,7200
5318,7360
5318,7412
5319,78
5319,206
5319,459
5319,647
5319,1313
5319,1332
5319,2022
5319,2139
5319,2369
5319,2503
5319,4515
5319,4981
5319,5113
5319,5242
5319,5416
5319,5607
5319,5655
5319,5681
5319,5871
5319,6018
5319,6220
5319,6239
5319,6273
5319,6858
5319,6865
5319,6918
5319,7431
5319,7484
5319,7642
5319,7645
5320,3653
5320,3824
5320,4521
5320,4878
5320,7613
5320,7622
5321,1
5321,40
5321,51
5321,143
5321,161
5321,456
5321,881
5321,1121
5321,1139
5321,1185
5321,1820
5321,1904
5321,2113
5321,2225
5321,2298
5321,2738
5321,2795
5321,3179
5321,3339
5321,4033
5321,4173
5321,4294
5321,4301
5321,4735
5321,4940
5321,5181
5321,5504
5321,6119
5321,6369
5321,6452
5321,6777
5321,7550
5321,7602
5322,268
5322,361
5322,440
5322,873
5322,1998
5322,2025
5322,2367
5322,2619
5322,2769
5322,4939
5322,5991
5322,6304
5322,7132
5322,7329
5323,1393
5323,1699
5323,3841
5323,3895
5323,4063
5323,4437
5323,5919
5323,6053
5323,6869
5323,6995
5323,7123
5323,7168
5324,258
5324,319
5324,359
5324,469
5324,562
5324,593
5324,1744
5324,2307
5324,2380
5324,2661
5324,3893
5324,4156
5324,4243
5324,4484
5324,4662
5324,5518
5324,5797
5324,6024
5324,6077
5324,6381
5324,6526
5324,6596
5324,6850
5324,6968
5324,7097
5324,7247
5325,5076
5325,6277
5325,6283
5326,52
5326,84
5326,195
5326,1049
5326,1164
5326,1395
5326,1419
5326,1536
5326,2496
5326,2968
5326,3175
5326,3661
5326,3735
5326,4875
5326,5580
5326,5684
5326,6050
5326,6087
5326,6429
5326,6515
5326,7026
5326,7620
5327,1024
5327,1082
5327,1194
5327,2556
5327,2887
5327,3243
5327,3247
5327,3438
5327,3657
5327,3923
5327,4217
5327,4345
5327,4650
5327,4912
5327,5133
5327,5234
5327,5958
5327,6343
5327,6371
5327,6702
5327,6759
5327,7276
5327,7398
5328,593
5328,622
5328,1280
5328,1744
5328,1838
5328,2198
5328,3049
5328,3704
5328,3799
5328,4376
5328,4538
5328,4578
5328,4805
5328,5070
5328,5441
5328,5799
5328,5982
5328,6315
5328,6475
5328,6673
5328,6702
5328,7003
5328,7337
5329,649
5329,972
5329,1863
5329,2037
5329,2098
5329,2312
5329,3065
5329,3356
5329,3575
5329,4676
5329,4758
5329,6502
5330,98
5330,261
5330,484
5330,593
5330,622
5330,633
5330,811
5330,1169
5330,1521
5330,1628
5330,1663
5330,2198
5330,2206
5330,2239
5330,2553
5330,2981
5330,3049
5330,3051
5330,3152
5330,3185
5330,3951
5330,4578
5330,4630
5330,4805
5330,5006
5330,5054
5330,5234
5330,5679
5330,5979
5330,6414
5330,6551
5330,6702
5330,6787
5330,7003
5330,7164
5330,7280
5330,7395
5330,7428
5330,7607
5331,394
5331,1576
5331,2056
5331,2353
5331,2840
5331,3227
5331,3244
5331,3437
5331,4106
5331,4209
5331,4628
5331,4810
5331,4906
5331,4961
5331,5185
5331,5260
5331,6433
5331,7620
5332,28
5332,456
5332,1058
5332,1280
5332,1862
5332,2170
5332,2175
5332,2935
5332,3078
5332,3268
5332,3384
5332,3545
5332,3753
5332,3817
5332,4365
5332,4371
5332,4376
5332,4573
5332,4670
5332,4679
5332,4805
5332,5251
5332,5312
5332,5556
5332,6732
5332,6807
5332,7446
5332,7627
5333,932
5333,2249
5333,2838
5333,4237
5333,4399
5333,5522
5334,3559
5335,264
5335,438
5335,526
5335,1183
5335,1280
5335,1744
5335,2093
5335,2111
5335,2198
5335,2239
5335,2356
5335,2376
5335,2581
5335,2801
5335,3510
5335,3856
5335,3964
5335,4116
5335,4805
5335,4967
5335,5063
5335,5240
5335,5428
5335,5544
5335,6038
5335,6388
5335,6464
5335,6481
5335,6512
5335,6569
5335,6570
5335,6668
5335,6672
5335,6909
5335,7130
5335,7250
5335,7312
5336,131
5336,1903
5336,4655
5336,5277
5336,5736
5336,7198
5336,7257
5336,7342
5337,241
5337,365
5337,791
5337,1010
5337,1068
5337,1072
5337,1681
5337,1720
5337,1933
5337,1939
5337,1951
5337,2280
5337,2742
5337,2762
5337,3107
5337,3121
5337,3586
5337,3615
5337,3824
5337,3828
5337,3906
5337,3960
5337,4051
5337,4137
5337,4560
5337,4689
5337,5043
5337,5057
5337,5088
5337,5119
5337,5370
5337,5671
5337,5725
5337,5746
5337,5802
5337,5812
5337,5887
5337,5970
5337,6147
5337,6191
5337,6523
5337,6612
5337,7112
5337,7367
5337,7438
5337,7618
5338,150
5338,373
5338,1026
5338,1075
5338,2136
5338,2422
5338,3956
5338,3989
5338,5314
5338,5466
5338,5583
5338,6896
5339,4843
5339,4866
5340,358
5340,2198
5340,4805
5340,5132
5340,6388
5340,6909
5340,6958
5341,10
5341,1041
5341,2337
5341,3583
5341,5868
5341,6357
5341,6557
5342,1207
5342,1968
5342,2942
5342,3033
5342,3519
5342,3694
5342,4339
5342,5477
5342,7002
5342,7199
5343,28
5343,72
5343,403
5343,536
5343,750
5343,835
5343,1060
5343,1182
5343,1280
5343,1429
5343,1627
5343,1633
5343,1643
5343,1744
5343,1981
5343,2286
5343,2561
5343,2740
5343,2746
5343,3035
5343,3577
5343,3856
5343,3916
5343,3928
5343,4015
5343,4390
5343,4805
5343,4854
5343,4906
5343,4959
5343,5114
5343,5364
5343,5437
5343,5496
5343,5615
5343,5664
5343,5843
5343,6338
5343,6450
5343,6600
5343,6807
5343,7293
5343,7351
5344,85
5344,201
5344,260
5344,304
5344,479
5344,593
5344,726
5344,762
5344,951
5344,1058
5344,1178
5344,1268
5344,1368
5344,1370
5344,1399
5344,1415
5344,1453
5344,1492
5344,1551
5344,1663
5344,1798
5344,1959
5344,2013
5344,2106
5344,2115
5344,2129
5344,2198
5344,2239
5344,2339
5344,2370
5344,2571
5344,2600
5344,2981
5344,3403
5344,3459
5344,3693
5344,3748
5344,3947
5344,4017
5344,4071
5344,4080
5344,4164
5344,4376
5344,4384
5344,4392
5344,4806
5344,4827
5344,5042
5344,5070
5344,5132
5344,5251
5344,5316
5344,5404
5344,5415
5344,5707
5344,5816
5344,5881
5344,5937
5344,6297
5344,6400
5344,6492
5344,6551
5344,6658
5344,6702
5344,7023
5344,7071
5344,7085
5344,7166
5344,7289
5344,7572
5344,7607
5345,147
5345,444
5345,481
5345,510
5345,561
5345,618
5345,688
5345,746
5345,837
5345,901
5345,1086
5345,1223
5345,1365
5345,1509
5345,1646
5345,1683
5345,2491
5345,2499
5345,2786
5345,3211
5345,3255
5345,3733
5345,4117
5345,4191
5345,4244
5345,4310
5345,4411
5345,4524
5345,4663
5345,5357
5345,5974
5345,6106
5345,6311
5345,6488
5345,6625
5345,7383
5345,7489
5345,7531
5345,7598
5346,20
5346,73
5346,551
5346,1064
5346,2248
5346,3698
5346,4080
5346,4302
5346,4904
5346,5375
5346,5467
5346,5923
5346,6451
5346,6828
5347,2293
5347,2695
5347,5702
5347,7175
5348,183
5348,369
5348,593
5348,924
5348,1513
5348,1663
5348,1668
5348,1684
5348,1723
5348,1744
5348,1792
5348,1796
5348,1805
5348,1817
5348,1899
5348,1993
5348,2198
5348,2553
5348,3051
5348,3081
5348,3160
5348,3377
5348,3623
5348,3648
5348,3704
5348,3748
5348,4376
5348,4463
5348,4669
5348,4934
5348,5241
5348,5881
5348,5979
5348,6183
5348,6414
5348,6669
5348,6673
5348,6678
5348,6702
5348,6849
5348,7003
5348,7215
5348,7337
5348,7352
5348,7477
5348,7577
5349,941
5349,3227
5349,3267
5350,85
5350,726
5350,904
5350,973
5350,1113
5350,1293
5350,1453
5350,1472
5350,1624
5350,2021
5350,2215
5350,2339
5350,2370
5350,2377
5350,3226
5350,3311
5350,3607
5350,3895
5350,3948
5350,4096
5350,4177
5350,4313
5350,4376
5350,4384
5350,4952
5350,5132
5350,5296
5350,6409
5350,6933
5350,6984
5350,7067
5350,7252
5351,85
5351,304
5351,431
5351,1030
5351,1113
5351,1414
5351,1453
5351,1665
5351,2479
5351,2657
5351,2765
5351,2770
5351,2911
5351,2974
5351,3070
5351,3171
5351,3183
5351,3538
5351,3698
5351,3718
5351,3748
5351,3895
5351,3996
5351,4080
5351,4216
5351,4376
5351,4384
5351,4952
5351,5070
5351,5296
5351,5707
5351,5730
5351,5816
5351,5881
5351,6553
5351,6618
5351,6640
5351,6760
5351,7525
5351,7582
5351,7599
5352,1058
5352,1996
5352,3748
5352,4090
5352,4164
5352,4384
5352,4805
5352,5194
5352,5251
5352,5404
5352,5881
5352,7572
5353,281
5353,304
5353,327
5353,354
5353,452
5353,1147
5353,1168
5353,1201
5353,1557
5353,1571
5353,1602
5353,1837
5353,1971
5353,2203
5353,2278
5353,2403
5353,2578
5353,2580
5353,2841
5353,2936
5353,3301
5353,3402
5353,3418
5353,3522
5353,3917
5353,4119
5353,4481
5353,4550
5353,4568
5353,4998
5353,5021
5353,5196
5353,5246
5353,6158
5353,6267
5353,6292
5353,6375
5353,6455
5353,6659
5353,6782
5353,6833
5353,6863
5353,6883
5353,7083
5353,7148
5353,7625
5354,413
5354,528
5354,673
5354,675
5354,1227
5354,1302
5354,1413
5354,1829
5354,2065
5354,2161
5354,2177
5354,2686
5354,2760
5354,2807
5354,2927
5354,3342
5354,3509
5354,4344
5354,4685
5354,5158
5354,5484
5354,5634
5354,5664
5354,5682
5354,6305
5354,6839
5354,7587
5357,147
5357,298
5357,425
5357,444
5357,481
5357,561
5357,578
5357,619
5357,688
5357,690
5357,746
5357,943
5357,1223
5357,1292
5357,1509
5357,1646
5357,1683
5357,2012
5357,2395
5357,2444
5357,2449
5357,2468
5357,2491
5357,2499
5357,2548
5357,2843
5357,2853
5357,3211
5357,3255
5357,3393
5357,3399
5357,3411
5357,3449
5357,3452
5357,3479
5357,3504
5357,3733
5357,4117
5357,4191
5357,4244
5357,4252
5357,4310
5357,4353
5357,4411
5357,4423
5357,4475
5357,4478
5357,4494
5357,4524
5357,4564
5357,4663
5357,4703
5357,4711
5357,4761
5357,4884
5357,5016
5357,5228
5357,5270
5357,5345
5357,5405
5357,5718
5357,5737
5357,5751
5357,5896
5357,5928
5357,5972
5357,5974
5357,6168
5357,6311
5357,6488
5357,6609
5357,6625
5357,6725
5357,6924
5357,7015
5357,7024
5357,7110
5357,7383
5357,7426
5357,7489
5357,7531
5357,7598
5358,21
5358,67
5358,93
5358,150
5358,200
5358,872
5358,941
5358,1107
5358,1161
5358,1773
5358,1964
5358,1989
5358,2034
5358,2074
5358,2136
5358,2293
5358,2316
5358,2875
5358,3186
5358,3354
5358,3396
5358,3622
5358,3746
5358,3993
5358,4346
5358,4533
5358,4698
5358,4804
5358,4906
5358,5026
5358,5440
5358,5466
5358,5644
5358,5913
5358,6337
5358,6504
5358,6773
5358,6817
5358,7281
5358,7286
5359,183
5359,369
5359,534
5359,593
5359,963
5359,1513
5359,1684
5359,1744
5359,1796
5359,1805
5359,2198
5359,2380
5359,2553
5359,3049
5359,3051
5359,3274
5359,3623
5359,3720
5359,4023
5359,4538
5359,4578
5359,4590
5359,4774
5359,4805
5359,5241
5359,5488
5359,5734
5359,5744
5359,5979
5359,6135
5359,6361
5359,6414
5359,6597
5359,6669
5359,6673
5359,6702
5359,6849
5359,6978
5359,7477
5359,7572
5360,485
5360,750
5360,1633
5360,1654
5360,2561
5360,2746
5360,3605
5360,3928
5360,4152
5361,19
5361,142
5361,620
5361,1824
5361,2251
5361,2602
5361,3494
5361,3845
5361,3915
5361,4181
5361,5107
5361,5444
5361,6623
5361,7080
5362,260
5362,552
5362,593
5362,1798
5362,1838
5362,2102
5362,2198
5362,2586
5362,3185
5362,4127
5362,4641
5362,4805
5362,5013
5362,5050
5362,5255
5362,5493
5362,5734
5362,6702
5363,766
5363,1069
5363,1926
5363,2349
5363,6098
5363,7300
5364,28
5364,36
5364,72
5364,306
5364,403
5364,456
5364,714
5364,920
5364,1111
5364,1185
5364,1280
5364,1417
5364,1429
5364,1457
5364,1579
5364,1585
5364,2163
5364,2244
5364,2415
5364,2738
5364,2740
5364,2804
5364,3271
5364,3419
5364,3577
5364,3856
5364,4033
5364,4100
5364,4565
5364,4854
5364,5114
5364,5209
5364,5343
5364,5437
5364,5496
5364,5500
5364,5504
5364,5614
5364,5615
5364,5708
5364,6015
5364,6237
5364,6572
5364,6600
5364,6696
5364,6807
5364,6852
5364,7190
5365,89
5365,169
5365,369
5365,431
5365,593
5365,722
5365,811
5365,906
5365,1018
5365,1058
5365,1152
5365,1178
5365,1210
5365,1357
5365,1415
5365,1447
5365,1467
5365,1513
5365,1663
5365,1723
5365,1744
5365,1796
5365,1899
5365,2106
5365,2198
5365,2239
5365,2380
5365,2553
5365,3051
5365,3185
5365,3703
5365,3748
5365,4023
5365,4071
5365,4074
5365,4157
5365,4164
5365,4241
5365,4376
5365,4384
5365,4463
5365,4538
5365,4578
5365,4641
5365,4805
5365,4934
5365,5070
5365,5132
5365,5139
5365,5241
5365,5404
5365,5612
5365,5707
5365,5734
5365,5799
5365,5881
5365,6183
5365,6414
5365,6551
5365,6678
5365,6688
5365,6692
5365,6702
5365,6847
5365,7003
5365,7071
5365,7103
5365,7170
5365,7280
5365,7352
5365,7353
5365,7477
5365,7572
5365,7577
5365,7607
5366,1091
5366,2028
5366,3330
5366,5749
5367,310
5367,586
5367,2867
5367,3085
5367,3400
5367,3490
5367,3865
5367,4138
5367,4200
5367,4410
5367,4752
5367,5994
5367,6314
5367,6367
5368,40
5368,143
5368,456
5368,471
5368,629
5368,881
5368,964
5368,1185
5368,1904
5368,2113
5368,2145
5368,2298
5368,2586
5368,2626
5368,2678
5368,3179
5368,3339
5368,3382
5368,3990
5368,4098
5368,4173
5368,4294
5368,4301
5368,4373
5368,4569
5368,4735
5368,4940
5368,5022
5368,5824
5368,5936
5368,5993
5368,6301
5368,6369
5368,6389
5368,6452
5368,7032
5369,1058
5369,2198
5369,3748
5369,4384
5369,6877
5370,2077
5370,4810
5370,5337
5371,345
5371,1668
5371,1798
5371,1842
5371,2107
5371,2198
5371,3235
5371,3951
5371,4376
5371,5707
5371,6702
5372,0
5372,77
5372,89
5372,169
5372,258
5372,309
5372,318
5372,320
5372,366
5372,369
5372,375
5372,377
5372,383
5372,431
5372,446
5372,455
5372,469
5372,518
5372,522
5372,593
5372,604
5372,633
5372,774
5372,780
5372,836
5372,863
5372,868
5372,1097
5372,1102
5372,1165
5372,1178
5372,1206
5372,1254
5372,1467
5372,1485
5372,1492
5372,1513
5372,1548
5372,1570
5372,1711
5372,1738
5372,1744
5372,1746
5372,1763
5372,1796
5372,1838
5372,1899
5372,1997
5372,2087
5372,2115
5372,2173
5372,2198
5372,2239
5372,2336
5372,2380
5372,2502
5372,2510
5372,2521
5372,2541
5372,2614
5372,2615
5372,2618
5372,2689
5372,2782
5372,2804
5372,2823
5372,2859
5372,2931
5372,3051
5372,3063
5372,3105
5372,3185
5372,3221
5372,3271
5372,3277
5372,3359
5372,3364
5372,3373
5372,3428
5372,3438
5372,3594
5372,3623
5372,3683
5372,3713
5372,3720
5372,3721
5372,3859
5372,3910
5372,3951
5372,3987
5372,4111
5372,4154
5372,4156
5372,4161
5372,4203
5372,4243
5372,4267
5372,4306
5372,4347
5372,4352
5372,4355
5372,4373
5372,4380
5372,4388
5372,4393
5372,4415
5372,4453
5372,4510
5372,4522
5372,4578
5372,4662
5372,4682
5372,4768
5372,4870
5372,5006
5372,5008
5372,5048
5372,5054
5372,5070
5372,5199
5372,5214
5372,5255
5372,5290
5372,5311
5372,5385
5372,5404
5372,5518
5372,5543
5372,5584
5372,5646
5372,5703
5372,5717
5372,5734
5372,5764
5372,5797
5372,5833
5372,5853
5372,5881
5372,5937
5372,6020
5372,6028
5372,6069
5372,6077
5372,6156
5372,6180
5372,6215
5372,6289
5372,6315
5372,6381
5372,6397
5372,6414
5372,6434
5372,6500
5372,6526
5372,6669
5372,6678
5372,6692
5372,6702
5372,6707
5372,6800
5372,6807
5372,6847
5372,6887
5372,6890
5372,6907
5372,6968
5372,7003
5372,7010
5372,7021
5372,7097
5372,7103
5372,7114
5372,7164
5372,7181
5372,7204
5372,7247
5372,7311
5372,7352
5372,7395
5372,7440
5372,7477
5372,7535
5372,7536
5372,7607
5372,7610
5373,526
5373,584
5373,587
5373,1493
5373,1926
5373,2239
5373,2349
5373,2525
5373,2567
5373,2903
5373,3246
5373,3359
5373,3506
5373,4153
5373,4707
5373,5144
5373,5719
5373,6029
5373,6118
5373,6131
5373,6412
5373,6538
5373,6547
5373,6565
5373,6841
5373,6909
5373,7240
5373,7250
5373,7401
5374,2390
5374,4136
5374,4482
5374,4507
5374,4621
5374,5604
5374,7579
5374,7591
5375,20
5375,73
5375,137
5375,229
5375,305
5375,373
5375,382
5375,551
5375,606
5375,881
5375,1058
5375,1551
5375,1831
5375,2198
5375,2993
5375,3124
5375,3212
5375,3538
5375,3944
5375,4067
5375,4141
5375,4270
5375,5296
5375,5346
5375,5467
5375,5561
5375,5641
5375,5923
5375,6001
5375,6547
5375,6828
5375,7196
5375,7305
5376,229
5376,258
5376,269
5376,305
5376,780
5376,834
5376,1561
5376,1872
5376,1975
5376,2198
5376,2239
5376,3224
5376,3359
5376,3561
5376,3578
5376,3849
5376,3930
5376,4522
5376,4731
5376,5317
5376,7072
5376,7298
5377,2379
5378,26
5378,308
5378,461
5378,495
5378,501
5378,764
5378,766
5378,777
5378,867
5378,952
5378,1013
5378,1091
5378,1120
5378,1339
5378,1418
5378,1532
5378,1619
5378,1673
5378,1682
5378,2032
5378,2047
5378,2055
5378,2089
5378,2125
5378,2358
5378,2372
5378,2375
5378,2425
5378,2871
5378,3098
5378,3134
5378,3203
5378,3223
5378,3469
5378,3542
5378,3578
5378,3807
5378,3866
5378,3887
5378,3895
5378,3925
5378,4185
5378,4519
5378,4790
5378,4894
5378,5052
5378,5080
5378,5098
5378,5179
5378,5302
5378,5455
5378,5521
5378,5634
5378,5652
5378,5664
5378,5781
5378,5948
5378,6171
5378,6211
5378,6219
5378,6246
5378,6675
5378,6960
5378,7164
5378,7226
5378,7305
5378,7370
5378,7587
5379,159
5379,429
5379,523
5379,525
5379,548
5379,1143
5379,1181
5379,1436
5379,1731
5379,2374
5379,2481
5379,2527
5379,2997
5379,3344
5379,3709
5379,4282
5379,4462
5379,4823
5379,5550
5379,6142
5379,6548
5379,6721
5379,7087
5379,7267
5379,7414
5380,581
5380,620
5380,1131
5380,1244
5380,2341
5380,2426
5380,2813
5380,3741
5380,3845
5380,3892
5380,3924
5380,4125
5380,4181
5380,4789
5380,4899
5380,5019
5380,5094
5380,6587
5380,6623
5380,6653
5380,6712
5380,7314
5380,7504
5380,7565
5381,258
5381,290
5381,593
5381,857
5381,1113
5381,1249
5381,1357
5381,1453
5381,1798
5381,2030
5381,2129
5381,2198
5381,2239
5381,3370
5381,3408
5381,3502
5381,3782
5381,4164
5381,4376
5381,4384
5381,4421
5381,4578
5381,4806
5381,4983
5381,5160
5381,5782
5381,5797
5381,6156
5381,6702
5381,6887
5381,7036
5381,7535
5381,7582
5381,7607
5382,365
5382,791
5382,887
5382,1072
5382,1319
5382,1681
5382,1773
5382,1939
5382,2003
5382,2550
5382,2742
5382,2762
5382,3824
5382,3884
5382,3960
5382,5043
5382,5134
5382,5616
5382,5812
5382,5970
5382,6072
5382,6147
5382,6316
5382,6523
5382,6698
5382,7237
5382,7281
5382,7367
5382,7438
5383,855
5383,1223
5383,1475
5383,1622
5383,1830
5383,1953
5383,2067
5383,2652
5383,3500
5383,3904
5383,6185
5383,7214
5383,7629
5384,2111
5384,2198
5384,2376
5384,6569
5384,6909
5384,7459
5385,42
5385,169
5385,366
5385,446
5385,593
5385,803
5385,1467
5385,1513
5385,1663
5385,1744
5385,1899
5385,2106
5385,2170
5385,2198
5385,2239
5385,3185
5385,3459
5385,4080
5385,4422
5385,4768
5385,4934
5385,5042
5385,5372
5385,5404
5385,5415
5385,5689
5385,5734
5385,5833
5385,5979
5385,6414
5385,6449
5385,6669
5385,6673
5385,6702
5385,6707
5385,6847
5385,7003
5385,7021
5385,7247
5385,7352
5385,7464
5385,7568
5385,7607
5385,7610
5386,748
5386,861
5386,1566
5386,1572
5386,2625
5386,2795
5386,2993
5386,3052
5386,3567
5386,3578
5386,3866
5386,5132
5386,5234
5386,5455
5386,6098
5386,6409
5387,310
5387,1425
5387,1803
5387,2695
5387,2867
5387,3085
5387,3136
5387,3400
5387,3490
5387,3865
5387,4200
5387,4383
5387,4410
5387,4752
5387,5994
5387,6314
5387,6367
5387,7004
5387,7464
5388,764
5388,994
5388,1181
5388,1199
5388,1496
5388,1499
5388,1571
5388,1576
5388,1715
5388,2041
5388,2372
5388,2880
5388,3485
5388,3510
5388,4054
5388,4172
5388,4331
5388,4376
5388,4810
5388,4906
5388,5456
5388,5479
5388,5664
5388,6630
5388,6926
5388,7067
5388,7571
5389,1208
5389,1542
5389,1886
5389,1971
5389,2846
5389,4444
5389,5196
5389,6932
5389,6943
5390,7224
5391,496
5391,988
5391,1035
5391,1340
5391,1750
5391,2293
5391,2379
5391,3107
5391,3437
5391,3902
5391,4305
5391,4810
5391,4906
5391,5047
5391,5402
5391,5414
5391,5563
5391,6583
5391,6813
5391,7041
5391,7175
5391,7360
5392,89
5392,593
5392,1339
5392,1513
5392,1738
5392,2198
5392,2239
5392,3557
5392,4230
5392,4680
5392,4768
5392,5740
5392,5799
5392,6077
5392,6297
5392,6437
5392,6526
5392,6551
5392,6702
5392,7395
5392,7535
5393,491
5393,1564
5393,1895
5393,2054
5393,3057
5393,3164
5393,3471
5393,3562
5393,3843
5393,3940
5393,4224
5393,4363
5393,4631
5393,4702
5393,5599
5393,5755
5393,6127
5393,6764
5393,6784
5393,6871
5393,7378
5393,7457
5394,280
5394,577
5394,805
5394,1598
5394,2724
5394,3437
5394,4520
5394,6065
5394,7034
5395,7
5395,247
5395,337
5395,781
5395,935
5395,1204
5395,1213
5395,1471
5395,1636
5395,1852
5395,2180
5395,3048
5395,3204
5395,3315
5395,3489
5395,3806
5395,3843
5395,4035
5395,4265
5395,4334
5395,4639
5395,4644
5395,4648
5395,4795
5395,4855
5395,4897
5395,5147
5395,5274
5395,5275
5395,5995
5395,6081
5395,6151
5395,6255
5395,6390
5395,6607
5395,6641
5395,6687
5395,6871
5395,6891
5395,7092
5395,7248
5396,295
5396,456
5396,629
5396,881
5396,1064
5396,1212
5396,1486
5396,2113
5396,2118
5396,2145
5396,2211
5396,2257
5396,2299
5396,2454
5396,2586
5396,2610
5396,2626
5396,3077
5396,3503
5396,3990
5396,4029
5396,4301
5396,4735
5396,4876
5396,4892
5396,4940
5396,4982
5396,4987
5396,5032
5396,5211
5396,5936
5396,5993
5396,6276
5396,6588
5396,6898
5396,6901
5396,7007
5396,7032
5396,7330
5397,73
5397,229
5397,305
5397,1707
5397,2143
5397,2198
5397,2332
5397,2626
5397,4055
5397,4433
5397,5146
5397,5467
5397,6828
5398,89
5398,269
5398,446
5398,803
5398,947
5398,1058
5398,1414
5398,1575
5398,2198
5398,2239
5398,2370
5398,2484
5398,2571
5398,2663
5398,3070
5398,3152
5398,3277
5398,3532
5398,3710
5398,3748
5398,4164
5398,4337
5398,4376
5398,4458
5398,4522
5398,4680
5398,4771
5398,5007
5398,5167
5398,5404
5398,5412
5398,5415
5398,5816
5398,5881
5398,5909
5398,6228
5398,6321
5398,7395
5399,23
5399,89
5399,169
5399,260
5399,294
5399,369
5399,400
5399,431
5399,482
5399,593
5399,659
5399,811
5399,1350
5399,1357
5399,1624
5399,1663
5399,1798
5399,1899
5399,1907
5399,2396
5399,2432
5399,2553
5399,3051
5399,3138
5399,3185
5399,3704
5399,4023
5399,4074
5399,5037
5399,5139
5399,5160
5399,5518
5399,5669
5399,5707
5399,5734
5399,5799
5399,5816
5399,5979
5399,6076
5399,6082
5399,6188
5399,6414
5399,6702
5399,6887
5399,7170
5399,7280
5399,7353
5399,7464
5400,139
5400,764
5400,993
5400,1035
5400,1534
5400,1541
5400,2293
5400,2379
5400,2505
5400,2764
5400,2986
5400,3107
5400,3197
5400,3437
5400,3902
5400,4019
5400,4118
5400,4209
5400,4238
5400,4628
5400,4906
5400,4922
5400,4994
5400,5454
5400,5506
5400,6418
5400,6549
5400,7417
5401,1258
5401,2239
5401,6063
5401,7167
5402,1190
5402,1816
5402,3121
5402,4238
5402,5391
5402,5725
5402,6316
5402,6572
5402,7112
5403,1058
5403,1293
5403,2155
5403,2170
5403,2208
5403,2772
5403,3049
5403,3384
5403,4376
5403,4670
5403,4805
5403,4869
5403,4913
5403,5219
5403,5251
5403,6230
5403,6339
5403,7448
5404,3
5404,14
5404,18
5404,23
5404,26
5404,41
5404,42
5404,61
5404,69
5404,85
5404,89
5404,91
5404,92
5404,98
5404,109
5404,114
5404,123
5404,127
5404,138
5404,143
5404,169
5404,170
5404,192
5404,213
5404,220
5404,233
5404,235
5404,240
5404,258
5404,260
5404,272
5404,276
5404,304
5404,318
5404,320
5404,322
5404,346
5404,366
5404,389
5404,410
5404,431
5404,446
5404,449
5404,450
5404,455
5404,469
5404,473
5404,479
5404,482
5404,527
5404,540
5404,542
5404,552
5404,553
5404,566
5404,568
5404,593
5404,607
5404,616
5404,659
5404,687
5404,693
5404,696
5404,710
5404,717
5404,722
5404,726
5404,727
5404,731
5404,732
5404,762
5404,770
5404,774
5404,776
5404,780
5404,789
5404,800
5404,803
5404,810
5404,811
5404,813
5404,836
5404,841
5404,863
5404,869
5404,942
5404,945
5404,947
5404,951
5404,958
5404,973
5404,1018
5404,1024
5404,1040
5404,1058
5404,1081
5404,1089
5404,1097
5404,1102
5404,1104
5404,1105
5404,1113
5404,1152
5404,1170
5404,1178
5404,1184
5404,1210
5404,1211
5404,1214
5404,1226
5404,1249
5404,1254
5404,1266
5404,1268
5404,1284
5404,1330
5404,1344
5404,1350
5404,1357
5404,1370
5404,1377
5404,1399
5404,1414
5404,1415
5404,1421
5404,1423
5404,1430
5404,1431
5404,1447
5404,1453
5404,1485
5404,1491
5404,1492
5404,1501
5404,1513
5404,1524
5404,1545
5404,1551
5404,1561
5404,1563
5404,1569
5404,1575
5404,1582
5404,1586
5404,1592
5404,1614
5404,1620
5404,1621
5404,1628
5404,1634
5404,1647
5404,1661
5404,1663
5404,1668
5404,1671
5404,1673
5404,1684
5404,1690
5404,1698
5404,1705
5404,1711
5404,1723
5404,1735
5404,1738
5404,1747
5404,1763
5404,1776
5404,1784
5404,1796
5404,1798
5404,1838
5404,1840
5404,1842
5404,1847
5404,1854
5404,1862
5404,1880
5404,1902
5404,1908
5404,1918
5404,1959
5404,1965
5404,1975
5404,1993
5404,1996
5404,1997
5404,2010
5404,2013
5404,2017
5404,2030
5404,2039
5404,2042
5404,2043
5404,2106
5404,2115
5404,2120
5404,2128
5404,2129
5404,2166
5404,2170
5404,2173
5404,2183
5404,2198
5404,2228
5404,2229
5404,2239
5404,2262
5404,2267
5404,2270
5404,2294
5404,2331
5404,2339
5404,2340
5404,2370
5404,2377
5404,2393
5404,2396
5404,2401
5404,2406
5404,2410
5404,2432
5404,2441
5404,2471
5404,2479
5404,2484
5404,2537
5404,2540
5404,2541
5404,2564
5404,2571
5404,2573
5404,2586
5404,2587
5404,2592
5404,2600
5404,2626
5404,2637
5404,2645
5404,2657
5404,2661
5404,2683
5404,2704
5404,2730
5404,2736
5404,2743
5404,2745
5404,2755
5404,2770
5404,2772
5404,2782
5404,2787
5404,2808
5404,2814
5404,2848
5404,2855
5404,2859
5404,2866
5404,2881
5404,2882
5404,2886
5404,2906
5404,2913
5404,2921
5404,2931
5404,2938
5404,2958
5404,2961
5404,2970
5404,2979
5404,2981
5404,2991
5404,3008
5404,3018
5404,3049
5404,3050
5404,3051
5404,3068
5404,3070
5404,3073
5404,3074
5404,3079
5404,3149
5404,3152
5404,3160
5404,3172
5404,3177
5404,3178
5404,3184
5404,3189
5404,3206
5404,3216
5404,3225
5404,3226
5404,3234
5404,3235
5404,3242
5404,3245
5404,3261
5404,3264
5404,3279
5404,3282
5404,3289
5404,3334
5404,3347
5404,3348
5404,3362
5404,3363
5404,3364
5404,3370
5404,3377
5404,3380
5404,3384
5404,3388
5404,3419
5404,3428
5404,3438
5404,3459
5404,3462
5404,3476
5404,3493
5404,3502
5404,3514
5404,3542
5404,3582
5404,3593
5404,3594
5404,3606
5404,3616
5404,3623
5404,3646
5404,3648
5404,3659
5404,3692
5404,3693
5404,3703
5404,3710
5404,3713
5404,3715
5404,3748
5404,3756
5404,3760
5404,3804
5404,3808
5404,3844
5404,3861
5404,3882
5404,3887
5404,3909
5404,3910
5404,3947
5404,3987
5404,3999
5404,4003
5404,4017
5404,4023
5404,4028
5404,4029
5404,4039
5404,4042
5404,4071
5404,4074
5404,4076
5404,4086
5404,4090
5404,4091
5404,4095
5404,4109
5404,4147
5404,4155
5404,4157
5404,4161
5404,4164
5404,4182
5404,4184
5404,4188
5404,4203
5404,4210
5404,4211
5404,4241
5404,4249
5404,4257
5404,4267
5404,4269
5404,4290
5404,4352
5404,4355
5404,4366
5404,4376
5404,4381
5404,4385
5404,4388
5404,4392
5404,4402
5404,4408
5404,4421
5404,4422
5404,4453
5404,4465
5404,4466
5404,4483
5404,4499
5404,4510
5404,4511
5404,4514
5404,4525
5404,4531
5404,4535
5404,4536
5404,4553
5404,4556
5404,4570
5404,4573
5404,4578
5404,4579
5404,4580
5404,4595
5404,4608
5404,4616
5404,4626
5404,4642
5404,4669
5404,4670
5404,4679
5404,4680
5404,4682
5404,4688
5404,4706
5404,4746
5404,4768
5404,4771
5404,4787
5404,4791
5404,4805
5404,4806
5404,4827
5404,4846
5404,4864
5404,4877
5404,4895
5404,4934
5404,4948
5404,4983
5404,5006
5404,5007
5404,5008
5404,5022
5404,5039
5404,5042
5404,5054
5404,5056
5404,5058
5404,5070
5404,5091
5404,5108
5404,5139
5404,5148
5404,5194
5404,5195
5404,5201
5404,5203
5404,5212
5404,5214
5404,5220
5404,5251
5404,5258
5404,5259
5404,5281
5404,5286
5404,5296
5404,5316
5404,5317
5404,5344
5404,5352
5404,5365
5404,5372
5404,5385
5404,5398
5404,5406
5404,5412
5404,5415
5404,5459
5404,5463
5404,5468
5404,5471
5404,5490
5404,5495
5404,5505
5404,5507
5404,5510
5404,5531
5404,5551
5404,5552
5404,5556
5404,5557
5404,5559
5404,5577
5404,5593
5404,5612
5404,5632
5404,5641
5404,5646
5404,5649
5404,5669
5404,5689
5404,5707
5404,5714
5404,5734
5404,5756
5404,5772
5404,5782
5404,5816
5404,5833
5404,5840
5404,5855
5404,5858
5404,5859
5404,5881
5404,5903
5404,5924
5404,5937
5404,5945
5404,5955
5404,5961
5404,5976
5404,5979
5404,6021
5404,6024
5404,6039
5404,6047
5404,6055
5404,6066
5404,6067
5404,6073
5404,6075
5404,6077
5404,6082
5404,6100
5404,6131
5404,6135
5404,6183
5404,6184
5404,6188
5404,6208
5404,6228
5404,6236
5404,6242
5404,6272
5404,6284
5404,6291
5404,6309
5404,6313
5404,6315
5404,6321
5404,6327
5404,6335
5404,6342
5404,6354
5404,6400
5404,6414
5404,6430
5404,6449
5404,6468
5404,6484
5404,6487
5404,6492
5404,6500
5404,6505
5404,6507
5404,6537
5404,6540
5404,6551
5404,6553
5404,6562
5404,6576
5404,6582
5404,6594
5404,6597
5404,6604
5404,6631
5404,6646
5404,6649
5404,6658
5404,6664
5404,6669
5404,6678
5404,6692
5404,6693
5404,6702
5404,6704
5404,6705
5404,6706
5404,6707
5404,6714
5404,6723
5404,6758
5404,6775
5404,6778
5404,6787
5404,6801
5404,6811
5404,6843
5404,6847
5404,6848
5404,6850
5404,6852
5404,6877
5404,6880
5404,6882
5404,6890
5404,6892
5404,6895
5404,6930
5404,6933
5404,6952
5404,6961
5404,6968
5404,6971
5404,6985
5404,6989
5404,6990
5404,7003
5404,7008
5404,7010
5404,7023
5404,7032
5404,7036
5404,7044
5404,7046
5404,7059
5404,7070
5404,7071
5404,7079
5404,7085
5404,7091
5404,7103
5404,7105
5404,7114
5404,7139
5404,7147
5404,7159
5404,7163
5404,7166
5404,7170
5404,7209
5404,7210
5404,7219
5404,7266
5404,7277
5404,7278
5404,7280
5404,7289
5404,7290
5404,7302
5404,7311
5404,7319
5404,7320
5404,7330
5404,7336
5404,7340
5404,7349
5404,7352
5404,7353
5404,7365
5404,7369
5404,7410
5404,7428
5404,7440
5404,7448
5404,7464
5404,7471
5404,7477
5404,7481
5404,7510
5404,7511
5404,7520
5404,7525
5404,7535
5404,7539
5404,7568
5404,7572
5404,7577
5404,7582
5404,7592
5404,7593
5404,7597
5404,7610
5404,7619
5404,7628
5405,147
5405,444
5405,481
5405,561
5405,578
5405,688
5405,690
5405,746
5405,1223
5405,1509
5405,1646
5405,2499
5405,2853
5405,3180
5405,3449
5405,4004
5405,4191
5405,4244
5405,4411
5405,4423
5405,4485
5405,4564
5405,4663
5405,5357
5405,5489
5405,5750
5405,5974
5405,6106
5405,6311
5405,6488
5405,6625
5405,7383
5405,7489
5405,7598
5406,1058
5406,2239
5406,2510
5406,4337
5406,5167
5406,5404
5407,354
5407,1393
5407,3148
5407,4437
5407,4690
5407,7074
5407,7123
5407,7168
5408,5147
5408,6008
5409,10
5409,275
5409,328
5409,749
5409,801
5409,828
5409,1122
5409,1531
5409,1609
5409,1696
5409,1759
5409,1766
5409,2090
5409,2147
5409,2260
5409,2596
5409,2717
5409,2822
5409,3346
5409,3565
5409,3722
5409,3749
5409,4070
5409,4245
5409,4504
5409,4666
5409,4704
5409,4739
5409,4758
5409,4881
5409,4960
5409,5245
5409,5540
5409,5602
5409,5692
5409,5848
5409,5856
5409,6164
5409,6250
5409,6771
5409,6772
5409,7255
5410,730
5410,824
5410,932
5410,1124
5410,1262
5410,1920
5410,2318
5410,2710
5410,3231
5410,3879
5410,4208
5410,4237
5410,4512
5410,5611
5410,6199
5410,6347
5411,141
5411,1419
5411,3227
5411,3244
5411,4646
5411,4906
5411,5684
5411,6818
5411,7620
5412,188
5412,213
5412,269
5412,446
5412,449
5412,455
5412,677
5412,836
5412,839
5412,947
5412,1104
5412,1108
5412,1254
5412,1414
5412,1439
5412,1495
5412,1561
5412,1665
5412,1686
5412,1782
5412,1840
5412,1860
5412,2166
5412,2194
5412,2198
5412,2239
5412,2384
5412,2484
5412,2510
5412,2563
5412,2663
5412,2736
5412,2743
5412,2823
5412,2829
5412,2979
5412,3049
5412,3070
5412,3072
5412,3080
5412,3152
5412,3178
5412,3364
5412,3710
5412,3744
5412,3765
5412,3856
5412,3910
5412,3947
5412,4039
5412,4057
5412,4154
5412,4243
5412,4337
5412,4376
5412,4458
5412,4682
5412,4697
5412,4746
5412,4771
5412,4805
5412,4870
5412,5007
5412,5033
5412,5155
5412,5167
5412,5194
5412,5199
5412,5234
5412,5398
5412,5404
5412,5764
5412,5797
5412,5833
5412,5840
5412,5844
5412,5909
5412,5975
5412,6069
5412,6078
5412,6224
5412,6331
5412,6345
5412,6406
5412,6437
5412,6500
5412,6518
5412,6527
5412,6562
5412,6614
5412,6664
5412,6704
5412,6705
5412,6714
5412,6775
5412,7289
5412,7321
5412,7395
5412,7410
5412,7487
5412,7523
5412,7524
5412,7560
5412,7592
5412,7628
5413,7
5413,1564
5414,1816
5414,2379
5414,2742
5414,3107
5414,3425
5414,3497
5414,4068
5414,4137
5414,4961
5414,5047
5414,5106
5414,5310
5414,5391
5414,5802
5414,5872
5414,6109
5414,6515
5414,6583
5414,7260
5414,7367
5415,41
5415,42
5415,76
5415,89
5415,115
5415,192
5415,235
5415,320
5415,322
5415,540
5415,552
5415,593
5415,596
5415,727
5415,731
5415,770
5415,869
5415,1058
5415,1097
5415,1102
5415,1152
5415,1178
5415,1268
5415,1399
5415,1414
5415,1472
5415,1481
5415,1513
5415,1517
5415,1575
5415,1663
5415,1690
5415,1705
5415,1744
5415,1796
5415,1797
5415,1993
5415,1996
5415,2194
5415,2198
5415,2229
5415,2239
5415,2340
5415,2393
5415,2410
5415,2432
5415,2471
5415,2485
5415,2541
5415,2553
5415,2600
5415,2615
5415,2627
5415,2634
5415,2645
5415,2661
5415,2736
5415,2738
5415,2801
5415,2913
5415,3049
5415,3051
5415,3070
5415,3074
5415,3138
5415,3160
5415,3178
5415,3189
5415,3234
5415,3279
5415,3403
5415,3445
5415,3616
5415,3623
5415,3659
5415,3721
5415,3748
5415,3882
5415,4039
5415,4071
5415,4164
5415,4347
5415,4355
5415,4371
5415,4376
5415,4384
5415,4511
5415,4536
5415,4553
5415,4570
5415,4573
5415,4578
5415,4642
5415,4771
5415,4805
5415,4827
5415,4846
5415,4946
5415,5042
5415,5048
5415,5070
5415,5108
5415,5155
5415,5194
5415,5251
5415,5258
5415,5290
5415,5344
5415,5385
5415,5398
5415,5404
5415,5510
5415,5518
5415,5531
5415,5557
5415,5612
5415,5649
5415,5707
5415,5740
5415,5764
5415,5816
5415,5833
5415,5855
5415,5878
5415,5881
5415,5888
5415,5903
5415,5937
5415,5979
5415,5982
5415,6075
5415,6078
5415,6149
5415,6183
5415,6315
5415,6342
5415,6354
5415,6414
5415,6464
5415,6475
5415,6540
5415,6562
5415,6597
5415,6702
5415,6723
5415,6775
5415,6847
5415,6848
5415,6892
5415,6907
5415,6930
5415,7003
5415,7021
5415,7091
5415,7105
5415,7166
5415,7266
5415,7289
5415,7320
5415,7374
5415,7440
5415,7448
5415,7527
5415,7534
5415,7572
5415,7573
5415,7619
5416,78
5416,206
5416,401
5416,459
5416,1313
5416,1332
5416,1694
5416,1781
5416,2022
5416,2139
5416,2369
5416,2503
5416,2842
5416,3288
5416,3350
5416,3416
5416,4515
5416,4911
5416,4981
5416,5005
5416,5113
5416,5319
5416,5607
5416,5655
5416,5681
5416,5871
5416,5954
5416,6018
5416,6220
5416,6239
5416,6273
5416,6559
5416,6865
5416,6918
5416,7249
5416,7431
5416,7484
5416,7642
5416,7645
5417,852
5417,980
5417,1036
5417,1246
5417,1745
5417,1893
5417,2222
5417,2462
5417,2739
5417,3026
5417,3573
5417,3767
5417,5501
5417,5535
5417,5743
5417,6209
5417,6293
5417,6298
5417,6358
5417,6845
5417,6851
5417,6868
5418,1662
5418,2221
5418,3762
5418,3770
5418,3826
5419,237
5419,256
5419,439
5419,520
5419,615
5419,686
5419,709
5419,1177
5419,1446
5419,2064
5419,2292
5419,3366
5419,3424
5419,3494
5419,4087
5419,4379
5419,4925
5419,4993
5419,5034
5419,5184
5419,5523
5419,5553
5419,5697
5419,5877
5419,6130
5419,6355
5419,6671
5419,6796
5419,6873
5419,7037
5419,7559
5420,20
5420,73
5420,137
5420,305
5420,456
5420,466
5420,551
5420,803
5420,881
5420,1185
5420,1831
5420,1958
5420,2071
5420,2113
5420,2164
5420,2332
5420,2663
5420,2839
5420,3199
5420,3359
5420,3664
5420,3698
5420,3832
5420,4406
5420,4479
5420,4523
5420,4735
5420,5513
5420,5650
5420,6001
5420,6078
5420,6395
5420,6452
5420,6545
5420,6737
5420,6828
5420,7305
5420,7330
5420,7468
5421,120
5421,409
5421,550
5421,615
5421,773
5421,997
5421,1055
5421,1303
5421,1438
5421,1533
5421,1675
5421,1823
5421,2109
5421,2196
5421,2439
5421,2534
5421,2850
5421,3041
5421,3366
5421,3375
5421,3474
5421,3601
5421,3684
5421,3788
5421,3988
5421,4088
5421,4144
5421,4613
5421,4896
5421,4993
5421,5429
5421,5537
5421,5934
5421,6423
5421,6428
5421,6681
5421,6718
5421,7009
5421,7011
5421,7037
5421,7165
5421,7530
5422,86
5422,586
5422,807
5422,1029
5422,1132
5422,1275
5422,1870
5422,1906
5422,1932
5422,1950
5422,2121
5422,2214
5422,2218
5422,2254
5422,2524
5422,2695
5422,2978
5422,3496
5422,3674
5422,4078
5422,4234
5422,4518
5422,4783
5422,4922
5422,5172
5422,5456
5422,5458
5422,5680
5422,6244
5422,6245
5422,6460
5422,6536
5422,6647
5422,7045
5422,7175
5422,7360
5422,7583
5423,197
5423,202
5423,1906
5423,2077
5423,2524
5423,2695
5423,3239
5423,4628
5423,4906
5423,4922
5423,5014
5423,5506
5423,5633
5423,6433
5423,6501
5423,6549
5423,6647
5423,7175
5424,6332
5424,6655
5424,6897
5425,2016
5425,2570
5425,2863
5425,3260
5425,3793
5425,4376
5425,4654
5425,5574
5425,6071
5426,378
5426,401
5426,2022
5426,2050
5426,2503
5426,2737
5426,3652
5426,4052
5426,4298
5426,4515
5426,4598
5426,5431
5426,6218
5426,6858
5426,6865
5426,7515
5427,7
5427,247
5427,464
5427,935
5427,1895
5427,2180
5427,2321
5427,2504
5427,2957
5427,3057
5427,3204
5427,3315
5427,3489
5427,3843
5427,4035
5427,4133
5427,4265
5427,4648
5427,5147
5427,5600
5427,5755
5427,5995
5427,6607
5427,6763
5427,6891
5427,6894
5428,438
5428,526
5428,2111
5428,2216
5428,2904
5428,3078
5428,3725
5428,4116
5428,4754
5428,4805
5428,5063
5428,5170
5428,5335
5428,6458
5428,6481
5428,6569
5428,6655
5428,6834
5428,6909
5428,7250
5429,595
5429,602
5429,656
5429,884
5429,932
5429,1021
5429,1065
5429,1237
5429,1256
5429,1737
5429,1791
5429,1868
5429,1920
5429,2133
5429,2318
5429,2391
5429,3163
5429,3231
5429,3879
5429,4208
5429,4237
5429,4512
5429,5140
5429,5163
5429,5421
5429,5439
5429,5515
5429,6090
5429,6113
5429,6635
5429,6935
5429,7141
5429,7275
5429,7285
5429,7460
5429,7491
5430,2550
5430,2705
5430,4628
5430,5519
5430,7438
5431,378
5431,825
5431,842
5431,1742
5431,1799
5431,1865
5431,2022
5431,2050
5431,2503
5431,2737
5431,3652
5431,3797
5431,3940
5431,4052
5431,4298
5431,4425
5431,4515
5431,4721
5431,4901
5431,4911
5431,4981
5431,5426
5431,5831
5431,5871
5431,6218
5431,6239
5431,6858
5431,6865
5431,6919
5431,7515
5431,7642
5431,7645
5432,745
5432,1065
5432,1537
5432,1804
5432,1923
5432,2790
5432,3258
5432,4937
5432,5153
5432,6130
5432,6652
5432,6806
5432,7291
5432,7404
5432,7530
5433,1
5433,40
5433,143
5433,456
5433,834
5433,881
5433,1185
5433,1429
5433,1872
5433,1904
5433,2113
5433,2415
5433,2738
5433,2795
5433,3179
5433,3339
5433,3382
5433,4031
5433,4033
5433,4173
5433,4294
5433,4735
5433,4940
5433,5181
5433,6119
5433,6369
5433,6379
5433,6452
5433,6572
5433,6683
5433,6777
5433,7032
5433,7550
5434,21
5434,681
5434,734
5434,845
5434,1035
5434,1049
5434,1588
5434,2100
5434,2282
5434,2976
5434,3094
5434,3175
5434,3227
5434,3292
5434,3735
5434,4209
5434,4275
5434,4429
5434,4689
5434,4997
5434,5548
5434,5582
5434,5684
5434,6169
5434,6205
5434,6324
5434,6514
5434,6768
5434,6979
5434,7532
5434,7575
5434,7620
5435,215
5435,990
5435,1442
5435,1520
5435,1660
5435,1821
5435,2363
5435,2624
5435,2894
5435,3567
5435,3612
5435,4009
5435,4227
5435,4230
5435,4602
5435,4989
5435,5280
5435,5761
5435,5893
5435,5924
5435,6309
5435,6437
5435,6675
5435,6960
5435,7000
5435,7113
5435,7518
5435,7546
5436,324
5436,1609
5436,1743
5436,2256
5436,2860
5436,3021
5436,4883
5436,4938
5436,5250
5436,5848
5436,6250
5436,6372
5436,6670
5436,6965
5437,28
5437,36
5437,403
5437,485
5437,536
5437,920
5437,966
5437,1111
5437,1182
5437,1253
5437,1280
5437,1429
5437,1457
5437,1579
5437,1633
5437,1643
5437,1930
5437,2163
5437,2244
5437,2286
5437,2561
5437,2581
5437,2740
5437,2746
5437,2804
5437,3035
5437,3271
5437,3403
5437,3419
5437,4033
5437,4100
5437,4152
5437,4390
5437,5114
5437,5209
5437,5343
5437,5364
5437,5496
5437,5615
5437,5708
5437,5843
5437,6237
5437,6572
5437,6600
5437,6696
5437,6807
5437,6852
5437,7351
5438,3003
5438,4384
5438,4871
5439,581
5439,595
5439,824
5439,932
5439,1021
5439,1099
5439,1115
5439,1237
5439,1455
5439,1762
5439,1923
5439,2064
5439,2318
5439,2388
5439,2391
5439,2528
5439,2538
5439,2943
5439,2949
5439,3361
5439,3572
5439,3963
5439,4237
5439,4399
5439,4861
5439,4924
5439,4925
5439,5124
5439,5131
5439,5163
5439,5279
5439,5429
5439,6113
5439,6130
5439,6221
5439,6247
5439,6347
5439,6550
5439,6993
5439,7404
5439,7460
5439,7544
5440,549
5440,878
5440,1385
5440,1625
5440,1773
5440,1943
5440,2315
5440,2416
5440,2422
5440,3154
5440,3267
5440,3327
5440,4867
5440,5358
5440,5671
5440,5894
5440,6436
5440,6556
5440,7281
5441,24
5441,366
5441,593
5441,622
5441,811
5441,1186
5441,1294
5441,1351
5441,1744
5441,1797
5441,2432
5441,2485
5441,2598
5441,2628
5441,2634
5441,2637
5441,2649
5441,2689
5441,3051
5441,3081
5441,3138
5441,3185
5441,3439
5441,3445
5441,3623
5441,3683
5441,3704
5441,3720
5441,3721
5441,3987
5441,4023
5441,5328
5441,5495
5441,5734
5441,5769
5441,5780
5441,5853
5441,5904
5441,5979
5441,5982
5441,6330
5441,6414
5441,6475
5441,6526
5441,6702
5442,26
5442,383
5442,593
5442,816
5442,1347
5442,1418
5442,1591
5442,1899
5442,2194
5442,2685
5442,2778
5442,2871
5442,3123
5442,3133
5442,3185
5442,3243
5442,3247
5442,3294
5442,4217
5442,5133
5442,5293
5442,5302
5442,6175
5442,6790
5442,7119
5442,7276
5443,327
5443,1201
5443,1635
5443,1789
5443,2693
5443,2747
5443,2936
5443,3917
5443,4749
5443,6267
5443,7148
5444,563
5444,602
5444,741
5444,871
5444,884
5444,1146
5444,1824
5444,2064
5444,2426
5444,2480
5444,3151
5444,3494
5444,4899
5444,5094
5444,5283
5444,5361
5444,5773
5444,5877
5444,6130
5444,6623
5444,6712
5444,7065
5444,7271
5444,7615
5445,28
5445,162
5445,305
5445,526
5445,1563
5445,1586
5445,1969
5445,2198
5445,2239
5445,2529
5445,2565
5445,2663
5445,2751
5445,2904
5445,3510
5445,3698
5445,3716
5445,3742
5445,4015
5445,4067
5445,4092
5445,4116
5445,4422
5445,4433
5445,4479
5445,4805
5445,5305
5445,5614
5445,5772
5445,6411
5445,6451
5445,6569
5445,6909
5445,7196
5445,7250
5445,7305
5446,123
5446,448
5446,1284
5446,2215
5446,3311
5446,4384
5446,6409
5446,6811
5446,7143
5446,7252
5447,835
5447,1915
5447,1956
5447,2066
5447,3433
5447,4542
5447,5213
5447,5307
5448,57
5448,275
5448,316
5448,328
5448,463
5448,516
5448,570
5448,749
5448,787
5448,801
5448,806
5448,828
5448,882
5448,1122
5448,1360
5448,1391
5448,1504
5448,1583
5448,1696
5448,1759
5448,1947
5448,1969
5448,1983
5448,2090
5448,2103
5448,2134
5448,2189
5448,2260
5448,2281
5448,2446
5448,2474
5448,2635
5448,2728
5448,2768
5448,3090
5448,3272
5448,3324
5448,3528
5448,3543
5448,3565
5448,3597
5448,3649
5448,3663
5448,3714
5448,3820
5448,3874
5448,4034
5448,4142
5448,4264
5448,4281
5448,4548
5448,4583
5448,4614
5448,4667
5448,4759
5448,4881
5448,5272
5448,5555
5448,5602
5448,5662
5448,5828
5448,5849
5448,5906
5448,6212
5448,6257
5448,6363
5448,6383
5448,6534
5448,6765
5448,6771
5448,7013
5448,7061
5448,7144
5448,7272
5448,7407
5448,7555
5450,2242
5450,3200
5450,3497
5450,4299
5450,4370
5450,4794
5450,6529
5450,7429
5451,1759
5451,2037
5451,2260
5451,2281
5451,2357
5451,2557
5451,2643
5451,3528
5451,3575
5451,4666
5451,6104
5451,6679
5451,7255
5451,7566
5452,75
5452,881
5452,1215
5452,1603
5452,2043
5452,2198
5452,2239
5452,3689
5452,4091
5452,4384
5452,7072
5452,7102
5452,7171
5452,7330
5452,7357
5453,1645
5453,4116
5453,5064
5453,5544
5453,6388
5454,108
5454,137
5454,160
5454,394
5454,456
5454,545
5454,549
5454,627
5454,649
5454,650
5454,704
5454,765
5454,893
5454,918
5454,1130
5454,1175
5454,1280
5454,1295
5454,1403
5454,1429
5454,1534
5454,1541
5454,1650
5454,1710
5454,1751
5454,1924
5454,2014
5454,2052
5454,2165
5454,2344
5454,2422
5454,2644
5454,2727
5454,2799
5454,2803
5454,3159
5454,3300
5454,3327
5454,3528
5454,3698
5454,3729
5454,3819
5454,3869
5454,3914
5454,4015
5454,4428
5454,4507
5454,4582
5454,4665
5454,4775
5454,4891
5454,4906
5454,5265
5454,5314
5454,5400
5454,5519
5454,5539
5454,5616
5454,5617
5454,5638
5454,5702
5454,5723
5454,5857
5454,6031
5454,6241
5454,6340
5454,6493
5454,6572
5454,6606
5454,6807
5454,6910
5454,6911
5454,7190
5454,7334
5454,7390
5454,7442
5454,7482
5454,7566
5455,18
5455,113
5455,116
5455,123
5455,143
5455,266
5455,287
5455,304
5455,308
5455,321
5455,380
5455,495
5455,501
5455,551
5455,552
5455,576
5455,723
5455,766
5455,858
5455,905
5455,945
5455,953
5455,973
5455,1014
5455,1069
5455,1089
5455,1214
5455,1268
5455,1284
5455,1333
5455,1339
5455,1418
5455,1432
5455,1453
5455,1472
5455,1494
5455,1546
5455,1572
5455,1619
5455,1673
5455,1682
5455,1695
5455,1753
5455,1794
5455,1802
5455,1854
5455,1966
5455,1999
5455,2011
5455,2055
5455,2143
5455,2198
5455,2258
5455,2310
5455,2368
5455,2427
5455,2518
5455,2522
5455,2763
5455,2765
5455,2816
5455,2913
5455,2977
5455,3049
5455,3050
5455,3118
5455,3177
5455,3178
5455,3203
5455,3311
5455,3330
5455,3334
5455,3370
5455,3468
5455,3469
5455,3578
5455,3671
5455,3672
5455,3866
5455,3887
5455,3895
5455,3922
5455,3948
5455,4037
5455,4042
5455,4097
5455,4164
5455,4301
5455,4324
5455,4358
5455,4384
5455,4490
5455,4562
5455,4680
5455,4890
5455,4919
5455,5022
5455,5082
5455,5116
5455,5132
5455,5143
5455,5145
5455,5203
5455,5223
5455,5286
5455,5287
5455,5296
5455,5378
5455,5386
5455,5459
5455,5505
5455,5676
5455,5865
5455,5888
5455,5941
5455,5948
5455,5952
5455,5962
5455,5998
5455,6001
5455,6098
5455,6193
5455,6211
5455,6308
5455,6448
5455,6537
5455,6660
5455,6688
5455,6705
5455,6815
5455,6954
5455,6961
5455,6980
5455,6984
5455,7005
5455,7022
5455,7032
5455,7046
5455,7079
5455,7096
5455,7151
5455,7226
5455,7269
5455,7280
5455,7331
5455,7349
5455,7446
5455,7612
5455,7632
5456,111
5456,160
5456,1252
5456,1290
5456,1950
5456,2135
5456,2416
5456,2695
5456,2880
5456,4094
5456,4913
5456,5065
5456,5318
5456,5388
5456,5422
5456,6501
5456,6821
5456,6888
5456,7498
5457,668
5457,1629
5457,2497
5458,621
5458,668
5458,1385
5458,1386
5458,1950
5458,2583
5458,2585
5458,3524
5458,3705
5458,3824
5458,3942
5458,4518
5458,4705
5458,4867
5458,4878
5458,5026
5458,5172
5458,5422
5458,5535
5458,5680
5458,5894
5458,6314
5458,6318
5458,6460
5458,6493
5458,6516
5458,6886
5459,495
5459,1058
5459,1113
5459,1414
5459,1575
5459,1862
5459,2198
5459,2239
5459,2370
5459,2573
5459,2913
5459,3049
5459,3311
5459,3672
5459,3748
5459,3887
5459,4054
5459,4080
5459,4164
5459,4376
5459,4384
5459,4466
5459,4805
5459,5037
5459,5132
5459,5171
5459,5194
5459,5286
5459,5404
5459,5455
5459,5707
5459,6618
5459,7067
5459,7612
5460,2149
5460,3004
5460,4116
5460,4462
5460,4687
5460,4887
5460,5071
5460,5741
5460,6513
5461,40
5461,73
5461,456
5461,471
5461,1076
5461,1347
5461,1353
5461,1457
5461,1472
5461,1563
5461,1610
5461,1666
5461,1714
5461,1831
5461,1904
5461,1930
5461,2565
5461,2795
5461,2871
5461,2941
5461,3310
5461,3339
5461,3698
5461,4033
5461,4173
5461,4294
5461,4386
5461,5181
5461,5661
5461,6331
5461,6572
5461,6726
5461,7365
5461,7406
5461,7550
5461,7633
5462,3175
5462,4291
5462,5558
5462,7450
5462,7620
5463,593
5463,1058
5463,1210
5463,1415
5463,1421
5463,2106
5463,2198
5463,2370
5463,2377
5463,2814
5463,3277
5463,3408
5463,3748
5463,4164
5463,4184
5463,4253
5463,4680
5463,4806
5463,5296
5463,5404
5463,5641
5463,5707
5463,5816
5463,5937
5463,6551
5463,6707
5463,7582
5463,7607
5464,85
5464,551
5464,839
5464,881
5464,1612
5464,2043
5464,2113
5464,2143
5464,2194
5464,2299
5464,2765
5464,2911
5464,2993
5464,3037
5464,3330
5464,3370
5464,3503
5464,3607
5464,3895
5464,4037
5464,4076
5464,4097
5464,4185
5464,4228
5464,4384
5464,4469
5464,4490
5464,4584
5464,4952
5464,5650
5464,6001
5464,6395
5464,6412
5464,6551
5464,6660
5464,6981
5464,7067
5464,7330
5465,216
5465,324
5465,412
5465,749
5465,767
5465,850
5465,1157
5465,1412
5465,1531
5465,1609
5465,1648
5465,1743
5465,1977
5465,2090
5465,2250
5465,2508
5465,2516
5465,2849
5465,2860
5465,3116
5465,3316
5465,3523
5465,3811
5465,3830
5465,4412
5465,4566
5465,4667
5465,4883
5465,4949
5465,4960
5465,5028
5465,5069
5465,5250
5465,5272
5465,5602
5465,5848
5465,5879
5465,6213
5465,6250
5465,6363
5465,6372
5465,6532
5465,6670
5465,6765
5465,6840
5465,6965
5465,7073
5465,7086
5465,7122
5465,7238
5466,67
5466,93
5466,150
5466,373
5466,650
5466,872
5466,1107
5466,1773
5466,1832
5466,2136
5466,2315
5466,2830
5466,2875
5466,3154
5466,3186
5466,3233
5466,3267
5466,3396
5466,3622
5466,4328
5466,4346
5466,4501
5466,4533
5466,4665
5466,4698
5466,5026
5466,5338
5466,5358
5466,5583
5466,5644
5466,5723
5466,5918
5466,6504
5466,6556
5466,6817
5466,6821
5466,6991
5466,7019
5466,7224
5466,7281
5466,7286
5467,20
5467,40
5467,73
5467,137
5467,162
5467,305
5467,551
5467,803
5467,919
5467,1707
5467,1831
5467,1877
5467,1910
5467,1958
5467,2071
5467,2164
5467,2248
5467,3042
5467,3199
5467,3212
5467,3698
5467,4055
5467,4141
5467,4309
5467,4330
5467,4479
5467,5346
5467,5375
5467,5397
5467,5511
5467,5513
5467,5614
5467,6001
5467,6078
5467,6395
5467,6494
5467,6815
5467,6828
5467,7305
5467,7445
5468,260
5468,593
5468,706
5468,727
5468,951
5468,1067
5468,1415
5468,1453
5468,1513
5468,2115
5468,2198
5468,2370
5468,2571
5468,2981
5468,3693
5468,3698
5468,3748
5468,4067
5468,4080
5468,4164
5468,4210
5468,4212
5468,4376
5468,4608
5468,4768
5468,4805
5468,4806
5468,5070
5468,5234
5468,5404
5468,5816
5468,5881
5468,6492
5468,6551
5468,6673
5468,6702
5468,6707
5468,7003
5468,7070
5468,7091
5468,7568
5468,7572
5468,7582
5469,24
5469,319
5469,593
5469,1513
5469,2198
5469,2239
5469,2689
5469,3428
5469,3893
5469,3946
5469,4127
5469,4380
5469,4522
5469,4641
5469,5006
5469,5050
5469,6183
5469,6330
5469,6702
5469,7150
5469,7247
5469,7395
5470,446
5470,452
5470,552
5470,593
5470,1058
5470,1472
5470,1744
5470,1999
5470,2081
5470,2198
5470,2738
5470,4119
5470,4376
5470,4805
5470,5881
5470,6158
5470,6409
5470,6638
5470,6702
5470,7003
5470,7296
5471,607
5471,616
5471,762
5471,1178
5471,1513
5471,1544
5471,1634
5471,1959
5471,2106
5471,2183
5471,2239
5471,2571
5471,3152
5471,3183
5471,3408
5471,3428
5471,3459
5471,4080
5471,4091
5471,4384
5471,4420
5471,4768
5471,4806
5471,4952
5471,5042
5471,5070
5471,5222
5471,5404
5471,5649
5471,5689
5471,5881
5471,6039
5471,6121
5471,6462
5471,6551
5471,6618
5471,6702
5471,6920
5471,7296
5471,7535
5471,7582
5471,7607
5473,347
5473,3661
5473,5699
5473,7232
5473,7620
5474,40
5474,143
5474,248
5474,456
5474,680
5474,1185
5474,1872
5474,1975
5474,2239
5474,2415
5474,2438
5474,2586
5474,2795
5474,3207
5474,3277
5474,3339
5474,3532
5474,3856
5474,3888
5474,3889
5474,3931
5474,3983
5474,4029
5474,4031
5474,4154
5474,4373
5474,4522
5474,4565
5474,4940
5474,4987
5474,5022
5474,5181
5474,6210
5474,6379
5474,6403
5474,6604
5474,7020
5474,7032
5474,7290
5474,7330
5474,7510
5474,7524
5475,384
5475,891
5475,912
5475,1386
5476,481
5476,561
5476,746
5476,1646
5476,4151
5476,4244
5476,4252
5476,4663
5476,4884
5476,5072
5476,5974
5476,6222
5476,6488
5476,6625
5476,7383
5476,7463
5476,7598
5477,1207
5477,1307
5477,1352
5477,1398
5477,1405
5477,1606
5477,1793
5477,1968
5477,2085
5477,2242
5477,2502
5477,2942
5477,3033
5477,3200
5477,3390
5477,3505
5477,3519
5477,3694
5477,4079
5477,4299
5477,4339
5477,5096
5477,5342
5477,5621
5477,5905
5477,5956
5477,6023
5477,6080
5477,6150
5477,6285
5477,6543
5477,6903
5477,7002
5477,7138
5477,7199
5477,7425
5478,881
5478,4422
5478,4710
5478,4952
5478,7330
5478,7599
5479,354
5479,452
5479,1576
5479,4119
5479,4331
5479,5388
5479,6158
5480,120
5480,423
5480,447
5480,581
5480,745
5480,932
5480,1003
5480,1234
5480,1237
5480,1256
5480,1326
5480,1400
5480,2362
5480,2399
5480,2456
5480,2528
5480,2877
5480,3084
5480,3361
5480,3431
5480,3569
5480,3850
5480,4237
5480,4399
5480,4443
5480,4647
5480,4655
5480,4974
5480,5163
5480,5762
5480,5927
5480,6138
5480,7388
5481,1207
5481,2942
5481,3519
5481,4339
5481,6543
5481,7002
5481,7425
5482,630
5482,1503
5482,2077
5482,2436
5482,3495
5482,4906
5482,6433
5483,162
5483,363
5483,751
5483,1158
5483,1961
5483,2304
5483,2996
5483,3101
5483,3507
5483,3600
5483,3716
5483,3802
5483,4187
5483,4318
5483,4440
5483,6586
5483,6783
5483,7038
5483,7184
5484,274
5484,675
5484,835
5484,1302
5484,1413
5484,2161
5484,2177
5484,2198
5484,2239
5484,2295
5484,2385
5484,2686
5484,2689
5484,2760
5484,2927
5484,2928
5484,3113
5484,3369
5484,3554
5484,3578
5484,3817
5484,3989
5484,4344
5484,4489
5484,4685
5484,4805
5484,5123
5484,5354
5484,5487
5484,5664
5484,5895
5484,6444
5484,6929
5484,7305
5484,7467
5484,7518
5485,495
5485,1058
5485,1284
5485,1667
5485,2198
5485,3578
5485,4194
5485,4376
5485,5079
5485,7553
5486,9
5486,128
5486,252
5486,564
5486,796
5486,908
5486,1300
5486,1358
5486,1435
5486,1550
5486,2027
5486,2044
5486,2094
5486,2096
5486,2263
5486,2378
5486,2707
5486,2944
5486,3161
5486,3365
5486,3418
5486,3478
5486,3484
5486,3555
5486,3706
5486,4277
5486,4327
5486,4430
5486,4769
5486,4882
5486,5118
5486,5192
5486,5625
5486,5636
5486,5933
5486,6162
5486,6555
5486,6955
5486,7094
5486,7235
5486,7393
5487,3578
5487,3817
5487,4805
5487,5484
5487,5634
5487,5664
5487,7467
5488,183
5488,534
5488,593
5488,1744
5488,2198
5488,2553
5488,3051
5488,3274
5488,3648
5488,3720
5488,4023
5488,4538
5488,4590
5488,4941
5488,5359
5488,5734
5488,5744
5488,5979
5488,6361
5488,6414
5488,6673
5488,6702
5488,6847
5488,6978
5488,7477
5489,147
5489,481
5489,561
5489,685
5489,688
5489,746
5489,782
5489,943
5489,1223
5489,1466
5489,1509
5489,1562
5489,1646
5489,1917
5489,2073
5489,2395
5489,2491
5489,2499
5489,2843
5489,2853
5489,2983
5489,3180
5489,3211
5489,3452
5489,3479
5489,3733
5489,4117
5489,4151
5489,4244
5489,4353
5489,4411
5489,4478
5489,4491
5489,4564
5489,4663
5489,4711
5489,4884
5489,4921
5489,5016
5489,5072
5489,5230
5489,5405
5489,5609
5489,5718
5489,5896
5489,5972
5489,5974
5489,6103
5489,6106
5489,6168
5489,6222
5489,6227
5489,6311
5489,6488
5489,6609
5489,6625
5489,6924
5489,7218
5489,7324
5489,7383
5489,7444
5489,7489
5489,7598
5490,85
5490,260
5490,540
5490,552
5490,584
5490,593
5490,789
5490,839
5490,942
5490,1058
5490,1178
5490,1210
5490,1254
5490,1268
5490,1293
5490,1330
5490,1368
5490,1415
5490,1840
5490,1862
5490,2129
5490,2198
5490,2370
5490,2377
5490,2913
5490,3183
5490,3538
5490,3698
5490,3748
5490,3895
5490,4080
5490,4164
5490,4376
5490,4384
5490,4806
5490,5132
5490,5194
5490,5222
5490,5296
5490,5404
5490,5556
5490,5641
5490,5707
5490,5740
5490,5816
5490,5881
5490,6039
5490,6047
5490,6400
5490,6618
5490,7572
5490,7582
5491,38
5491,453
5491,779
5491,1459
5491,1558
5491,1706
5491,2189
5491,2552
5491,3570
5491,5662
5491,6275
5491,7368
5492,4376
5492,4915
5492,6536
5493,258
5493,593
5493,774
5493,811
5493,1186
5493,1467
5493,1628
5493,1744
5493,1838
5493,1899
5493,2123
5493,2206
5493,2553
5493,2628
5493,2649
5493,3051
5493,3081
5493,3138
5493,3185
5493,3623
5493,3704
5493,4074
5493,4211
5493,4241
5493,4578
5493,4812
5493,5037
5493,5077
5493,5362
5493,5518
5493,5543
5493,5734
5493,5853
5493,5904
5493,5979
5493,6077
5493,6183
5493,6381
5493,6414
5493,6526
5493,6669
5493,6688
5493,6702
5493,6907
5493,6968
5493,7003
5493,7170
5493,7215
5494,3387
5494,4172
5494,6905
5494,6908
5494,7057
5494,7169
5495,319
5495,593
5495,622
5495,1351
5495,1467
5495,1663
5495,1744
5495,2102
5495,2198
5495,2239
5495,2738
5495,3946
5495,4127
5495,4380
5495,4578
5495,4641
5495,5050
5495,5199
5495,5290
5495,5404
5495,5441
5495,5606
5495,5799
5495,6315
5495,6551
5495,6678
5495,6702
5495,6707
5495,7247
5495,7395
5495,7607
5496,28
5496,72
5496,105
5496,306
5496,403
5496,536
5496,756
5496,931
5496,966
5496,1182
5496,1280
5496,1470
5496,1627
5496,1633
5496,1643
5496,1744
5496,1797
5496,2045
5496,2239
5496,2286
5496,2561
5496,2740
5496,2746
5496,2960
5496,3035
5496,3049
5496,3577
5496,3916
5496,3928
5496,4015
5496,4390
5496,4805
5496,4810
5496,4854
5496,4906
5496,5114
5496,5343
5496,5364
5496,5437
5496,5615
5496,5734
5496,5843
5496,5963
5496,6338
5496,6600
5496,6702
5496,6807
5496,7351
5496,7430
5497,537
5497,767
5497,2250
5497,2609
5497,3006
5497,3090
5497,3825
5497,4236
5497,4281
5497,4566
5497,5164
5497,5825
5497,6383
5497,6465
5497,6913
5497,7013
5497,7014
5497,7407
5498,28
5498,485
5498,750
5498,751
5498,1045
5498,1905
5498,3928
5498,4959
5498,5191
5498,5843
5498,6450
5498,6593
5498,6722
5499,87
5499,634
5499,1261
5499,2527
5499,2593
5499,2613
5499,2864
5499,2962
5499,2992
5499,3176
5499,3485
5499,3709
5499,4910
5499,5183
5499,6142
5499,6548
5499,6721
5499,6861
5499,7087
5499,7267
5500,28
5500,36
5500,456
5500,920
5500,1185
5500,1280
5500,1417
5500,1429
5500,2070
5500,2163
5500,2220
5500,2244
5500,2738
5500,2795
5500,2804
5500,3054
5500,3271
5500,3277
5500,3579
5500,3834
5500,3856
5500,3916
5500,4033
5500,4100
5500,4854
5500,5209
5500,5364
5500,5504
5500,5708
5500,5791
5500,6015
5500,6237
5500,6282
5500,6807
5500,6852
5500,7364
5500,7561
5501,30
5501,1496
5501,2162
5501,2293
5501,2978
5501,3014
5501,3141
5501,3176
5501,3767
5501,4501
5501,4757
5501,5417
5501,5986
5501,6209
5501,6277
5501,6986
5501,7200
5502,1961
5502,3499
5502,5156
5503,1189
5503,1603
5503,1767
5503,2871
5503,4386
5503,4729
5503,6632
5503,7032
5503,7072
5504,72
5504,75
5504,217
5504,248
5504,262
5504,403
5504,456
5504,461
5504,471
5504,474
5504,526
5504,536
5504,670
5504,756
5504,964
5504,1034
5504,1139
5504,1228
5504,1379
5504,1409
5504,1429
5504,1472
5504,1585
5504,1603
5504,1757
5504,1777
5504,1911
5504,2062
5504,2070
5504,2084
5504,2111
5504,2198
5504,2239
5504,2447
5504,2527
5504,2738
5504,2761
5504,2801
5504,3049
5504,3179
5504,3224
5504,3359
5504,3578
5504,3585
5504,3677
5504,3698
5504,3849
5504,3916
5504,4098
5504,4259
5504,4356
5504,4376
5504,4390
5504,4731
5504,4745
5504,4805
5504,5001
5504,5321
5504,5364
5504,5500
5504,5530
5504,5664
5504,5674
5504,5843
5504,5864
5504,5997
5504,6079
5504,6176
5504,6338
5504,6403
5504,6572
5504,6761
5504,6784
5504,6878
5504,6947
5504,6994
5504,7250
5504,7266
5504,7293
5504,7305
5504,7359
5504,7369
5504,7409
5504,7467
5504,7589
5505,91
5505,495
5505,766
5505,975
5505,1058
5505,1337
5505,1339
5505,1377
5505,2198
5505,2239
5505,2354
5505,2372
5505,2418
5505,2425
5505,2522
5505,3152
5505,3223
5505,3277
5505,3518
5505,3578
5505,3695
5505,4358
5505,5179
5505,5404
5505,5455
5505,5941
5505,5943
5505,5948
5505,5949
5505,6028
5505,6029
5505,6098
5505,6235
5505,6309
5505,6841
5505,7114
5505,7330
5506,70
5506,165
5506,181
5506,223
5506,428
5506,429
5506,454
5506,784
5506,807
5506,889
5506,918
5506,1078
5506,1252
5506,1255
5506,1270
5506,1275
5506,1353
5506,1386
5506,1480
5506,2036
5506,2179
5506,2416
5506,2809
5506,3339
5506,3496
5506,3566
5506,3645
5506,3763
5506,3770
5506,3969
5506,4170
5506,4255
5506,4922
5506,4926
5506,5400
5506,5423
5506,5550
5506,5566
5506,5910
5506,6005
5506,6521
5506,6590
5506,6757
5506,7045
5506,7482
5506,7498
5506,7550
5507,85
5507,260
5507,304
5507,593
5507,789
5507,795
5507,942
5507,1058
5507,1210
5507,1268
5507,1284
5507,1357
5507,1368
5507,1415
5507,1430
5507,1453
5507,1575
5507,1862
5507,2239
5507,2370
5507,2441
5507,2587
5507,2620
5507,2911
5507,3183
5507,3311
5507,3671
5507,3693
5507,3698
5507,3895
5507,4037
5507,4164
5507,4376
5507,4384
5507,5037
5507,5070
5507,5132
5507,5222
5507,5296
5507,5404
5507,5816
5507,6098
5507,6242
5507,6551
5507,6618
5507,6707
5507,6760
5507,6961
5507,7067
5507,7320
5507,7572
5507,7582
5507,7603
5507,7612
5508,1284
5508,2198
5508,3015
5508,3330
5508,3866
5508,3895
5508,4384
5508,7067
5509,10
5509,349
5509,605
5509,1041
5509,1264
5509,1736
5509,1881
5509,1980
5509,2337
5509,2419
5509,2435
5509,2623
5509,3583
5509,3678
5509,3749
5509,4509
5509,4723
5509,4829
5509,4905
5509,5110
5509,5929
5509,6046
5509,6357
5509,6557
5509,7308
5509,7348
5509,7437
5509,7513
5510,89
5510,568
5510,593
5510,1377
5510,2239
5510,2510
5510,3183
5510,3359
5510,3364
5510,3532
5510,3844
5510,4164
5510,4267
5510,4384
5510,4680
5510,4865
5510,5404
5510,5415
5510,5707
5510,5816
5510,7395
5511,107
5511,495
5511,1064
5511,1189
5511,1409
5511,1707
5511,1894
5511,2143
5511,2258
5511,2588
5511,2964
5511,3532
5511,3643
5511,3726
5511,4062
5511,4186
5511,4259
5511,4302
5511,4376
5511,4422
5511,4784
5511,4797
5511,5012
5511,5467
5511,6301
5511,7007
5511,7128
5511,7445
5512,412
5512,649
5512,749
5512,787
5512,1037
5512,1054
5512,1243
5512,1360
5512,1364
5512,1531
5512,1583
5512,1732
5512,2250
5512,2260
5512,2603
5512,2609
5512,2754
5512,2822
5512,2861
5512,3006
5512,3090
5512,3324
5512,3523
5512,3565
5512,3825
5512,4056
5512,4236
5512,4375
5512,4412
5512,4496
5512,4758
5512,4759
5512,4960
5512,5164
5512,6143
5512,6164
5512,6257
5512,6383
5512,6416
5512,6520
5512,6557
5512,6881
5512,6913
5512,7013
5512,7014
5512,7144
5512,7241
5512,7407
5513,73
5513,85
5513,212
5513,466
5513,551
5513,584
5513,919
5513,1196
5513,1293
5513,1707
5513,1810
5513,1961
5513,2215
5513,2377
5513,2883
5513,2993
5513,3183
5513,3203
5513,3538
5513,3559
5513,3895
5513,3944
5513,4223
5513,4384
5513,4987
5513,5082
5513,5296
5513,5420
5513,5467
5513,5614
5513,5650
5513,6001
5513,6395
5513,6411
5513,6412
5513,6511
5513,6733
5513,6828
5513,7102
5513,7196
5513,7269
5513,7296
5514,1503
5514,2077
5514,3495
5514,4007
5514,4646
5514,5288
5514,6433
5514,7081
5515,315
5515,595
5515,667
5515,745
5515,817
5515,884
5515,982
5515,1065
5515,1567
5515,1762
5515,1804
5515,2064
5515,2168
5515,2196
5515,3684
5515,3988
5515,4088
5515,4208
5515,4382
5515,4615
5515,4849
5515,5100
5515,5429
5515,5827
5515,5867
5515,5934
5515,6130
5515,6138
5515,6221
5515,6247
5515,6396
5515,6423
5515,6667
5515,6993
5515,7009
5515,7291
5515,7461
5516,1200
5516,1451
5516,2167
5516,2429
5516,3192
5516,3200
5516,3971
5516,4134
5516,4374
5516,4597
5516,4652
5516,4815
5516,4929
5516,6167
5516,6248
5516,6809
5516,6862
5516,7199
5516,7439
5517,148
5517,364
5517,1255
5517,1385
5517,1480
5517,3159
5517,3525
5517,4867
5517,4922
5517,4994
5517,5910
5517,6433
5517,6509
5517,6757
5518,23
5518,77
5518,98
5518,169
5518,258
5518,261
5518,267
5518,304
5518,309
5518,319
5518,369
5518,383
5518,455
5518,484
5518,522
5518,593
5518,633
5518,710
5518,712
5518,811
5518,868
5518,1058
5518,1100
5518,1206
5518,1210
5518,1222
5518,1415
5518,1513
5518,1569
5518,1663
5518,1684
5518,1798
5518,1838
5518,1908
5518,2060
5518,2102
5518,2198
5518,2239
5518,2336
5518,2553
5518,2649
5518,2868
5518,2981
5518,3020
5518,3049
5518,3051
5518,3185
5518,3235
5518,3363
5518,3713
5518,3748
5518,3799
5518,3858
5518,3946
5518,3951
5518,4023
5518,4074
5518,4127
5518,4210
5518,4257
5518,4376
5518,4380
5518,4578
5518,4630
5518,4641
5518,4642
5518,4669
5518,4805
5518,4816
5518,4895
5518,4954
5518,5006
5518,5054
5518,5132
5518,5139
5518,5199
5518,5231
5518,5234
5518,5241
5518,5255
5518,5293
5518,5324
5518,5372
5518,5399
5518,5415
5518,5493
5518,5584
5518,5669
5518,5679
5518,5734
5518,5756
5518,5881
5518,5979
5518,6098
5518,6183
5518,6345
5518,6412
5518,6414
5518,6492
5518,6526
5518,6551
5518,6673
5518,6678
5518,6692
5518,6702
5518,6707
5518,6759
5518,6787
5518,6968
5518,7003
5518,7103
5518,7164
5518,7280
5518,7311
5518,7346
5518,7353
5518,7395
5518,7464
5518,7477
5519,1164
5519,1181
5519,3960
5519,5430
5519,5454
5519,7620
5520,1044
5520,1964
5520,3175
5520,3442
5520,3735
5520,4738
5520,6768
5520,7423
5520,7485
5521,1095
5521,1148
5521,1955
5521,2453
5521,3086
5521,3239
5521,3662
5521,3866
5521,4106
5521,4134
5521,4452
5521,5074
5521,5378
5521,5817
5521,5872
5521,6181
5521,6554
5521,6970
5521,7160
5521,7538
5522,2838
5522,5333
5523,166
5523,256
5523,615
5523,977
5523,1061
5523,1065
5523,2064
5523,3759
5523,4087
5523,4925
5523,4993
5523,5092
5523,5419
5523,5618
5523,5675
5523,5793
5523,5884
5523,6419
5523,6671
5524,461
5524,495
5524,3295
5524,6864
5525,201
5525,593
5525,1006
5525,1301
5525,1735
5525,1798
5525,2040
5525,2106
5525,2198
5525,3408
5525,4384
5525,4952
5525,5261
5525,5689
5525,5756
5525,5931
5525,6121
5525,6551
5525,6618
5525,6646
5525,6707
5525,7010
5525,7175
5525,7535
5526,1136
5527,30
5527,613
5527,896
5527,1653
5527,1832
5527,2016
5527,2465
5527,2732
5527,2863
5527,3145
5527,3260
5527,3767
5527,4451
5527,4501
5527,4621
5527,4628
5527,4799
5527,4913
5527,5777
5527,5912
5529,442
5529,556
5529,767
5529,786
5529,828
5529,1016
5529,1037
5529,1038
5529,1766
5529,1864
5529,1983
5529,2260
5529,2327
5529,2357
5529,2717
5529,3840
5529,4236
5529,4619
5529,4666
5529,5692
5529,6164
5529,6502
5529,6771
5529,6772
5529,7060
5529,7241
5529,7255
5529,7470
5530,40
5530,456
5530,1185
5530,1417
5530,2586
5530,2738
5530,2795
5530,4301
5530,4522
5530,5317
5530,5504
5530,6807
5530,7032
5531,20
5531,41
5531,260
5531,552
5531,795
5531,803
5531,1058
5531,1862
5531,2006
5531,2039
5531,2198
5531,2239
5531,2370
5531,2406
5531,3049
5531,3051
5531,3152
5531,3279
5531,3748
5531,4376
5531,4670
5531,4805
5531,5070
5531,5108
5531,5234
5531,5251
5531,5404
5531,5415
5531,5641
5531,6354
5531,6579
5531,6723
5531,6847
5531,6952
5531,7289
5531,7518
5532,593
5532,2106
5532,2198
5532,4376
5532,4384
5532,5816
5533,1989
5533,2282
5533,3227
5533,3396
5533,4104
5533,5684
5533,7620
5534,1239
5534,1278
5534,2198
5534,2239
5534,3277
5534,3359
5534,3428
5534,3532
5534,4041
5534,4230
5534,4422
5534,4952
5534,5707
5534,5813
5534,6437
5534,6589
5534,7395
5534,7510
5535,585
5535,846
5535,1198
5535,1372
5535,1653
5535,1893
5535,2254
5535,2462
5535,2612
5535,3141
5535,3313
5535,3531
5535,3767
5535,4362
5535,4757
5535,5417
5535,5458
5535,5743
5535,5986
5535,6209
5535,6293
5535,6298
5535,6851
5535,7412
5537,222
5537,1124
5537,1311
5537,2181
5537,2456
5537,2526
5537,2720
5537,3231
5537,3747
5537,3801
5537,4980
5537,5421
5537,6002
5537,6550
5537,6791
5537,7011
5537,7243
5537,7342
5538,91
5538,183
5538,593
5538,599
5538,924
5538,1226
5538,1421
5538,1498
5538,1796
5538,1798
5538,1847
5538,1871
5538,2198
5538,2553
5538,4074
5538,4086
5538,4538
5538,4695
5538,4774
5538,5241
5538,5979
5538,6098
5538,6414
5538,6484
5538,6673
5538,6702
5538,6978
5538,7085
5538,7215
5538,7280
5538,7603
5538,7607
5539,200
5539,600
5539,764
5539,994
5539,1291
5539,1340
5539,1499
5539,1536
5539,1750
5539,2041
5539,2293
5539,2646
5539,3197
5539,3343
5539,3895
5539,4628
5539,4810
5539,5454
5539,6481
5540,412
5540,698
5540,749
5540,828
5540,1037
5540,1531
5540,1609
5540,1648
5540,1696
5540,1736
5540,1969
5540,2090
5540,2147
5540,2260
5540,2326
5540,2552
5540,3091
5540,3371
5540,3805
5540,4070
5540,4375
5540,4412
5540,4739
5540,4960
5540,5069
5540,5257
5540,5409
5540,5753
5540,5848
5540,5856
5540,6250
5540,6357
5540,6765
5540,6793
5540,7614
5541,2959
5541,3330
5541,3607
5541,3631
5541,3895
5541,4725
5541,5014
5541,5839
5541,6563
5541,6740
5542,24
5542,593
5542,736
5542,906
5542,1513
5542,2198
5542,2689
5542,4641
5542,5050
5542,6702
5542,6807
5542,7247
5543,24
5543,28
5543,183
5543,261
5543,319
5543,446
5543,456
5543,484
5543,593
5543,622
5543,633
5543,710
5543,1058
5543,1100
5543,1152
5543,1206
5543,1210
5543,1350
5543,1472
5543,1744
5543,1746
5543,1782
5543,1838
5543,1899
5543,1959
5543,1997
5543,1999
5543,2198
5543,2239
5543,2336
5543,2406
5543,2502
5543,2553
5543,2614
5543,3020
5543,3049
5543,3070
5543,3152
5543,3160
5543,3271
5543,3274
5543,3277
5543,3419
5543,3469
5543,3648
5543,3683
5543,3713
5543,3799
5543,3856
5543,3858
5543,3897
5543,3946
5543,3951
5543,4127
5543,4347
5543,4352
5543,4376
5543,4380
5543,4388
5543,4522
5543,4641
5543,4768
5543,4805
5543,4816
5543,4895
5543,5006
5543,5013
5543,5037
5543,5042
5543,5115
5543,5132
5543,5234
5543,5255
5543,5372
5543,5493
5543,5584
5543,5679
5543,5734
5543,6215
5543,6361
5543,6409
5543,6551
5543,6673
5543,6702
5543,6787
5543,6807
5543,6953
5543,7150
5543,7164
5543,7247
5543,7395
5543,7467
5543,7477
5544,203
5544,360
5544,438
5544,526
5544,1645
5544,1769
5544,2198
5544,2345
5544,2356
5544,2363
5544,2536
5544,2917
5544,3049
5544,3273
5544,3510
5544,3964
5544,4116
5544,4754
5544,4805
5544,5264
5544,5335
5544,5453
5544,5556
5544,6038
5544,6131
5544,6388
5544,6569
5544,6570
5544,6668
5544,6672
5544,6909
5544,6952
5544,7130
5544,7250
5544,7266
5544,7312
5544,7341
5545,579
5545,947
5545,1000
5545,1191
5545,1561
5545,2066
5545,2239
5545,2322
5545,2857
5545,3152
5545,3687
5545,5056
5545,5198
5545,5206
5545,5213
5545,6264
5545,6570
5545,6942
5545,7300
5546,1260
5546,6365
5546,7250
5547,602
5547,2064
5547,2251
5547,2850
5547,3915
5547,4776
5547,4925
5547,5727
5547,6002
5547,6130
5547,6550
5547,6806
5548,37
5548,135
5548,1015
5548,1039
5548,1565
5548,1756
5548,1822
5548,1953
5548,2035
5548,2053
5548,2100
5548,2230
5548,2397
5548,2976
5548,3156
5548,3175
5548,3292
5548,3571
5548,3603
5548,3661
5548,3955
5548,4215
5548,4242
5548,4258
5548,4275
5548,4471
5548,4625
5548,4657
5548,4720
5548,4732
5548,4843
5548,4866
5548,5020
5548,5086
5548,5434
5548,5642
5548,5789
5548,5854
5548,5960
5548,6044
5548,6050
5548,6205
5548,6324
5548,6755
5548,6819
5548,6875
5548,7497
5548,7562
5548,7563
5548,7575
5548,7620
5549,28
5549,766
5549,1280
5549,1429
5549,1470
5549,1496
5549,2198
5549,2286
5549,2447
5549,3295
5549,3433
5549,3578
5549,3856
5549,4805
5549,5664
5550,40
5550,70
5550,223
5550,250
5550,287
5550,329
5550,523
5550,601
5550,638
5550,648
5550,747
5550,752
5550,761
5550,784
5550,1063
5550,1252
5550,1261
5550,1335
5550,1394
5550,1436
5550,1655
5550,1731
5550,1853
5550,1931
5550,2049
5550,2071
5550,2081
5550,2213
5550,2414
5550,2430
5550,2431
5550,2527
5550,2543
5550,2574
5550,2793
5550,2897
5550,2952
5550,2962
5550,2986
5550,2997
5550,3202
5550,3240
5550,3351
5550,3566
5550,3731
5550,3907
5550,4033
5550,4170
5550,4255
5550,4268
5550,4282
5550,4404
5550,4454
5550,4462
5550,4767
5550,4817
5550,4823
5550,4879
5550,4910
5550,5254
5550,5315
5550,5379
5550,5506
5550,5566
5550,5571
5550,5873
5550,6123
5550,6142
5550,6165
5550,6193
5550,6513
5550,6548
5550,6558
5550,6590
5550,6721
5550,6954
5550,7087
5550,7267
5550,7414
5551,260
5551,1058
5551,1210
5551,1357
5551,1415
5551,1744
5551,1899
5551,2198
5551,2206
5551,3160
5551,3183
5551,3459
5551,4164
5551,4384
5551,4408
5551,4805
5551,4857
5551,4919
5551,5037
5551,5296
5551,5404
5551,5556
5552,435
5552,593
5552,2198
5552,3748
5552,4376
5552,5404
5552,6551
5552,6613
5552,6877
5553,237
5553,615
5553,3494
5553,4993
5553,5419
5553,6355
5554,1561
5554,2239
5554,3152
5554,6582
5555,316
5555,328
5555,661
5555,928
5555,1264
5555,1630
5555,1685
5555,1803
5555,1983
5555,2281
5555,2768
5555,3272
5555,3324
5555,3528
5555,4300
5555,4614
5555,4666
5555,4739
5555,5448
5555,5588
5555,6046
5555,6519
5555,6679
5555,7061
5555,7566
5556,5
5556,143
5556,360
5556,526
5556,576
5556,593
5556,669
5556,808
5556,934
5556,994
5556,1063
5556,1291
5556,1357
5556,1518
5556,1631
5556,1826
5556,1875
5556,2175
5556,2198
5556,2208
5556,2215
5556,2216
5556,2376
5556,2406
5556,2410
5556,2440
5556,2461
5556,2558
5556,2598
5556,2798
5556,2801
5556,2848
5556,2904
5556,3049
5556,3062
5556,3114
5556,3259
5556,3457
5556,3510
5556,3721
5556,3725
5556,3985
5556,4023
5556,4067
5556,4206
5556,4304
5556,4376
5556,4398
5556,4541
5556,4592
5556,4593
5556,4714
5556,4754
5556,4805
5556,5037
5556,5054
5556,5231
5556,5312
5556,5332
5556,5404
5556,5490
5556,5544
5556,5551
5556,5651
5556,5707
5556,5734
5556,5832
5556,5853
5556,6193
5556,6284
5556,6630
5556,6702
5556,6769
5556,6909
5556,6945
5556,7116
5556,7250
5556,7305
5556,7352
5556,7634
5557,85
5557,369
5557,593
5557,1058
5557,1268
5557,1284
5557,1453
5557,1798
5557,2106
5557,2198
5557,2377
5557,3183
5557,3311
5557,3693
5557,3748
5557,4054
5557,4080
5557,4164
5557,4376
5557,4384
5557,4680
5557,4805
5557,5037
5557,5132
5557,5251
5557,5296
5557,5404
5557,5415
5557,5772
5557,5881
5557,6098
5557,6551
5557,6702
5557,6848
5557,7085
5557,7572
5558,588
5558,1565
5558,2053
5558,2100
5558,2976
5558,3156
5558,3191
5558,4242
5558,4258
5558,4843
5558,4866
5558,5086
5558,5462
5558,6050
5558,6205
5558,6483
5558,6514
5558,7497
5558,7575
5558,7620
5559,34
5559,610
5559,616
5559,784
5559,1058
5559,1108
5559,1415
5559,1730
5559,1744
5559,1990
5559,2104
5559,2115
5559,2198
5559,2205
5559,2239
5559,2253
5559,2270
5559,2339
5559,2370
5559,2440
5559,2558
5559,2571
5559,2704
5559,2913
5559,2935
5559,3049
5559,3469
5559,3697
5559,3698
5559,3748
5559,4160
5559,4164
5559,4376
5559,4513
5559,4573
5559,4592
5559,4595
5559,4670
5559,4691
5559,4805
5559,4827
5559,5037
5559,5056
5559,5108
5559,5132
5559,5234
5559,5404
5559,5667
5559,5881
5559,6354
5559,6592
5559,6847
5559,6994
5559,7003
5559,7116
5559,7213
5560,1035
5560,1454
5560,2379
5560,2608
5560,3437
5560,3571
5560,4646
5560,4810
5560,4906
5560,4961
5560,6169
5560,7292
5560,7620
5561,1896
5561,2384
5561,3183
5561,3359
5561,3698
5561,4141
5561,4952
5561,5375
5561,6105
5562,149
5562,606
5562,1663
5562,1757
5562,2239
5562,2381
5562,3298
5562,3359
5562,3891
5562,4039
5562,4422
5562,4768
5563,302
5563,765
5563,1048
5563,1190
5563,1450
5563,1816
5563,2083
5563,2379
5563,2585
5563,2608
5563,2702
5563,2709
5563,2742
5563,2749
5563,3107
5563,3586
5563,3814
5563,4051
5563,4089
5563,4137
5563,4150
5563,4238
5563,4325
5563,4449
5563,4582
5563,4961
5563,4963
5563,5047
5563,5310
5563,5391
5563,5580
5563,5617
5563,5656
5563,5802
5563,6000
5563,6300
5563,6583
5563,7447
5564,1230
5564,1472
5564,2515
5564,2545
5564,2586
5564,2810
5564,3740
5564,4750
5564,5890
5564,6214
5564,7057
5564,7529
5565,323
5565,401
5565,1694
5565,1865
5565,2022
5565,2050
5565,2472
5565,2503
5565,3048
5565,3797
5565,4425
5565,4515
5565,4901
5565,6858
5565,6865
5565,7515
5566,70
5566,197
5566,428
5566,573
5566,1252
5566,1270
5566,1541
5566,2156
5566,2986
5566,3763
5566,4922
5566,4994
5566,5506
5566,5550
5566,6155
5567,392
5567,593
5567,1447
5567,1513
5567,1639
5567,1663
5567,2239
5567,2553
5567,3051
5567,3703
5567,3720
5567,5241
5567,5982
5567,6098
5567,6414
5567,6702
5567,7477
5568,26
5568,134
5568,658
5568,739
5568,1024
5568,1082
5568,1194
5568,1591
5568,2095
5568,2294
5568,2556
5568,2859
5568,2871
5568,2887
5568,3242
5568,3247
5568,3294
5568,3438
5568,3469
5568,3657
5568,3923
5568,4082
5568,4217
5568,4345
5568,4791
5568,4828
5568,4895
5568,4912
5568,5133
5568,5234
5568,5302
5568,6054
5568,6175
5568,6343
5568,6371
5568,6790
5568,7119
5568,7276
5568,7283
5568,7398
5568,7601
5569,338
5569,401
5569,441
5569,2050
5569,3420
5569,4175
5569,4224
5569,6853
5569,7027
5570,102
5570,1398
5570,1490
5570,1755
5570,2061
5570,3067
5570,3200
5570,3660
5570,3863
5570,3986
5570,5282
5570,6346
5570,6927
5570,6950
5570,7199
5570,7235
5570,7640
5571,223
5571,329
5571,648
5571,747
5571,1252
5571,1275
5571,1335
5571,1394
5571,1731
5571,1904
5571,1984
5571,2081
5571,2213
5571,2214
5571,2218
5571,2221
5571,2277
5571,2392
5571,2414
5571,2430
5571,2527
5571,2574
5571,2952
5571,3240
5571,3351
5571,3518
5571,3566
5571,3574
5571,3781
5571,4255
5571,4282
5571,4362
5571,4404
5571,4767
5571,4823
5571,4987
5571,5014
5571,5550
5571,5765
5571,5839
5571,6123
5571,6142
5571,6548
5571,6558
5571,6590
5571,6699
5571,6713
5571,6740
5571,7045
5571,7107
5571,7109
5571,7153
5571,7195
5571,7267
5571,7406
5571,7569
5571,7588
5572,593
5572,2239
5572,3008
5572,5799
5572,6702
5573,147
5573,444
5573,481
5573,510
5573,561
5573,1096
5573,1223
5573,1292
5573,1477
5573,1622
5573,1683
5573,2489
5573,2499
5573,3180
5573,3211
5573,3255
5573,3393
5573,4244
5573,4411
5573,4498
5573,4564
5573,4663
5573,5974
5573,6311
5573,6488
5573,6972
5573,7361
5573,7383
5573,7598
5574,430
5574,804
5574,829
5574,1001
5574,1120
5574,1979
5574,2863
5574,3260
5574,3378
5574,3740
5574,3757
5574,3809
5574,4094
5574,4617
5574,4750
5574,4862
5574,4913
5574,5425
5574,5777
5574,5796
5574,5912
5574,6071
5574,6386
5574,6724
5574,6914
5574,7057
5574,7307
5574,7529
5575,2460
5575,3503
5575,3681
5575,3895
5575,4469
5575,7330
5576,73
5576,212
5576,304
5576,408
5576,1472
5576,1521
5576,1999
5576,2392
5576,2883
5576,3060
5576,4864
5576,5709
5576,5931
5576,5996
5576,6551
5576,7296
5576,7330
5576,7401
5577,272
5577,320
5577,1058
5577,1152
5577,1415
5577,1959
5577,2198
5577,2239
5577,3459
5577,4164
5577,4376
5577,4384
5577,5132
5577,5251
5577,5404
5577,5816
5577,5881
5577,7572
5578,1087
5578,1500
5578,1503
5578,1536
5578,1556
5578,2100
5578,2412
5578,2608
5578,2976
5578,3156
5578,3175
5578,3227
5578,3425
5578,3647
5578,3735
5578,3953
5578,5684
5578,6044
5578,6050
5578,6768
5578,6813
5578,7041
5578,7178
5578,7292
5578,7532
5578,7575
5578,7620
5579,140
5579,1398
5579,1547
5579,2167
5579,3200
5579,3694
5579,3971
5579,4339
5579,4597
5579,4929
5579,4996
5579,5670
5579,6742
5579,6809
5579,7199
5580,52
5580,530
5580,1049
5580,1123
5580,2379
5580,2968
5580,3094
5580,3137
5580,3248
5580,3437
5580,3735
5580,4646
5580,5310
5580,5326
5580,5563
5580,5684
5580,5983
5580,7620
5581,778
5581,1162
5581,2517
5581,2554
5581,3143
5581,5675
5581,5927
5581,6855
5582,681
5582,1051
5582,1440
5582,3094
5582,3603
5582,3735
5582,4104
5582,4275
5582,4291
5582,5434
5582,6573
5582,7051
5582,7620
5583,21
5583,67
5583,93
5583,872
5583,1009
5583,1087
5583,1107
5583,1443
5583,1576
5583,2074
5583,2136
5583,2830
5583,2875
5583,3186
5583,3354
5583,3396
5583,3534
5583,3622
5583,3993
5583,4336
5583,4501
5583,4698
5583,5026
5583,5151
5583,5314
5583,5338
5583,5466
5583,5644
5583,6270
5583,6504
5583,6773
5583,6817
5583,6991
5584,258
5584,593
5584,633
5584,659
5584,811
5584,868
5584,1165
5584,1186
5584,1271
5584,1467
5584,1744
5584,1797
5584,1899
5584,2198
5584,2206
5584,2239
5584,2380
5584,2628
5584,2929
5584,3051
5584,3138
5584,3623
5584,3704
5584,3721
5584,4156
5584,4243
5584,4590
5584,4682
5584,5077
5584,5148
5584,5255
5584,5372
5584,5518
5584,5543
5584,5734
5584,5769
5584,5853
5584,5897
5584,6414
5584,6475
5584,6526
5584,6702
5584,6787
5584,6807
5584,6887
5584,6907
5584,6930
5584,7003
5584,7021
5584,7215
5584,7247
5585,1377
5585,2239
5585,2484
5585,2829
5585,3152
5585,3532
5585,3912
5585,4337
5585,4522
5585,6331
5585,7363
5586,788
5586,2292
5586,5738
5586,6144
5586,6873
5587,204
5587,315
5587,554
5587,557
5587,581
5587,1079
5587,1587
5587,1656
5587,1771
5587,1772
5587,2756
5587,3376
5587,3741
5587,3892
5587,3903
5587,3924
5587,4008
5587,4143
5587,4208
5587,4280
5587,4351
5587,4567
5587,4673
5587,4726
5587,5876
5587,6623
5587,6653
5587,7451
5587,7504
5587,7565
5588,516
5588,541
5588,641
5588,661
5588,937
5588,1221
5588,1272
5588,1630
5588,1709
5588,1751
5588,1803
5588,1863
5588,2019
5588,2281
5588,2389
5588,2557
5588,2768
5588,3090
5588,3167
5588,3528
5588,3553
5588,3558
5588,3575
5588,4281
5588,4300
5588,4441
5588,4539
5588,4583
5588,4619
5588,4666
5588,4728
5588,4741
5588,5306
5588,5555
5588,5825
5588,6104
5588,6465
5588,6519
5588,6603
5588,6648
5588,6679
5588,6913
5588,7043
5588,7075
5588,7255
5588,7366
5588,7566
5588,7630
5588,7648
5589,308
5589,1241
5589,1426
5589,1623
5589,1817
5589,2354
5589,2625
5589,3295
5589,3466
5589,3578
5589,3871
5589,4790
5589,4863
5589,6470
5589,6864
5589,7624
5590,354
5590,451
5590,452
5590,594
5590,624
5590,635
5590,792
5590,799
5590,929
5590,1025
5590,1147
5590,1201
5590,1203
5590,1208
5590,1265
5590,1366
5590,1462
5590,1837
5590,1968
5590,1971
5590,2203
5590,2276
5590,2278
5590,2403
5590,2578
5590,2580
5590,2841
5590,2846
5590,3110
5590,3254
5590,3286
5590,3338
5590,3402
5590,3522
5590,3943
5590,4036
5590,4119
5590,4481
5590,4547
5590,4977
5590,5021
5590,5246
5590,5766
5590,6158
5590,6375
5590,6498
5590,6697
5590,6710
5590,6863
5590,6883
5590,6938
5590,7148
5590,7301
5590,7533
5590,7625
5591,1234
5591,1487
5591,1728
5591,1903
5591,2101
5591,2943
5591,4149
5591,4472
5591,4813
5591,5256
5591,5267
5591,6094
5591,6453
5591,7198
5591,7631
5592,1336
5592,1988
5592,2053
5592,2100
5592,2976
5592,4242
5592,4321
5592,4657
5592,4732
5592,4843
5592,4866
5592,4903
5592,5187
5592,5642
5592,6205
5592,7516
5593,85
5593,304
5593,593
5593,1058
5593,1368
5593,1415
5593,1453
5593,1996
5593,2106
5593,2129
5593,2198
5593,2339
5593,2370
5593,2377
5593,2571
5593,2624
5593,2795
5593,3025
5593,3183
5593,3311
5593,3370
5593,3384
5593,3748
5593,4080
5593,4164
5593,4376
5593,4384
5593,4573
5593,4785
5593,4805
5593,4806
5593,5058
5593,5132
5593,5194
5593,5251
5593,5259
5593,5296
5593,5404
5593,5641
5593,5881
5593,6551
5593,6811
5593,7139
5593,7143
5593,7159
5593,7252
5593,7550
5593,7572
5593,7612
5594,526
5594,4770
5594,4805
5594,4834
5594,6146
5594,6909
5595,383
5595,592
5595,739
5595,1082
5595,1194
5595,1383
5595,1591
5595,2095
5595,2556
5595,2685
5595,2778
5595,2887
5595,3243
5595,3247
5595,3294
5595,3657
5595,3923
5595,4082
5595,4345
5595,4848
5595,4912
5595,5133
5595,5293
5595,5302
5595,5958
5595,6175
5595,6343
5595,6371
5595,6702
5595,6759
5595,6790
5595,7119
5595,7283
5595,7398
5595,7601
5596,53
5596,101
5596,197
5596,362
5596,364
5596,384
5596,454
5596,1441
5596,1515
5596,1629
5596,2224
5596,2347
5596,2473
5596,2523
5596,2680
5596,2840
5596,3046
5596,3219
5596,3525
5596,3676
5596,4646
5596,4994
5596,5802
5596,6957
5597,522
5597,592
5597,2095
5597,2309
5597,3807
5597,4217
5597,4791
5597,4848
5597,5932
5597,6353
5597,6759
5597,7276
5597,7534
5598,250
5598,456
5598,1183
5598,1650
5598,2997
5598,3056
5598,3331
5598,4462
5598,5044
5598,5839
5598,6454
5598,7371
5599,7
5599,247
5599,337
5599,464
5599,781
5599,1213
5599,1411
5599,1471
5599,1636
5599,1895
5599,2180
5599,2475
5599,3048
5599,3204
5599,3315
5599,3489
5599,3610
5599,3806
5599,4035
5599,4363
5599,4639
5599,4644
5599,4648
5599,4795
5599,4897
5599,5147
5599,5236
5599,5274
5599,5275
5599,5393
5599,5600
5599,5727
5599,5755
5599,5783
5599,5995
5599,6255
5599,6390
5599,6607
5599,6641
5599,6864
5599,6871
5599,6891
5600,399
5600,401
5600,433
5600,645
5600,853
5600,890
5600,991
5600,1053
5600,1306
5600,1460
5600,1694
5600,1852
5600,2046
5600,2050
5600,2054
5600,2255
5600,2321
5600,2957
5600,3057
5600,3481
5600,3536
5600,3730
5600,3811
5600,3843
5600,4126
5600,4133
5600,4224
5600,4265
5600,4375
5600,5161
5600,5427
5600,5599
5600,5915
5600,6127
5600,6151
5600,6213
5600,6380
5600,6525
5600,6650
5600,6687
5600,6763
5600,6894
5601,642
5601,4732
5601,4843
5601,4866
5601,7497
5601,7562
5602,216
5602,275
5602,324
5602,328
5602,570
5602,698
5602,749
5602,787
5602,806
5602,828
5602,909
5602,1037
5602,1360
5602,1364
5602,1391
5602,1428
5602,1583
5602,1609
5602,1648
5602,1696
5602,1743
5602,1759
5602,1849
5602,1969
5602,1983
5602,2090
5602,2103
5602,2134
5602,2147
5602,2189
5602,2260
5602,2326
5602,2446
5602,2474
5602,2717
5602,3099
5602,3291
5602,3316
5602,3346
5602,3543
5602,3565
5602,3597
5602,3640
5602,3649
5602,3663
5602,3714
5602,3722
5602,4048
5602,4070
5602,4245
5602,4342
5602,4412
5602,4603
5602,4704
5602,4739
5602,4759
5602,4881
5602,4883
5602,4938
5602,4960
5602,5045
5602,5069
5602,5164
5602,5250
5602,5272
5602,5409
5602,5448
5602,5465
5602,5662
5602,5848
5602,5856
5602,6046
5602,6164
5602,6212
5602,6765
5602,6771
5602,6772
5602,6793
5602,7073
5602,7118
5602,7241
5602,7437
5602,7555
5603,662
5603,691
5603,2492
5603,2594
5603,2840
5603,2994
5603,3957
5603,5260
5603,7025
5603,7031
5603,7063
5603,7261
5604,246
5604,331
5604,544
5604,585
5604,621
5604,707
5604,769
5604,784
5604,1239
5604,1258
5604,1359
5604,1522
5604,1657
5604,1764
5604,1870
5604,2000
5604,2068
5604,2210
5604,2228
5604,2303
5604,2390
5604,2613
5604,3232
5604,3313
5604,3329
5604,3368
5604,3557
5604,3573
5604,3847
5604,3911
5604,4027
5604,4118
5604,4308
5604,4314
5604,4320
5604,4362
5604,4482
5604,4555
5604,4725
5604,4908
5604,5014
5604,5284
5604,5374
5604,5630
5604,5743
5604,5839
5604,5907
5604,5971
5604,5992
5604,6005
5604,6198
5604,6328
5604,6460
5604,6575
5604,6619
5604,6719
5604,6777
5604,6946
5604,6967
5604,7039
5604,7153
5604,7191
5604,7200
5604,7375
5604,7376
5604,7441
5604,7576
5604,7579
5604,7591
5605,53
5605,691
5605,891
5605,912
5605,1386
5605,2126
5605,2283
5605,2373
5605,2594
5605,2669
5605,2680
5605,2840
5605,3046
5605,3675
5605,3894
5605,3979
5605,5085
5605,5210
5605,7063
5605,7145
5606,593
5606,2198
5606,2239
5606,4127
5606,4641
5606,5495
5606,6678
5606,6702
5606,7247
5606,7395
5607,78
5607,459
5607,647
5607,1781
5607,2022
5607,2139
5607,2369
5607,2842
5607,3288
5607,3350
5607,3416
5607,4175
5607,4425
5607,4515
5607,4721
5607,4753
5607,4911
5607,4981
5607,5005
5607,5113
5607,5242
5607,5252
5607,5319
5607,5416
5607,5681
5607,5871
5607,5954
5607,6132
5607,6220
5607,6239
5607,6559
5607,6734
5607,6865
5607,6918
5607,7249
5607,7431
5607,7484
5608,305
5608,803
5608,3359
5608,3698
5608,4479
5608,4522
5608,7364
5609,147
5609,481
5609,561
5609,618
5609,688
5609,746
5609,837
5609,901
5609,943
5609,1086
5609,1223
5609,1509
5609,1562
5609,1646
5609,1683
5609,2073
5609,2499
5609,2983
5609,3211
5609,3449
5609,3452
5609,3733
5609,4244
5609,4411
5609,4423
5609,4478
5609,4663
5609,5230
5609,5489
5609,5974
5609,6168
5609,6222
5609,6227
5609,6311
5609,6488
5609,6609
5609,6625
5609,7383
5609,7489
5609,7598
5610,306
5610,1961
5610,2070
5610,5791
5610,7373
5610,7561
5611,122
5611,730
5611,824
5611,932
5611,1115
5611,1262
5611,1533
5611,2318
5611,2388
5611,2528
5611,2710
5611,2949
5611,3231
5611,3741
5611,3879
5611,4208
5611,4237
5611,4512
5611,5410
5611,6199
5611,6347
5611,7317
5611,7460
5612,98
5612,431
5612,484
5612,593
5612,727
5612,731
5612,869
5612,951
5612,1018
5612,1058
5612,1097
5612,1152
5612,1210
5612,1415
5612,1545
5612,1684
5612,1723
5612,1747
5612,1798
5612,1959
5612,2107
5612,2115
5612,2170
5612,2198
5612,2239
5612,2370
5612,2377
5612,2406
5612,2553
5612,2592
5612,2981
5612,3049
5612,3051
5612,3132
5612,3172
5612,3184
5612,3261
5612,3693
5612,3748
5612,4090
5612,4164
5612,4210
5612,4376
5612,4392
5612,4608
5612,4630
5612,4805
5612,4806
5612,4816
5612,4827
5612,5054
5612,5070
5612,5195
5612,5251
5612,5365
5612,5404
5612,5415
5612,5707
5612,5740
5612,5744
5612,5816
5612,5833
5612,5881
5612,5979
5612,6492
5612,6551
5612,6702
5612,6787
5612,6847
5612,7003
5612,7071
5612,7091
5612,7105
5612,7166
5612,7289
5612,7353
5612,7464
5612,7582
5613,4612
5614,20
5614,73
5614,137
5614,162
5614,305
5614,803
5614,1551
5614,1679
5614,1707
5614,1831
5614,1877
5614,1958
5614,2071
5614,2164
5614,2332
5614,2346
5614,2751
5614,3022
5614,3042
5614,3212
5614,3359
5614,3698
5614,4055
5614,4141
5614,4163
5614,4479
5614,4522
5614,5364
5614,5445
5614,5467
5614,5513
5614,6001
5614,6078
5614,6369
5614,6494
5614,6815
5614,7305
5615,28
5615,36
5615,306
5615,485
5615,536
5615,920
5615,1111
5615,1280
5615,1429
5615,1457
5615,1585
5615,1714
5615,1929
5615,2163
5615,2244
5615,2738
5615,2740
5615,2804
5615,3054
5615,3271
5615,3339
5615,3403
5615,3419
5615,3856
5615,4033
5615,4100
5615,4390
5615,5114
5615,5209
5615,5343
5615,5364
5615,5437
5615,5496
5615,5708
5615,6237
5615,6572
5615,6696
5615,6807
5615,6852
5615,7190
5616,202
5616,621
5616,630
5616,1109
5616,1261
5616,1503
5616,2077
5616,2436
5616,2607
5616,3239
5616,3437
5616,3495
5616,4106
5616,4108
5616,4628
5616,4646
5616,4922
5616,5035
5616,5172
5616,5382
5616,5454
5616,5885
5616,5950
5616,6393
5616,6433
5616,6549
5616,6656
5616,7129
5616,7367
5616,7586
5617,202
5617,364
5617,941
5617,1936
5617,1951
5617,2077
5617,2293
5617,2347
5617,2379
5617,3219
5617,3227
5617,3244
5617,3437
5617,3960
5617,4019
5617,4106
5617,4305
5617,4628
5617,4689
5617,4810
5617,4906
5617,4922
5617,5035
5617,5454
5617,5563
5617,5802
5617,6433
5617,6735
5617,7155
5617,7641
5618,166
5618,420
5618,615
5618,733
5618,745
5618,977
5618,1438
5618,1537
5618,2064
5618,2850
5618,3084
5618,3143
5618,3447
5618,3905
5618,4087
5618,4292
5618,4443
5618,4925
5618,5092
5618,5523
5618,5675
5618,5793
5618,5867
5618,5884
5618,5927
5618,6396
5618,6419
5618,6652
5618,6671
5618,7282
5619,335
5619,1785
5619,1900
5619,2235
5619,2364
5619,2667
5619,2899
5619,3961
5619,4105
5619,4403
5619,4905
5619,5117
5619,5879
5619,7506
5620,835
5620,847
5620,1442
5620,2198
5620,2317
5620,2514
5620,2682
5620,3331
5620,3578
5620,5664
5620,5865
5620,7467
5621,799
5621,1207
5621,1208
5621,1606
5621,1793
5621,1968
5621,2069
5621,2942
5621,3033
5621,3200
5621,3390
5621,3505
5621,3519
5621,4079
5621,4229
5621,4339
5621,4996
5621,5096
5621,5477
5621,5905
5621,5956
5621,6285
5621,6543
5621,6697
5621,6862
5621,7002
5621,7138
5621,7199
5622,330
5622,407
5622,1116
5622,1216
5622,1755
5622,3668
5622,4841
5622,4898
5622,5770
5623,26
5623,85
5623,170
5623,260
5623,320
5623,415
5623,789
5623,942
5623,1058
5623,1113
5623,1210
5623,1268
5623,1368
5623,1430
5623,1453
5623,1621
5623,1862
5623,2339
5623,2377
5623,2479
5623,2765
5623,2911
5623,3311
5623,3370
5623,3408
5623,3538
5623,3748
5623,3895
5623,4096
5623,4177
5623,4286
5623,4376
5623,4384
5623,4952
5623,5296
5623,5641
5623,5649
5623,5707
5623,5714
5623,5740
5623,5816
5623,5881
5623,5961
5623,6551
5623,6760
5623,6794
5623,6961
5623,7147
5623,7280
5623,7296
5623,7582
5623,7607
5623,7612
5624,941
5624,1068
5624,1109
5624,1450
5624,1534
5624,1936
5624,2077
5624,2319
5624,2347
5624,2379
5624,3229
5624,3872
5624,4108
5624,4646
5624,4689
5624,5826
5624,6169
5624,6433
5624,6514
5624,7367
5624,7586
5625,128
5625,252
5625,564
5625,908
5625,1358
5625,1435
5625,1550
5625,1888
5625,2027
5625,2044
5625,2094
5625,2096
5625,2707
5625,2944
5625,3365
5625,3478
5625,3484
5625,3555
5625,4277
5625,4430
5625,4769
5625,4882
5625,4898
5625,5118
5625,5192
5625,5486
5625,5636
5625,6162
5625,6555
5625,7094
5625,7235
5626,85
5626,260
5626,304
5626,369
5626,593
5626,1093
5626,1113
5626,1232
5626,1293
5626,1453
5626,1621
5626,1663
5626,1712
5626,2039
5626,2106
5626,2143
5626,2198
5626,2479
5626,2620
5626,3183
5626,3185
5626,3226
5626,3370
5626,3559
5626,3758
5626,4243
5626,4376
5626,4384
5626,4392
5626,4422
5626,4535
5626,4556
5626,4578
5626,4768
5626,4983
5626,5296
5626,5641
5626,5707
5626,5714
5626,5730
5626,5740
5626,5756
5626,5799
5626,5816
5626,6537
5626,6551
5626,6702
5626,6707
5626,6847
5626,7147
5626,7170
5626,7269
5626,7353
5626,7369
5626,7464
5626,7582
5626,7597
5627,284
5627,458
5627,519
5627,554
5627,557
5627,983
5627,1079
5627,1233
5627,2757
5627,3741
5627,3924
5627,4008
5627,4143
5627,4280
5627,4673
5627,5968
5627,6653
5627,6657
5627,6712
5627,6874
5628,1280
5628,1827
5628,2250
5628,3024
5628,3164
5628,5274
5628,6213
5628,6479
5628,6764
5628,6784
5628,7035
5629,149
5629,593
5629,599
5629,947
5629,1184
5629,1349
5629,1444
5629,1645
5629,1658
5629,1778
5629,1915
5629,2142
5629,2198
5629,2239
5629,2440
5629,2484
5629,2796
5629,2991
5629,3049
5629,3152
5629,3469
5629,4080
5629,4091
5629,4480
5629,4592
5629,4746
5629,4805
5629,5234
5629,5844
5629,6664
5629,7296
5630,85
5630,707
5630,807
5630,846
5630,980
5630,1036
5630,1239
5630,1252
5630,1285
5630,1669
5630,1999
5630,2068
5630,2198
5630,2392
5630,2739
5630,3026
5630,3557
5630,3573
5630,3631
5630,3911
5630,4178
5630,4320
5630,4362
5630,4725
5630,5014
5630,5101
5630,5604
5630,5743
5630,5839
5630,5971
5630,6328
5630,6719
5630,6868
5630,6967
5630,7039
5630,7107
5630,7153
5630,7191
5630,7375
5630,7376
5630,7579
5631,3661
5631,3968
5631,6514
5632,1663
5632,1686
5632,2239
5632,3359
5632,4337
5632,5404
5633,160
5633,202
5633,668
5633,704
5633,1056
5633,1134
5633,1295
5633,1416
5633,1906
5633,1952
5633,1955
5633,2165
5633,2799
5633,2872
5633,3281
5633,3524
5633,3645
5633,3662
5633,3763
5633,3814
5633,3969
5633,4520
5633,4521
5633,4922
5633,5423
5633,5872
5633,6117
5633,6554
5633,6571
5633,6757
5633,6994
5633,7160
5633,7482
5633,7621
5634,28
5634,274
5634,528
5634,1058
5634,1227
5634,1280
5634,1413
5634,2177
5634,2295
5634,2807
5634,2927
5634,3433
5634,3578
5634,3612
5634,4273
5634,4601
5634,4685
5634,5123
5634,5354
5634,5378
5634,5487
5634,6271
5634,6444
5634,7467
5635,829
5635,835
5635,2111
5635,3492
5635,3510
5635,3578
5635,4069
5635,7250
5636,128
5636,252
5636,564
5636,796
5636,908
5636,1358
5636,1435
5636,1490
5636,1550
5636,1888
5636,2044
5636,2094
5636,2096
5636,2263
5636,2378
5636,2707
5636,2944
5636,3067
5636,3161
5636,3365
5636,3418
5636,3478
5636,3484
5636,3706
5636,4277
5636,4327
5636,4430
5636,4769
5636,4882
5636,5118
5636,5192
5636,5486
5636,5625
5636,5933
5636,6162
5636,6555
5636,7094
5636,7235
5636,7393
5637,534
5637,593
5637,1727
5637,1796
5637,1805
5637,1942
5637,2198
5637,2553
5637,4074
5637,4538
5637,4578
5637,5734
5637,6551
5637,6673
5637,6702
5638,195
5638,394
5638,395
5638,941
5638,1416
5638,1454
5638,1534
5638,2014
5638,2056
5638,2608
5638,2833
5638,3086
5638,3159
5638,3227
5638,3244
5638,3729
5638,3869
5638,4424
5638,4628
5638,4738
5638,4810
5638,4906
5638,5454
5638,6433
5638,6558
5638,6642
5638,6813
5638,7641
5639,1999
5639,2518
5639,3895
5639,7632
5640,479
5640,593
5640,2198
5640,2406
5640,4376
5640,5649
5640,7464
5641,3
5641,5
5641,14
5641,71
5641,85
5641,152
5641,170
5641,192
5641,201
5641,260
5641,272
5641,283
5641,287
5641,304
5641,341
5641,358
5641,410
5641,415
5641,421
5641,446
5641,475
5641,479
5641,655
5641,677
5641,696
5641,726
5641,776
5641,795
5641,813
5641,836
5641,841
5641,934
5641,986
5641,1047
5641,1058
5641,1067
5641,1210
5641,1211
5641,1224
5641,1266
5641,1268
5641,1284
5641,1357
5641,1368
5641,1370
5641,1421
5641,1431
5641,1453
5641,1485
5641,1521
5641,1549
5641,1621
5641,1624
5641,1642
5641,1665
5641,1708
5641,1747
5641,1784
5641,1842
5641,1860
5641,1862
5641,1959
5641,1978
5641,1996
5641,2033
5641,2129
5641,2170
5641,2183
5641,2198
5641,2215
5641,2325
5641,2339
5641,2370
5641,2410
5641,2434
5641,2441
5641,2461
5641,2479
5641,2617
5641,2620
5641,2639
5641,2645
5641,2659
5641,2703
5641,2744
5641,2765
5641,2770
5641,2772
5641,2848
5641,2855
5641,2881
5641,2888
5641,2911
5641,2938
5641,2961
5641,2974
5641,3070
5641,3079
5641,3124
5641,3125
5641,3160
5641,3178
5641,3183
5641,3225
5641,3226
5641,3234
5641,3245
5641,3264
5641,3270
5641,3279
5641,3284
5641,3311
5641,3334
5641,3377
5641,3459
5641,3520
5641,3538
5641,3748
5641,3758
5641,3784
5641,3930
5641,3970
5641,3996
5641,3999
5641,4067
5641,4091
5641,4157
5641,4162
5641,4164
5641,4177
5641,4233
5641,4313
5641,4376
5641,4384
5641,4408
5641,4500
5641,4525
5641,4556
5641,4570
5641,4608
5641,4714
5641,4919
5641,4940
5641,4983
5641,5037
5641,5058
5641,5082
5641,5091
5641,5111
5641,5132
5641,5223
5641,5296
5641,5304
5641,5375
5641,5404
5641,5463
5641,5490
5641,5531
5641,5593
5641,5623
5641,5626
5641,5649
5641,5651
5641,5707
5641,5714
5641,5722
5641,5730
5641,5732
5641,5740
5641,5816
5641,5840
5641,5881
5641,5917
5641,5926
5641,6047
5641,6075
5641,6140
5641,6208
5641,6228
5641,6242
5641,6265
5641,6296
5641,6400
5641,6430
5641,6540
5641,6551
5641,6760
5641,6801
5641,6872
5641,6906
5641,6952
5641,7103
5641,7147
5641,7163
5641,7166
5641,7197
5641,7231
5641,7265
5641,7320
5641,7322
5641,7353
5641,7369
5641,7468
5641,7572
5641,7580
5641,7582
5641,7597
5642,135
5642,1015
5642,1288
5642,1565
5642,1756
5642,1765
5642,1800
5642,1822
5642,1953
5642,2035
5642,2053
5642,2467
5642,2616
5642,3417
5642,3571
5642,3752
5642,3846
5642,4242
5642,4275
5642,4471
5642,4657
5642,4720
5642,4732
5642,4818
5642,4843
5642,4866
5642,5548
5642,5592
5642,5789
5642,6044
5642,6056
5642,6682
5642,6755
5642,6819
5642,6875
5642,7450
5642,7497
5642,7562
5642,7575
5643,5790
5643,5999
5643,6615
5644,150
5644,241
5644,878
5644,1009
5644,1057
5644,1338
5644,2034
5644,2074
5644,2136
5644,2422
5644,3186
5644,3354
5644,3622
5644,3823
5644,3993
5644,4346
5644,4665
5644,5358
5644,5466
5644,5583
5644,5723
5644,6556
5645,921
5645,1199
5645,1571
5645,1715
5645,1733
5645,2002
5645,2278
5645,2580
5645,3781
5645,4844
5645,5126
5645,6697
5645,6699
5645,7006
5645,7066
5645,7152
5646,89
5646,304
5646,369
5646,593
5646,951
5646,1067
5646,1284
5646,1415
5646,1668
5646,1796
5646,1798
5646,1842
5646,2115
5646,2198
5646,2239
5646,2571
5646,2586
5646,3693
5646,3748
5646,4164
5646,4384
5646,4768
5646,4787
5646,4806
5646,5008
5646,5070
5646,5372
5646,5404
5646,5707
5646,5881
5646,5937
5646,5955
5646,6492
5646,6551
5646,6702
5646,6707
5646,7003
5646,7071
5646,7166
5646,7280
5646,7572
5646,7607
5647,2833
5647,3437
5647,3735
5647,4660
5647,7620
5648,1291
5648,1810
5648,4067
5648,5170
5648,5739
5648,6408
5648,7077
5649,42
5649,69
5649,138
5649,260
5649,415
5649,552
5649,553
5649,731
5649,810
5649,836
5649,1058
5649,1097
5649,1178
5649,1210
5649,1268
5649,1357
5649,1370
5649,1399
5649,1414
5649,1575
5649,1747
5649,1862
5649,1899
5649,1908
5649,1997
5649,2039
5649,2129
5649,2198
5649,2229
5649,2239
5649,2370
5649,2406
5649,2410
5649,2571
5649,2645
5649,2736
5649,2782
5649,2848
5649,2881
5649,2913
5649,2981
5649,3049
5649,3070
5649,3074
5649,3160
5649,3226
5649,3234
5649,3279
5649,3459
5649,3692
5649,3713
5649,3718
5649,3748
5649,3808
5649,3929
5649,4071
5649,4090
5649,4113
5649,4155
5649,4164
5649,4210
5649,4248
5649,4376
5649,4384
5649,4408
5649,4570
5649,4642
5649,4805
5649,4806
5649,5037
5649,5042
5649,5070
5649,5132
5649,5194
5649,5258
5649,5286
5649,5296
5649,5404
5649,5415
5649,5471
5649,5623
5649,5640
5649,5641
5649,5651
5649,5714
5649,5740
5649,5816
5649,5833
5649,5840
5649,5855
5649,5881
5649,5888
5649,5937
5649,6047
5649,6208
5649,6315
5649,6354
5649,6400
5649,6462
5649,6551
5649,6669
5649,6701
5649,6723
5649,6847
5649,6848
5649,6877
5649,7003
5649,7166
5649,7266
5649,7289
5649,7369
5649,7410
5649,7448
5649,7481
5649,7572
5649,7573
5649,7582
5650,20
5650,73
5650,137
5650,198
5650,466
5650,551
5650,839
5650,919
5650,1551
5650,1831
5650,1958
5650,2021
5650,2215
5650,2299
5650,2332
5650,2993
5650,3199
5650,3311
5650,3330
5650,3503
5650,3559
5650,3710
5650,3891
5650,3959
5650,4153
5650,4309
5650,4384
5650,4427
5650,4490
5650,4523
5650,4733
5650,4952
5650,5010
5650,5218
5650,5420
5650,5464
5650,5513
5650,5998
5650,6001
5650,6297
5650,6395
5650,6411
5650,7131
5650,7222
5650,7330
5650,7468
5650,7535
5651,42
5651,258
5651,341
5651,431
5651,456
5651,540
5651,552
5651,593
5651,1058
5651,1210
5651,1254
5651,1357
5651,1453
5651,1472
5651,1575
5651,1665
5651,1744
5651,1875
5651,1999
5651,2170
5651,2198
5651,2205
5651,2239
5651,2287
5651,2615
5651,2738
5651,3049
5651,3160
5651,3279
5651,3359
5651,3370
5651,3748
5651,4376
5651,4670
5651,4805
5651,5037
5651,5070
5651,5132
5651,5556
5651,5641
5651,5649
5651,5979
5651,6354
5651,6551
5651,6702
5651,6707
5651,6909
5651,6952
5651,6961
5651,6990
5651,7147
5651,7269
5651,7280
5651,7471
5651,7572
5652,95
5652,461
5652,532
5652,625
5652,835
5652,990
5652,1030
5652,1337
5652,1418
5652,1673
5652,1682
5652,2028
5652,2205
5652,2368
5652,3209
5652,3492
5652,3567
5652,4185
5652,4672
5652,5378
5652,5676
5652,5865
5652,6280
5652,6309
5652,6437
5652,6503
5652,6747
5652,7022
5652,7466
5652,7518
5652,7623
5653,649
5653,749
5653,2474
5653,4300
5653,4758
5653,5090
5653,6104
5653,6502
5653,7073
5654,28
5654,305
5654,652
5654,762
5654,1174
5654,1280
5654,1429
5654,1899
5654,1961
5654,2239
5654,2621
5654,2796
5654,3256
5654,3698
5654,3744
5654,3856
5654,3969
5654,4174
5654,4199
5654,4295
5654,4407
5654,4464
5654,4701
5654,5694
5654,6572
5654,6702
5654,6730
5654,6807
5654,6917
5654,7453
5654,7550
5655,1781
5655,2022
5655,2139
5655,2842
5655,3350
5655,3416
5655,4721
5655,4911
5655,5005
5655,5242
5655,5319
5655,5416
5655,6239
5655,6865
5655,7249
5656,21
5656,67
5656,93
5656,193
5656,209
5656,524
5656,734
5656,1049
5656,2412
5656,2492
5656,2702
5656,2840
5656,3107
5656,3303
5656,3735
5656,3766
5656,3884
5656,3953
5656,4000
5656,4051
5656,4646
5656,4698
5656,5563
5656,5713
5656,6169
5656,6514
5656,6612
5656,6768
5656,7050
5656,7081
5656,7316
5656,7532
5656,7575
5657,1205
5657,1961
5657,2996
5657,3507
5657,3600
5657,3802
5657,5156
5658,412
5658,1243
5658,1734
5658,1867
5658,2192
5658,2854
5658,3024
5658,4236
5658,4864
5658,6099
5658,7014
5658,7506
5659,1280
5659,5109
5659,5136
5659,6807
5660,2246
5660,4024
5661,103
5661,223
5661,606
5661,834
5661,881
5661,970
5661,1060
5661,1189
5661,1253
5661,1335
5661,1347
5661,1353
5661,1377
5661,1596
5661,1610
5661,1840
5661,1981
5661,2113
5661,2213
5661,2239
5661,2299
5661,2339
5661,2765
5661,2941
5661,3035
5661,3171
5661,3183
5661,3310
5661,3501
5661,3698
5661,3712
5661,3895
5661,4097
5661,4282
5661,4384
5661,4490
5661,4803
5661,4952
5661,5461
5661,5843
5661,5947
5661,5953
5661,6085
5661,6142
5661,6269
5661,6297
5661,6572
5661,6618
5661,6629
5661,6726
5661,7267
5661,7276
5661,7330
5661,7365
5661,7406
5661,7409
5661,7503
5661,7596
5661,7599
5661,7633
5662,38
5662,216
5662,275
5662,324
5662,328
5662,453
5662,529
5662,569
5662,779
5662,1309
5662,1396
5662,1459
5662,1609
5662,1706
5662,1743
5662,1849
5662,2090
5662,2189
5662,2326
5662,2552
5662,3023
5662,3032
5662,3324
5662,3543
5662,3570
5662,3597
5662,3598
5662,3640
5662,3649
5662,4342
5662,4739
5662,4938
5662,5448
5662,5491
5662,5602
5662,5753
5662,6275
5662,6602
5662,6965
5662,7073
5662,7368
5662,7437
5663,45
5663,1955
5663,3281
5663,3662
5663,4452
5663,5074
5663,6117
5663,7287
5663,7334
5663,7538
5663,7594
5664,28
5664,146
5664,274
5664,301
5664,395
5664,413
5664,461
5664,489
5664,528
5664,597
5664,659
5664,673
5664,675
5664,764
5664,765
5664,777
5664,847
5664,953
5664,954
5664,1027
5664,1130
5664,1167
5664,1195
5664,1280
5664,1295
5664,1302
5664,1337
5664,1407
5664,1417
5664,1418
5664,1429
5664,1500
5664,1595
5664,1651
5664,1671
5664,1673
5664,1929
5664,1962
5664,1966
5664,1979
5664,2032
5664,2065
5664,2104
5664,2149
5664,2163
5664,2244
5664,2295
5664,2368
5664,2400
5664,2462
5664,2494
5664,2502
5664,2559
5664,2627
5664,2760
5664,2761
5664,2807
5664,2857
5664,2927
5664,3103
5664,3155
5664,3179
5664,3203
5664,3218
5664,3249
5664,3295
5664,3358
5664,3381
5664,3433
5664,3473
5664,3492
5664,3578
5664,3817
5664,3889
5664,3928
5664,4194
5664,4338
5664,4344
5664,4373
5664,4489
5664,4601
5664,4685
5664,4792
5664,4835
5664,4863
5664,4894
5664,4900
5664,4907
5664,5022
5664,5080
5664,5116
5664,5123
5664,5142
5664,5206
5664,5213
5664,5214
5664,5226
5664,5343
5664,5354
5664,5378
5664,5388
5664,5484
5664,5487
5664,5504
5664,5549
5664,5620
5664,5729
5664,5788
5664,5880
5664,5895
5664,5924
5664,5990
5664,6060
5664,6114
5664,6136
5664,6444
5664,6493
5664,6538
5664,6757
5664,6759
5664,6807
5664,7005
5664,7112
5664,7125
5664,7224
5664,7226
5664,7397
5664,7467
5665,73
5665,551
5665,1189
5665,1707
5665,1940
5665,2371
5665,2579
5665,2993
5665,2999
5665,3199
5665,4054
5665,4427
5665,4811
5665,5000
5665,5842
5665,6412
5665,6920
5665,7131
5666,1681
5666,2280
5666,2742
5666,2762
5666,3828
5666,4560
5666,5725
5666,6147
5666,7201
5666,7237
5666,7386
5667,495
5667,502
5667,803
5667,835
5667,1058
5667,1418
5667,1650
5667,1990
5667,2032
5667,2198
5667,2205
5667,2239
5667,2287
5667,2370
5667,3070
5667,3433
5667,3469
5667,3548
5667,3578
5667,3654
5667,3697
5667,3710
5667,4376
5667,4573
5667,4805
5667,5132
5667,5234
5667,5559
5667,6064
5667,6171
5667,6219
5667,6464
5667,7518
5668,174
5668,186
5668,879
5668,928
5668,937
5668,1272
5668,1346
5668,1709
5668,1863
5668,2099
5668,2419
5668,3217
5668,3558
5668,3575
5668,3895
5668,4264
5668,4441
5668,4583
5668,6046
5668,7124
5668,7407
5668,7648
5669,183
5669,258
5669,593
5669,774
5669,1058
5669,1575
5669,1744
5669,1899
5669,2198
5669,2206
5669,2410
5669,2553
5669,2675
5669,2832
5669,3623
5669,3648
5669,3748
5669,3799
5669,4164
5669,4578
5669,4805
5669,4870
5669,5037
5669,5399
5669,5404
5669,5518
5669,5881
5669,6024
5669,6398
5669,6409
5669,6551
5669,6673
5669,6678
5669,6702
5669,7003
5669,7346
5669,7464
5669,7477
5670,1398
5670,3200
5670,3639
5670,4597
5670,5579
5670,6862
5670,7199
5671,93
5671,151
5671,195
5671,941
5671,988
5671,1068
5671,1107
5671,1161
5671,1338
5671,1556
5671,1773
5671,1964
5671,1989
5671,2293
5671,2316
5671,2422
5671,2803
5671,3396
5671,3676
5671,3993
5671,4025
5671,4051
5671,4323
5671,4875
5671,5337
5671,5440
5671,5913
5671,6051
5671,6225
5671,6299
5671,6337
5671,6817
5671,6845
5671,7019
5671,7221
5671,7473
5672,277
5672,1704
5672,6043
5673,120
5673,423
5673,932
5673,1021
5673,1124
5673,1234
5673,1262
5673,1806
5673,1855
5673,2130
5673,2362
5673,3231
5673,4237
5673,4399
5673,4655
5673,6138
5673,7460
5674,28
5674,40
5674,143
5674,262
5674,299
5674,456
5674,881
5674,1185
5674,1280
5674,1610
5674,1725
5674,2043
5674,2113
5674,2438
5674,2586
5674,2738
5674,2795
5674,2801
5674,3339
5674,3888
5674,3966
5674,4029
5674,4033
5674,4173
5674,4294
5674,4373
5674,4522
5674,4940
5674,5022
5674,5181
5674,5504
5674,5864
5674,6015
5674,6403
5674,7020
5674,7032
5674,7225
5674,7330
5674,7589
5675,256
5675,884
5675,977
5675,1326
5675,1367
5675,1791
5675,2064
5675,4214
5675,4925
5675,5092
5675,5523
5675,5581
5675,5618
5675,5793
5675,6130
5675,6419
5676,213
5676,287
5676,308
5676,432
5676,495
5676,583
5676,766
5676,953
5676,1014
5676,1069
5676,1094
5676,1418
5676,1495
5676,1499
5676,1572
5676,1619
5676,1753
5676,1794
5676,1802
5676,1941
5676,1962
5676,2055
5676,2058
5676,2143
5676,2171
5676,2198
5676,2239
5676,2372
5676,2418
5676,2490
5676,2664
5676,2955
5676,2977
5676,2993
5676,3015
5676,3223
5676,3279
5676,3330
5676,3466
5676,3578
5676,3607
5676,3866
5676,3887
5676,3890
5676,3895
5676,3925
5676,4054
5676,4063
5676,4102
5676,4480
5676,4722
5676,4851
5676,4890
5676,5022
5676,5132
5676,5179
5676,5287
5676,5455
5676,5652
5676,5758
5676,5962
5676,6098
5676,6128
5676,6211
5676,6395
5676,6448
5676,6588
5676,6770
5676,6880
5676,6992
5676,7005
5676,7029
5676,7044
5676,7067
5676,7151
5676,7466
5676,7584
5677,2373
5677,4325
5677,6300
5677,6780
5678,2793
5678,3213
5678,4805
5678,4889
5678,5234
5678,6592
5679,261
5679,484
5679,593
5679,706
5679,811
5679,868
5679,1165
5679,1222
5679,1467
5679,2030
5679,2198
5679,2380
5679,2598
5679,2649
5679,2981
5679,3287
5679,3547
5679,3683
5679,4188
5679,4211
5679,4243
5679,4510
5679,4630
5679,4816
5679,4946
5679,5330
5679,5518
5679,5543
5679,5734
5679,5797
5679,6024
5679,6066
5679,6492
5679,6526
5679,6787
5679,6907
5679,6930
5679,6968
5679,7003
5679,7044
5679,7097
5679,7247
5679,7280
5679,7346
5680,66
5680,807
5680,1029
5680,2214
5680,2386
5680,2583
5680,3402
5680,3942
5680,4118
5680,4518
5680,5172
5680,5422
5680,5458
5680,6058
5680,6516
5680,6536
5681,78
5681,103
5681,206
5681,459
5681,647
5681,1332
5681,1781
5681,2022
5681,2139
5681,2369
5681,2503
5681,2842
5681,3288
5681,3350
5681,3416
5681,4099
5681,4298
5681,4515
5681,4721
5681,4911
5681,4965
5681,4981
5681,5005
5681,5113
5681,5242
5681,5252
5681,5319
5681,5416
5681,5607
5681,5831
5681,5871
5681,5954
5681,6018
5681,6132
5681,6220
5681,6239
5681,6273
5681,6559
5681,6734
5681,6865
5681,6918
5681,7249
5681,7431
5681,7484
5681,7554
5681,7642
5681,7645
5682,413
5682,1829
5682,2385
5682,2686
5682,2927
5682,3342
5682,4489
5682,4685
5682,4805
5682,5123
5682,5158
5682,5354
5682,6438
5683,437
5683,608
5683,798
5683,1135
5683,1405
5683,1606
5683,2851
5683,2942
5683,3033
5683,3200
5683,3414
5683,3537
5683,4299
5683,4370
5683,4401
5683,6080
5683,6150
5683,6529
5683,6727
5683,6903
5683,7082
5683,7138
5683,7185
5683,7199
5683,7327
5684,84
5684,157
5684,193
5684,205
5684,244
5684,347
5684,531
5684,651
5684,734
5684,880
5684,1043
5684,1049
5684,1051
5684,1138
5684,1150
5684,1164
5684,1219
5684,1288
5684,1419
5684,1440
5684,1588
5684,1869
5684,2051
5684,2190
5684,2282
5684,2496
5684,2539
5684,2742
5684,2876
5684,3107
5684,3121
5684,3227
5684,3248
5684,3429
5684,3571
5684,3661
5684,3833
5684,3852
5684,4020
5684,4104
5684,4209
5684,4260
5684,4332
5684,4471
5684,4587
5684,4660
5684,4677
5684,4907
5684,4997
5684,5238
5684,5298
5684,5326
5684,5411
5684,5434
5684,5533
5684,5578
5684,5580
5684,5699
5684,5746
5684,5854
5684,6025
5684,6072
5684,6122
5684,6432
5684,6463
5684,6515
5684,6523
5684,6577
5684,6583
5684,7026
5684,7034
5684,7051
5684,7316
5684,7450
5684,7562
5684,7575
5684,7620
5685,92
5685,551
5685,1296
5685,1586
5685,2201
5685,3427
5685,3688
5685,4039
5685,4356
5685,4373
5685,4422
5685,4724
5685,5772
5685,7134
5686,22
5686,172
5686,273
5686,519
5686,554
5686,557
5686,794
5686,965
5686,995
5686,1079
5686,1656
5686,1953
5686,2240
5686,2311
5686,2382
5686,2443
5686,2756
5686,2757
5686,3238
5686,3376
5686,3391
5686,3417
5686,3619
5686,3741
5686,3881
5686,3892
5686,3924
5686,4008
5686,4143
5686,4171
5686,4208
5686,4240
5686,4280
5686,4426
5686,4673
5686,4802
5686,4975
5686,5266
5686,6125
5686,6163
5686,6601
5686,6645
5686,6653
5686,6874
5686,7504
5686,7541
5686,7565
5687,82
5687,2467
5687,2582
5687,3308
5687,4678
5687,5800
5687,6013
5687,6238
5688,6764
5689,85
5689,258
5689,482
5689,593
5689,1102
5689,1492
5689,1663
5689,1798
5689,2106
5689,2198
5689,2239
5689,3269
5689,3428
5689,3502
5689,3532
5689,3608
5689,3734
5689,4184
5689,4230
5689,4737
5689,4768
5689,4952
5689,5385
5689,5404
5689,5471
5689,5525
5689,5707
5689,5797
5689,5931
5689,6039
5689,6313
5689,6551
5689,6618
5689,6646
5689,6702
5689,6704
5689,6707
5689,6906
5689,7071
5689,7114
5689,7395
5689,7535
5689,7599
5689,7628
5690,148
5690,524
5690,630
5690,1035
5690,1503
5690,1535
5690,2316
5690,2319
5690,2436
5690,2749
5690,2963
5690,3107
5690,3495
5690,3934
5690,4108
5690,4272
5690,4646
5690,5065
5690,5227
5690,5885
5690,6169
5690,6307
5690,6433
5690,6656
5690,7081
5690,7217
5690,7507
5691,412
5691,570
5691,1531
5691,1759
5691,1969
5691,2250
5691,2324
5691,3091
5691,3371
5691,3805
5691,4412
5691,4467
5691,4603
5691,4960
5691,5257
5691,5882
5691,6143
5691,6357
5691,7086
5692,442
5692,517
5692,828
5692,1016
5692,1122
5692,1434
5692,1672
5692,1759
5692,1766
5692,1983
5692,2019
5692,2098
5692,2260
5692,2327
5692,2357
5692,2717
5692,2754
5692,2806
5692,3065
5692,3291
5692,3575
5692,3840
5692,4236
5692,4619
5692,4666
5692,4704
5692,4739
5692,4751
5692,5245
5692,5409
5692,5529
5692,6164
5692,6416
5692,6502
5692,6552
5692,6772
5692,6842
5692,7060
5692,7241
5692,7255
5692,7348
5692,7402
5693,7260
5694,305
5694,616
5694,1174
5694,1353
5694,1510
5694,1596
5694,1610
5694,1961
5694,1981
5694,2239
5694,3256
5694,3310
5694,3394
5694,3698
5694,3744
5694,3789
5694,4295
5694,4407
5694,5222
5694,5654
5694,6572
5694,6726
5694,6807
5694,7305
5694,7374
5695,354
5695,396
5695,495
5695,532
5695,547
5695,574
5695,799
5695,1201
5695,1208
5695,1369
5695,1384
5695,1971
5695,2239
5695,2846
5695,3522
5695,4059
5695,4204
5695,4444
5695,4481
5695,4672
5695,5021
5695,5193
5695,5196
5695,5213
5695,5719
5695,5865
5695,5891
5695,6498
5695,6697
5695,6747
5695,7040
5695,7199
5695,7466
5695,7533
5696,485
5696,1457
5696,1905
5696,1930
5696,3605
5697,187
5697,314
5697,667
5697,740
5697,884
5697,1065
5697,1455
5697,1502
5697,1537
5697,1804
5697,1909
5697,2148
5697,2792
5697,3127
5697,3258
5697,3424
5697,3656
5697,4145
5697,4146
5697,4615
5697,4937
5697,4943
5697,5153
5697,5169
5697,5237
5697,5419
5697,5698
5697,5860
5697,5867
5697,6090
5697,6130
5697,6200
5697,6376
5697,6396
5697,6652
5697,6993
5697,7052
5697,7404
5698,256
5698,314
5698,1065
5698,1502
5698,1804
5698,2148
5698,5169
5698,5237
5698,5697
5698,5860
5698,5867
5698,6130
5699,1419
5699,2482
5699,3205
5699,5473
5699,5684
5700,343
5700,5052
5700,7076
5701,209
5701,524
5701,703
5701,734
5701,1035
5701,3227
5701,3437
5701,4209
5701,4235
5701,4994
5701,6169
5701,6433
5701,7050
5701,7532
5702,227
5702,1489
5702,2452
5702,4627
5702,5347
5702,5454
5703,42
5703,419
5703,522
5703,592
5703,1002
5703,1024
5703,1591
5703,1744
5703,1899
5703,2095
5703,2117
5703,2173
5703,2556
5703,2887
5703,3063
5703,3438
5703,3657
5703,4217
5703,4650
5703,4812
5703,4828
5703,4848
5703,5061
5703,5302
5703,5372
5703,5932
5703,6289
5703,6414
5703,6702
5703,6759
5703,6887
5703,6983
5703,7276
5703,7534
5704,85
5704,942
5704,2370
5704,2441
5704,3559
5704,4177
5704,4313
5704,4376
5704,4384
5704,4830
5704,4952
5704,5222
5704,6794
5705,1674
5705,1856
5705,1924
5705,2505
5705,6241
5706,275
5706,570
5706,749
5706,787
5706,806
5706,828
5706,882
5706,1531
5706,1696
5706,1732
5706,1759
5706,1969
5706,2090
5706,2134
5706,2192
5706,2250
5706,2260
5706,2324
5706,2327
5706,2622
5706,2822
5706,3116
5706,4236
5706,4256
5706,4312
5706,4467
5706,4666
5706,4960
5706,5257
5706,5906
5706,6143
5706,6164
5706,6679
5706,7555
5707,14
5707,23
5707,27
5707,42
5707,61
5707,77
5707,92
5707,98
5707,124
5707,170
5707,220
5707,235
5707,260
5707,272
5707,290
5707,320
5707,345
5707,346
5707,369
5707,421
5707,431
5707,446
5707,449
5707,473
5707,475
5707,479
5707,482
5707,521
5707,527
5707,540
5707,553
5707,568
5707,593
5707,696
5707,711
5707,726
5707,727
5707,731
5707,735
5707,780
5707,789
5707,795
5707,810
5707,814
5707,836
5707,841
5707,869
5707,916
5707,942
5707,951
5707,958
5707,973
5707,1018
5707,1040
5707,1058
5707,1067
5707,1102
5707,1105
5707,1106
5707,1152
5707,1178
5707,1210
5707,1211
5707,1224
5707,1254
5707,1268
5707,1327
5707,1350
5707,1370
5707,1377
5707,1406
5707,1415
5707,1421
5707,1430
5707,1447
5707,1453
5707,1472
5707,1485
5707,1492
5707,1526
5707,1540
5707,1545
5707,1563
5707,1614
5707,1620
5707,1624
5707,1628
5707,1634
5707,1668
5707,1684
5707,1690
5707,1711
5707,1735
5707,1738
5707,1833
5707,1840
5707,1862
5707,1880
5707,1959
5707,1965
5707,1975
5707,1991
5707,1996
5707,2033
5707,2039
5707,2042
5707,2048
5707,2106
5707,2115
5707,2124
5707,2129
5707,2166
5707,2183
5707,2198
5707,2239
5707,2313
5707,2331
5707,2340
5707,2377
5707,2384
5707,2396
5707,2406
5707,2410
5707,2471
5707,2479
5707,2521
5707,2571
5707,2573
5707,2600
5707,2614
5707,2657
5707,2661
5707,2671
5707,2725
5707,2730
5707,2744
5707,2770
5707,2772
5707,2782
5707,2812
5707,2855
5707,2881
5707,2882
5707,2888
5707,2911
5707,2981
5707,3018
5707,3073
5707,3074
5707,3105
5707,3149
5707,3172
5707,3177
5707,3184
5707,3185
5707,3196
5707,3226
5707,3234
5707,3261
5707,3297
5707,3311
5707,3347
5707,3362
5707,3370
5707,3428
5707,3459
5707,3493
5707,3502
5707,3538
5707,3594
5707,3616
5707,3646
5707,3672
5707,3703
5707,3710
5707,3713
5707,3734
5707,3748
5707,3758
5707,3844
5707,3859
5707,3910
5707,3947
5707,3958
5707,3973
5707,4029
5707,4071
5707,4080
5707,4095
5707,4096
5707,4154
5707,4157
5707,4167
5707,4177
5707,4184
5707,4196
5707,4203
5707,4210
5707,4241
5707,4253
5707,4257
5707,4290
5707,4313
5707,4326
5707,4350
5707,4352
5707,4355
5707,4366
5707,4376
5707,4384
5707,4388
5707,4392
5707,4402
5707,4420
5707,4422
5707,4465
5707,4510
5707,4511
5707,4535
5707,4556
5707,4570
5707,4595
5707,4608
5707,4616
5707,4658
5707,4670
5707,4680
5707,4737
5707,4768
5707,4787
5707,4806
5707,4827
5707,4871
5707,4952
5707,4971
5707,4983
5707,5008
5707,5039
5707,5070
5707,5111
5707,5194
5707,5195
5707,5199
5707,5222
5707,5224
5707,5251
5707,5278
5707,5296
5707,5344
5707,5351
5707,5365
5707,5371
5707,5399
5707,5404
5707,5415
5707,5459
5707,5463
5707,5490
5707,5510
5707,5534
5707,5556
5707,5612
5707,5623
5707,5626
5707,5641
5707,5646
5707,5689
5707,5710
5707,5714
5707,5740
5707,5799
5707,5833
5707,5855
5707,5859
5707,5881
5707,5945
5707,5952
5707,5955
5707,5961
5707,5976
5707,5979
5707,6024
5707,6039
5707,6054
5707,6075
5707,6082
5707,6121
5707,6156
5707,6202
5707,6242
5707,6303
5707,6315
5707,6354
5707,6400
5707,6449
5707,6468
5707,6487
5707,6492
5707,6537
5707,6540
5707,6551
5707,6553
5707,6562
5707,6582
5707,6588
5707,6631
5707,6634
5707,6646
5707,6701
5707,6702
5707,6704
5707,6707
5707,6723
5707,6738
5707,6760
5707,6775
5707,6778
5707,6804
5707,6890
5707,6892
5707,6907
5707,6921
5707,6933
5707,6952
5707,6961
5707,6971
5707,6984
5707,6990
5707,7008
5707,7036
5707,7044
5707,7046
5707,7071
5707,7085
5707,7091
5707,7103
5707,7147
5707,7166
5707,7170
5707,7174
5707,7210
5707,7280
5707,7311
5707,7320
5707,7353
5707,7369
5707,7424
5707,7465
5707,7471
5707,7501
5707,7520
5707,7525
5707,7535
5707,7537
5707,7539
5707,7548
5707,7572
5707,7580
5707,7582
5707,7592
5707,7593
5707,7597
5707,7607
5707,7610
5707,7619
5707,7628
5708,28
5708,262
5708,305
5708,403
5708,593
5708,756
5708,1034
5708,1228
5708,1245
5708,1280
5708,1347
5708,1470
5708,1585
5708,1744
5708,1782
5708,1834
5708,1899
5708,1911
5708,1929
5708,2070
5708,2077
5708,2198
5708,2239
5708,2250
5708,2286
5708,2447
5708,2586
5708,2740
5708,2960
5708,3051
5708,3224
5708,3278
5708,3419
5708,3578
5708,3623
5708,3698
5708,3856
5708,4001
5708,4164
5708,4731
5708,4805
5708,4854
5708,4900
5708,5006
5708,5114
5708,5364
5708,5437
5708,5500
5708,5615
5708,5772
5708,5864
5708,5997
5708,6338
5708,6464
5708,6568
5708,6600
5708,6947
5708,7293
5708,7298
5708,7395
5709,266
5709,408
5709,593
5709,1011
5709,1090
5709,1453
5709,1472
5709,1483
5709,1590
5709,1690
5709,2013
5709,2017
5709,2198
5709,2719
5709,2729
5709,2883
5709,2956
5709,2974
5709,3060
5709,3183
5709,3538
5709,3613
5709,3659
5709,3762
5709,3895
5709,3965
5709,4376
5709,4384
5709,4864
5709,5082
5709,5576
5709,5931
5709,6017
5709,6027
5709,6115
5709,6992
5709,7067
5709,7269
5709,7296
5709,7401
5709,7616
5710,260
5710,431
5710,1268
5710,1368
5710,4376
5710,4384
5710,5707
5710,5740
5710,5816
5711,186
5711,1785
5711,1900
5711,2667
5711,2899
5711,2953
5711,4105
5711,4905
5711,7411
5711,7506
5712,348
5712,354
5712,452
5712,547
5712,594
5712,635
5712,792
5712,799
5712,823
5712,929
5712,1147
5712,1201
5712,1203
5712,1208
5712,1231
5712,1265
5712,1462
5712,1542
5712,1576
5712,1715
5712,1837
5712,1968
5712,1971
5712,2203
5712,2276
5712,2278
5712,2403
5712,2578
5712,2580
5712,2642
5712,2841
5712,2846
5712,2858
5712,3110
5712,3254
5712,3286
5712,3402
5712,3522
5712,3943
5712,4036
5712,4119
5712,4132
5712,4139
5712,4166
5712,4481
5712,4547
5712,4977
5712,4998
5712,5021
5712,5055
5712,5196
5712,5233
5712,5766
5712,6158
5712,6292
5712,6375
5712,6659
5712,6697
5712,6863
5712,6883
5712,6938
5712,7028
5712,7148
5712,7301
5712,7533
5712,7625
5713,373
5713,918
5713,1109
5713,1748
5713,2074
5713,2315
5713,2702
5713,4283
5713,4505
5713,5656
5713,5965
5713,6501
5713,7030
5713,7112
5713,7316
5714,85
5714,260
5714,369
5714,593
5714,789
5714,831
5714,1058
5714,1210
5714,1268
5714,1293
5714,1330
5714,1368
5714,1415
5714,1453
5714,1513
5714,1621
5714,1705
5714,1798
5714,2033
5714,2198
5714,2370
5714,2617
5714,2657
5714,2744
5714,2881
5714,3226
5714,3311
5714,3334
5714,3370
5714,3408
5714,3895
5714,3948
5714,4080
5714,4096
5714,4164
5714,4376
5714,4384
5714,4806
5714,4864
5714,4952
5714,4983
5714,5058
5714,5222
5714,5296
5714,5404
5714,5623
5714,5626
5714,5641
5714,5649
5714,5707
5714,5740
5714,5816
5714,5937
5714,6075
5714,6098
5714,6183
5714,6400
5714,6449
5714,6551
5714,6707
5714,7147
5714,7296
5714,7464
5714,7582
5714,7607
5715,2762
5715,5812
5715,6147
5715,7438
5716,1058
5716,2175
5716,2558
5716,2798
5716,4805
5716,5312
5716,7250
5717,4203
5717,4682
5717,5372
5718,147
5718,481
5718,561
5718,685
5718,746
5718,943
5718,1223
5718,1509
5718,1562
5718,1646
5718,2073
5718,2395
5718,2444
5718,2786
5718,2983
5718,3452
5718,4244
5718,4423
5718,4478
5718,4564
5718,4663
5718,4711
5718,4921
5718,5072
5718,5230
5718,5357
5718,5489
5718,5737
5718,5972
5718,5974
5718,6168
5718,6222
5718,6311
5718,6488
5718,6609
5718,6625
5718,6924
5718,7324
5718,7383
5718,7598
5719,521
5719,526
5719,1549
5719,1733
5719,1901
5719,2093
5719,2231
5719,2525
5719,2536
5719,2794
5719,3209
5719,3510
5719,4672
5719,5120
5719,5264
5719,5373
5719,5695
5719,5865
5719,6038
5719,6131
5719,6196
5719,6388
5719,6672
5719,6909
5719,7322
5720,664
5720,1288
5720,1543
5720,2282
5720,3429
5720,3603
5720,4104
5720,4291
5720,4625
5720,5854
5720,6120
5720,6573
5720,6979
5720,7450
5720,7620
5720,7622
5721,147
5721,425
5721,481
5721,561
5721,618
5721,1223
5721,1562
5721,1917
5721,2786
5721,2843
5721,2853
5721,3904
5721,4244
5721,4411
5721,4485
5721,4663
5721,6222
5721,6488
5721,6609
5721,6625
5721,7383
5721,7598
5722,5
5722,20
5722,71
5722,584
5722,956
5722,1291
5722,1453
5722,1521
5722,1549
5722,1607
5722,1624
5722,1665
5722,1978
5722,2198
5722,2215
5722,2325
5722,2703
5722,2893
5722,2903
5722,3083
5722,3125
5722,3134
5722,3270
5722,3455
5722,3506
5722,3559
5722,3758
5722,4067
5722,4153
5722,4376
5722,4384
5722,4503
5722,4525
5722,4584
5722,4634
5722,4707
5722,5132
5722,5174
5722,5231
5722,5641
5722,5813
5722,5943
5722,6029
5722,6047
5722,6412
5722,6427
5722,6547
5722,6610
5722,6909
5722,6952
5722,6992
5722,7147
5722,7149
5722,7296
5722,7322
5722,7401
5723,93
5723,117
5723,373
5723,764
5723,872
5723,941
5723,1009
5723,1107
5723,1161
5723,1534
5723,2034
5723,2136
5723,2293
5723,2315
5723,2646
5723,2662
5723,2803
5723,3186
5723,3244
5723,3622
5723,3993
5723,4051
5723,4328
5723,4804
5723,4810
5723,4906
5723,5185
5723,5454
5723,5466
5723,5644
5723,5913
5723,5918
5723,6504
5723,6549
5723,6821
5723,6970
5723,6991
5723,7286
5724,4238
5724,4906
5724,5821
5725,199
5725,1381
5725,1936
5725,2280
5725,2762
5725,3219
5725,3244
5725,3828
5725,3981
5725,4106
5725,4238
5725,4336
5725,4646
5725,4689
5725,4786
5725,5337
5725,5402
5725,5666
5725,6433
5725,7155
5725,7586
5726,4034
5727,156
5727,645
5727,1564
5727,1895
5727,3562
5727,4363
5727,4640
5727,5547
5727,5599
5727,5755
5727,6127
5727,6871
5727,7378
5727,7457
5728,456
5728,526
5728,4747
5728,6110
5728,7250
5729,2295
5729,3578
5729,4073
5729,4805
5729,5664
5729,7467
5730,85
5730,369
5730,593
5730,789
5730,795
5730,904
5730,939
5730,1058
5730,1113
5730,1210
5730,1293
5730,1453
5730,1621
5730,1624
5730,1798
5730,1918
5730,2039
5730,2106
5730,2198
5730,2215
5730,2370
5730,2377
5730,2600
5730,2620
5730,2848
5730,2852
5730,2911
5730,3183
5730,3185
5730,3311
5730,3895
5730,3926
5730,4233
5730,4313
5730,4376
5730,4384
5730,4806
5730,4864
5730,4919
5730,5296
5730,5351
5730,5626
5730,5641
5730,6100
5730,6551
5730,6701
5730,6702
5730,6707
5730,6760
5730,6877
5730,6933
5730,6936
5730,7071
5730,7085
5730,7269
5730,7280
5730,7296
5730,7464
5730,7465
5730,7525
5730,7580
5730,7612
5731,1804
5731,2154
5732,85
5732,192
5732,584
5732,593
5732,766
5732,813
5732,904
5732,1113
5732,1284
5732,1293
5732,1330
5732,1453
5732,1634
5732,1708
5732,1959
5732,2198
5732,2215
5732,2239
5732,2370
5732,2571
5732,3079
5732,3183
5732,3359
5732,3748
5732,4153
5732,4164
5732,4376
5732,4384
5732,4570
5732,4805
5732,4806
5732,4952
5732,5048
5732,5132
5732,5222
5732,5286
5732,5641
5732,5816
5732,5881
5732,6313
5732,6551
5732,6649
5732,6702
5732,6981
5732,7320
5732,7582
5733,3425
5733,3642
5733,3661
5733,4969
5733,6109
5733,7260
5733,7292
5734,24
5734,42
5734,77
5734,258
5734,261
5734,267
5734,304
5734,309
5734,319
5734,351
5734,438
5734,455
5734,484
5734,534
5734,540
5734,552
5734,593
5734,599
5734,622
5734,632
5734,633
5734,659
5734,710
5734,811
5734,868
5734,900
5734,906
5734,945
5734,1017
5734,1018
5734,1097
5734,1100
5734,1102
5734,1152
5734,1186
5734,1222
5734,1236
5734,1280
5734,1329
5734,1350
5734,1415
5734,1429
5734,1447
5734,1491
5734,1517
5734,1538
5734,1582
5734,1639
5734,1671
5734,1723
5734,1727
5734,1744
5734,1746
5734,1838
5734,1899
5734,1929
5734,1942
5734,2030
5734,2102
5734,2106
5734,2198
5734,2239
5734,2247
5734,2336
5734,2380
5734,2396
5734,2406
5734,2553
5734,2586
5734,2615
5734,2649
5734,2812
5734,2832
5734,2859
5734,3020
5734,3049
5734,3074
5734,3105
5734,3138
5734,3160
5734,3247
5734,3419
5734,3422
5734,3438
5734,3446
5734,3514
5734,3545
5734,3547
5734,3550
5734,3578
5734,3648
5734,3704
5734,3720
5734,3799
5734,3817
5734,3856
5734,3858
5734,3897
5734,3946
5734,3951
5734,4023
5734,4024
5734,4127
5734,4148
5734,4176
5734,4211
5734,4217
5734,4257
5734,4347
5734,4376
5734,4380
5734,4388
5734,4402
5734,4442
5734,4463
5734,4483
5734,4522
5734,4538
5734,4588
5734,4630
5734,4641
5734,4650
5734,4754
5734,4755
5734,4805
5734,4812
5734,4848
5734,4895
5734,4934
5734,4941
5734,4954
5734,5006
5734,5013
5734,5050
5734,5054
5734,5077
5734,5141
5734,5143
5734,5160
5734,5241
5734,5255
5734,5290
5734,5293
5734,5302
5734,5359
5734,5362
5734,5365
5734,5372
5734,5385
5734,5399
5734,5404
5734,5441
5734,5488
5734,5493
5734,5496
5734,5518
5734,5543
5734,5556
5734,5584
5734,5637
5734,5679
5734,5780
5734,5833
5734,5853
5734,5881
5734,5897
5734,5937
5734,5982
5734,6021
5734,6024
5734,6156
5734,6215
5734,6361
5734,6449
5734,6528
5734,6673
5734,6678
5734,6688
5734,6702
5734,6707
5734,6759
5734,6800
5734,6807
5734,6847
5734,6849
5734,6921
5734,6930
5734,6968
5734,6978
5734,7003
5734,7042
5734,7070
5734,7103
5734,7150
5734,7215
5734,7247
5734,7294
5734,7311
5734,7337
5734,7346
5734,7352
5734,7413
5734,7464
5734,7477
5734,7577
5734,7604
5735,2198
5735,2793
5735,3213
5735,4715
5735,5234
5736,131
5736,1728
5736,4993
5736,5336
5736,6453
5736,7257
5736,7342
5737,147
5737,481
5737,510
5737,561
5737,618
5737,688
5737,746
5737,782
5737,837
5737,992
5737,1223
5737,1292
5737,1529
5737,1622
5737,1646
5737,2444
5737,2468
5737,2489
5737,2499
5737,2786
5737,2896
5737,2983
5737,3180
5737,3393
5737,3399
5737,3452
5737,3504
5737,3733
5737,4117
5737,4123
5737,4151
5737,4244
5737,4353
5737,4411
5737,4485
5737,4487
5737,4498
5737,4524
5737,4564
5737,4663
5737,4681
5737,4711
5737,4884
5737,5072
5737,5270
5737,5357
5737,5718
5737,5896
5737,5974
5737,6106
5737,6229
5737,6311
5737,6488
5737,6508
5737,6625
5737,6829
5737,6924
5737,7110
5737,7218
5737,7324
5737,7383
5737,7444
5737,7463
5737,7489
5737,7490
5737,7531
5737,7598
5738,166
5738,788
5738,1537
5738,2292
5738,2874
5738,5586
5738,6144
5738,6873
5739,352
5739,429
5739,526
5739,631
5739,655
5739,669
5739,777
5739,808
5739,809
5739,898
5739,1196
5739,1521
5739,1601
5739,1810
5739,1922
5739,2026
5739,2059
5739,2111
5739,2273
5739,2279
5739,2404
5739,3443
5739,3457
5739,3510
5739,3559
5739,3896
5739,4067
5739,4069
5739,4500
5739,4629
5739,5115
5739,5648
5739,6067
5739,6296
5739,6512
5739,6569
5739,6715
5739,6909
5739,7250
5739,7512
5739,7608
5740,42
5740,92
5740,170
5740,192
5740,235
5740,240
5740,260
5740,320
5740,366
5740,369
5740,431
5740,473
5740,482
5740,552
5740,566
5740,593
5740,726
5740,727
5740,762
5740,789
5740,836
5740,869
5740,951
5740,989
5740,1040
5740,1058
5740,1067
5740,1097
5740,1178
5740,1210
5740,1254
5740,1268
5740,1293
5740,1415
5740,1453
5740,1492
5740,1524
5740,1545
5740,1575
5740,1634
5740,1665
5740,1668
5740,1735
5740,1784
5740,1798
5740,1840
5740,1862
5740,1959
5740,1996
5740,2033
5740,2106
5740,2115
5740,2129
5740,2198
5740,2239
5740,2313
5740,2370
5740,2377
5740,2396
5740,2410
5740,2441
5740,2479
5740,2573
5740,2600
5740,2671
5740,2812
5740,2881
5740,2882
5740,2888
5740,2938
5740,2979
5740,2991
5740,3070
5740,3074
5740,3234
5740,3284
5740,3347
5740,3362
5740,3377
5740,3428
5740,3459
5740,3692
5740,3710
5740,3748
5740,4071
5740,4114
5740,4184
5740,4257
5740,4350
5740,4373
5740,4376
5740,4384
5740,4392
5740,4466
5740,4535
5740,4608
5740,4787
5740,4806
5740,4877
5740,4934
5740,5039
5740,5042
5740,5194
5740,5224
5740,5258
5740,5278
5740,5296
5740,5392
5740,5415
5740,5490
5740,5612
5740,5623
5740,5626
5740,5641
5740,5649
5740,5707
5740,5710
5740,5714
5740,5833
5740,5840
5740,5881
5740,6047
5740,6075
5740,6082
5740,6149
5740,6228
5740,6400
5740,6409
5740,6468
5740,6487
5740,6492
5740,6551
5740,6562
5740,6582
5740,6646
5740,6658
5740,6678
5740,6692
5740,6702
5740,6707
5740,6804
5740,6847
5740,6933
5740,7032
5740,7044
5740,7046
5740,7054
5740,7071
5740,7091
5740,7105
5740,7166
5740,7277
5740,7369
5740,7424
5740,7448
5740,7464
5740,7511
5740,7572
5740,7582
5740,7607
5740,7617
5740,7628
5741,5071
5741,5460
5741,7244
5742,3340
5743,246
5743,852
5743,980
5743,1036
5743,1198
5743,2222
5743,2739
5743,3026
5743,3531
5743,4320
5743,4362
5743,4725
5743,5417
5743,5535
5743,5604
5743,5630
5743,6195
5743,6293
5743,6298
5743,6328
5743,6358
5743,6719
5743,6851
5743,6868
5743,7153
5743,7375
5744,183
5744,534
5744,593
5744,1058
5744,1538
5744,1663
5744,1744
5744,1798
5744,1805
5744,1899
5744,1942
5744,2198
5744,2649
5744,3274
5744,4023
5744,4538
5744,4590
5744,5359
5744,5488
5744,5612
5744,6414
5744,6551
5744,6702
5744,6849
5744,6978
5745,1406
5745,3532
5745,6617
5745,7330
5746,93
5746,195
5746,545
5746,827
5746,941
5746,1051
5746,1087
5746,1107
5746,1150
5746,1381
5746,1443
5746,1536
5746,1691
5746,2051
5746,2539
5746,2875
5746,3244
5746,3248
5746,3396
5746,4025
5746,4587
5746,4875
5746,5185
5746,5238
5746,5337
5746,5684
5746,6429
5746,6463
5746,6504
5746,6773
5746,6817
5746,7026
5746,7386
5747,2264
5747,6623
5748,1255
5748,1454
5748,3662
5748,4428
5749,432
5749,748
5749,766
5749,771
5749,1069
5749,1357
5749,1418
5749,1802
5749,2058
5749,2143
5749,2239
5749,2418
5749,2490
5749,2977
5749,2993
5749,3223
5749,3330
5749,3421
5749,3532
5749,3578
5749,3607
5749,3672
5749,3866
5749,3895
5749,4037
5749,4054
5749,4223
5749,4790
5749,5366
5749,5948
5749,5962
5749,6358
5749,6581
5749,7054
5749,7067
5749,7269
5750,481
5750,653
5750,679
5750,812
5750,837
5750,1622
5750,2827
5750,3393
5750,4123
5750,4475
5750,4487
5750,4498
5750,4873
5750,5405
5750,5784
5750,6083
5750,6106
5750,6288
5750,6488
5750,6508
5750,6829
5750,6972
5750,7024
5750,7361
5751,147
5751,425
5751,481
5751,561
5751,746
5751,943
5751,1223
5751,1509
5751,1622
5751,1646
5751,2499
5751,2548
5751,2843
5751,2853
5751,3211
5751,3452
5751,3733
5751,4004
5751,4191
5751,4244
5751,4252
5751,4411
5751,4423
5751,4485
5751,4564
5751,4663
5751,4711
5751,5016
5751,5357
5751,5974
5751,6222
5751,6311
5751,6488
5751,6609
5751,6625
5751,6924
5751,7015
5751,7383
5751,7463
5751,7489
5751,7598
5753,324
5753,328
5753,570
5753,698
5753,749
5753,828
5753,850
5753,1360
5753,1609
5753,1648
5753,1696
5753,1759
5753,1969
5753,2090
5753,2250
5753,2326
5753,2516
5753,2596
5753,3346
5753,3371
5753,3640
5753,3649
5753,3722
5753,4070
5753,4883
5753,4938
5753,4960
5753,5045
5753,5069
5753,5540
5753,5662
5753,5848
5753,6250
5753,6357
5753,6670
5753,7073
5753,7086
5753,7614
5754,554
5754,557
5754,794
5754,995
5754,1079
5754,1488
5754,1656
5754,2240
5754,2311
5754,2382
5754,2757
5754,3150
5754,3231
5754,3516
5754,3880
5754,3924
5754,4143
5754,4280
5754,4673
5754,6125
5754,6163
5754,6587
5754,6653
5754,7565
5755,491
5755,645
5755,888
5755,1411
5755,1564
5755,1613
5755,1827
5755,2054
5755,2250
5755,3187
5755,3562
5755,3940
5755,4363
5755,5393
5755,5427
5755,5599
5755,5727
5755,6127
5755,6479
5755,6680
5755,6763
5755,6764
5755,6871
5755,7378
5755,7457
5756,5
5756,23
5756,33
5756,77
5756,85
5756,124
5756,258
5756,260
5756,369
5756,431
5756,482
5756,593
5756,727
5756,939
5756,951
5756,1011
5756,1113
5756,1214
5756,1218
5756,1226
5756,1293
5756,1421
5756,1431
5756,1456
5756,1540
5756,1545
5756,1614
5756,1684
5756,1798
5756,1907
5756,1945
5756,2013
5756,2106
5756,2124
5756,2198
5756,2302
5756,2313
5756,2340
5756,2370
5756,2380
5756,2571
5756,2575
5756,2620
5756,2671
5756,3051
5756,3184
5756,3363
5756,3377
5756,3408
5756,3428
5756,3713
5756,3756
5756,3804
5756,3895
5756,3947
5756,4157
5756,4286
5756,4326
5756,4333
5756,4376
5756,4384
5756,4465
5756,4535
5756,4658
5756,4662
5756,4787
5756,4806
5756,4952
5756,5015
5756,5139
5756,5201
5756,5259
5756,5302
5756,5404
5756,5518
5756,5525
5756,5626
5756,5816
5756,5955
5756,5979
5756,6024
5756,6265
5756,6449
5756,6462
5756,6484
5756,6551
5756,6658
5756,6673
5756,6702
5756,6707
5756,6906
5756,6971
5756,7008
5756,7071
5756,7085
5756,7103
5756,7170
5756,7231
5756,7294
5756,7428
5756,7464
5756,7487
5756,7537
5756,7568
5756,7607
5757,315
5757,554
5757,1772
5757,3236
5757,3741
5757,3924
5757,3997
5757,4008
5757,4280
5757,4351
5757,5876
5757,6653
5758,111
5758,461
5758,495
5758,952
5758,960
5758,985
5758,1990
5758,2425
5758,2629
5758,2714
5758,3203
5758,3295
5758,3578
5758,3654
5758,3723
5758,3739
5758,4185
5758,4419
5758,4670
5758,4805
5758,5676
5758,7456
5759,83
5759,959
5759,1124
5759,2181
5759,2526
5759,2710
5759,3231
5759,3747
5759,3801
5759,4144
5759,5883
5759,6002
5759,6286
5759,6550
5759,7356
5760,1961
5760,3101
5760,3716
5760,3802
5761,1956
5761,2354
5761,3612
5761,4805
5761,4967
5761,5435
5761,6172
5761,7000
5761,7518
5762,131
5762,204
5762,581
5762,737
5762,932
5762,1468
5762,1692
5762,1828
5762,2133
5762,2605
5762,3201
5762,3361
5762,3850
5762,4208
5762,4237
5762,4399
5762,4861
5762,4924
5762,5279
5762,5480
5762,6138
5762,6374
5762,6550
5762,7460
5763,87
5763,190
5763,333
5763,621
5763,643
5763,1230
5763,2254
5763,2481
5763,2515
5763,2613
5763,2810
5763,2880
5763,2978
5763,3485
5763,3599
5763,3709
5763,3740
5763,4078
5763,4172
5763,4308
5763,4750
5763,5076
5763,6277
5763,6283
5763,6356
5763,6836
5763,6908
5763,7078
5763,7583
5764,593
5764,881
5764,947
5764,1058
5764,1561
5764,1744
5764,1782
5764,1899
5764,1915
5764,2198
5764,2205
5764,2239
5764,2287
5764,2484
5764,2510
5764,2553
5764,2823
5764,3063
5764,3080
5764,3359
5764,3748
5764,4337
5764,4458
5764,4771
5764,4805
5764,4895
5764,5070
5764,5132
5764,5167
5764,5199
5764,5234
5764,5372
5764,5412
5764,5415
5764,5844
5764,5909
5764,6406
5764,6678
5764,6702
5764,6887
5764,6961
5764,7097
5764,7395
5765,250
5765,2897
5765,3005
5765,3351
5765,3731
5765,3937
5765,4454
5765,4571
5765,5571
5765,7479
5765,7588
5766,354
5766,452
5766,547
5766,594
5766,624
5766,799
5766,823
5766,929
5766,1147
5766,1201
5766,1203
5766,1208
5766,1265
5766,1462
5766,1571
5766,1605
5766,1713
5766,1837
5766,1968
5766,1971
5766,2278
5766,2403
5766,2578
5766,2580
5766,2642
5766,2841
5766,2846
5766,2858
5766,3110
5766,3338
5766,3402
5766,3522
5766,3943
5766,4036
5766,4119
5766,4139
5766,4481
5766,4977
5766,4998
5766,5021
5766,5073
5766,5196
5766,5590
5766,5712
5766,6158
5766,6292
5766,6659
5766,6697
5766,6863
5766,6883
5766,6938
5766,7028
5766,7567
5766,7625
5767,407
5767,1202
5767,1356
5767,1393
5767,3314
5767,3877
5767,4063
5767,4432
5767,4437
5767,4690
5767,4841
5767,4898
5767,5159
5767,6053
5767,6346
5767,6826
5767,6869
5767,6995
5767,7123
5767,7168
5767,7495
5767,7549
5768,2586
5768,4033
5768,6015
5769,24
5769,89
5769,319
5769,593
5769,622
5769,732
5769,1100
5769,1838
5769,2198
5769,2239
5769,2336
5769,2689
5769,2832
5769,3020
5769,3704
5769,3946
5769,5013
5769,5042
5769,5050
5769,5441
5769,5584
5769,5903
5769,6702
5769,6807
5769,7247
5769,7395
5770,330
5770,407
5770,636
5770,1008
5770,1116
5770,1216
5770,1235
5770,1274
5770,1530
5770,1755
5770,1789
5770,1921
5770,2082
5770,2464
5770,2693
5770,3129
5770,3728
5770,4717
5770,4841
5770,4898
5770,5159
5770,5622
5770,5792
5770,5837
5770,6471
5770,6643
5770,6885
5770,7161
5770,7192
5771,430
5771,829
5771,864
5771,1001
5771,1188
5771,1388
5771,1891
5771,2223
5771,2355
5771,2570
5771,2834
5771,2863
5771,2879
5771,2918
5771,3260
5771,3378
5771,3595
5771,3793
5771,3855
5771,3883
5771,4094
5771,4532
5771,4799
5771,4913
5771,4973
5771,5168
5771,5777
5771,5787
5771,5796
5771,5912
5771,6058
5771,6071
5771,6386
5771,6565
5771,6724
5771,7418
5772,73
5772,137
5772,143
5772,149
5772,229
5772,305
5772,456
5772,474
5772,803
5772,881
5772,1178
5772,1184
5772,1495
5772,1551
5772,1563
5772,1603
5772,1757
5772,1831
5772,1877
5772,1958
5772,2071
5772,2170
5772,2198
5772,2239
5772,2332
5772,2801
5772,3072
5772,3073
5772,3171
5772,3256
5772,3501
5772,3520
5772,3578
5772,3591
5772,3689
5772,3698
5772,3723
5772,3891
5772,4168
5772,4376
5772,4422
5772,4479
5772,4522
5772,4805
5772,5001
5772,5404
5772,5445
5772,5557
5772,5685
5772,5708
5772,5807
5772,5993
5772,6078
5772,6448
5772,6451
5772,6551
5772,6761
5772,6904
5772,7072
5772,7226
5772,7305
5772,7330
5772,7395
5773,3458
5773,3560
5773,5444
5774,273
5774,554
5774,557
5774,758
5774,995
5774,1488
5774,2240
5774,3150
5774,3516
5774,3563
5774,3924
5774,4280
5774,4673
5774,6125
5774,6163
5774,6645
5774,6653
5775,5
5775,71
5775,683
5775,864
5775,911
5775,936
5775,1448
5775,1521
5775,1967
5775,1978
5775,2112
5775,2172
5775,2404
5775,2522
5775,3062
5775,3083
5775,3125
5775,3250
5775,3270
5775,3404
5775,3455
5775,3520
5775,3784
5775,3821
5775,4500
5775,4596
5775,4707
5775,4811
5775,5813
5775,6029
5775,6067
5775,6296
5775,6412
5775,6547
5775,6610
5776,3200
5776,4597
5776,4929
5776,6862
5776,7199
5777,156
5777,768
5777,2863
5777,3265
5777,3793
5777,4116
5777,4654
5777,4799
5777,4862
5777,5527
5777,5574
5777,5771
5777,5912
5777,6542
5777,6744
5777,6856
5778,100
5778,638
5778,747
5778,761
5778,1335
5778,1394
5778,1931
5778,2081
5778,2261
5778,2274
5778,2404
5778,2427
5778,2430
5778,2574
5778,3005
5778,3635
5778,3907
5778,4042
5778,4255
5778,4378
5778,4454
5778,4577
5778,4687
5778,4823
5778,5175
5778,5248
5778,6067
5778,6142
5778,6548
5778,6651
5778,6721
5779,713
5779,3896
5779,6009
5780,593
5780,1100
5780,1838
5780,2198
5780,2553
5780,3020
5780,3648
5780,3799
5780,5441
5780,5734
5780,6702
5780,7477
5781,111
5781,835
5781,990
5781,1321
5781,1442
5781,1520
5781,1660
5781,1682
5781,1821
5781,1979
5781,2490
5781,3052
5781,3492
5781,3567
5781,3612
5781,3732
5781,3887
5781,3959
5781,4227
5781,4863
5781,4957
5781,5378
5781,6172
5781,6189
5781,6280
5781,6437
5781,6960
5781,7262
5781,7467
5781,7518
5781,7546
5782,290
5782,593
5782,687
5782,1058
5782,1102
5782,1249
5782,1708
5782,1711
5782,1723
5782,2198
5782,2207
5782,2553
5782,3051
5782,3502
5782,3782
5782,4376
5782,4578
5782,4805
5782,4983
5782,5381
5782,5404
5782,6414
5782,6673
5782,6702
5782,6985
5782,7036
5782,7174
5782,7209
5782,7597
5783,645
5783,697
5783,1280
5783,1429
5783,2180
5783,3164
5783,3856
5783,4363
5783,5599
5784,147
5784,444
5784,481
5784,561
5784,812
5784,837
5784,1086
5784,1096
5784,1622
5784,2499
5784,3180
5784,3449
5784,3733
5784,3904
5784,4244
5784,4485
5784,4494
5784,4498
5784,4607
5784,4663
5784,4873
5784,5750
5784,5896
5784,5974
5784,6103
5784,6106
5784,6488
5784,6625
5784,7489
5784,7598
5785,766
5785,1013
5785,1069
5785,1337
5785,1453
5785,1493
5785,2143
5785,3330
5785,3665
5785,3671
5785,3695
5785,3895
5785,4054
5785,4376
5785,5132
5785,5944
5785,5987
5785,6098
5785,6118
5785,6522
5785,6565
5785,6856
5785,7067
5786,1084
5786,1241
5786,1761
5786,2092
5786,3839
5786,4503
5786,4805
5786,5981
5786,7125
5786,7142
5786,7250
5787,768
5787,1001
5787,1188
5787,1388
5787,1891
5787,2863
5787,2880
5787,2898
5787,3265
5787,3358
5787,3793
5787,3855
5787,3883
5787,4040
5787,4094
5787,4913
5787,5771
5787,5796
5787,5912
5787,6058
5787,6071
5787,6724
5788,756
5788,764
5788,1280
5788,3433
5788,3578
5788,5664
5789,135
5789,1015
5789,1565
5789,1822
5789,1953
5789,2035
5789,2053
5789,2100
5789,2230
5789,2976
5789,3156
5789,3175
5789,3191
5789,3292
5789,4242
5789,4258
5789,4275
5789,4720
5789,4843
5789,4866
5789,5020
5789,5086
5789,5548
5789,5642
5789,6050
5789,6205
5789,6324
5789,6819
5789,7497
5789,7575
5789,7620
5790,5643
5790,5999
5790,6615
5791,306
5791,1744
5791,1796
5791,2220
5791,4854
5791,5500
5791,5610
5791,7351
5791,7373
5791,7561
5792,1008
5792,1235
5792,1506
5792,1755
5792,1789
5792,1878
5792,2082
5792,2464
5792,2721
5792,2865
5792,3728
5792,3977
5792,4030
5792,4717
5792,5770
5792,6471
5792,6857
5792,6885
5792,7242
5793,166
5793,256
5793,420
5793,615
5793,699
5793,733
5793,745
5793,977
5793,1061
5793,1438
5793,1455
5793,1537
5793,2064
5793,2168
5793,2333
5793,2850
5793,3030
5793,3084
5793,3258
5793,3759
5793,3905
5793,3915
5793,4087
5793,4145
5793,4280
5793,4292
5793,4443
5793,4925
5793,4947
5793,5011
5793,5092
5793,5523
5793,5618
5793,5675
5793,5884
5793,6234
5793,6362
5793,6396
5793,6419
5793,6652
5793,6653
5793,6671
5793,6855
5793,7009
5793,7282
5794,44
5794,2078
5794,3159
5794,3442
5794,3461
5794,3662
5794,3949
5794,4424
5794,5057
5794,5074
5794,5221
5794,5817
5794,5872
5794,6352
5794,6554
5794,7160
5794,7334
5795,766
5795,867
5795,1418
5795,3578
5795,4054
5795,6098
5795,6581
5796,156
5796,301
5796,430
5796,768
5796,829
5796,1188
5796,1388
5796,1891
5796,2288
5796,2570
5796,2863
5796,2898
5796,3260
5796,3265
5796,3665
5796,3793
5796,3809
5796,3855
5796,3883
5796,4040
5796,4094
5796,4486
5796,4617
5796,4762
5796,4869
5796,4913
5796,5574
5796,5771
5796,5787
5796,5912
5796,6058
5796,6339
5796,6724
5796,6856
5796,6914
5797,23
5797,61
5797,77
5797,89
5797,192
5797,258
5797,309
5797,319
5797,359
5797,366
5797,369
5797,377
5797,431
5797,593
5797,633
5797,800
5797,811
5797,818
5797,868
5797,1102
5797,1206
5797,1513
5797,1569
5797,1663
5797,1746
5797,1782
5797,1798
5797,1997
5797,2030
5797,2106
5797,2198
5797,2239
5797,2336
5797,2406
5797,2484
5797,2541
5797,2614
5797,2882
5797,2916
5797,3070
5797,3185
5797,3251
5797,3262
5797,3277
5797,3364
5797,3620
5797,3946
5797,3951
5797,4154
5797,4184
5797,4243
5797,4352
5797,4376
5797,4380
5797,4522
5797,4578
5797,4670
5797,4682
5797,4768
5797,5006
5797,5324
5797,5372
5797,5381
5797,5412
5797,5679
5797,5689
5797,5799
5797,6077
5797,6183
5797,6215
5797,6322
5797,6414
5797,6449
5797,6551
5797,6692
5797,6702
5797,6707
5797,7139
5797,7150
5797,7204
5797,7280
5797,7290
5797,7395
5797,7464
5797,7607
5797,7610
5797,7619
5798,212
5798,382
5798,584
5798,628
5798,724
5798,892
5798,936
5798,1090
5798,1196
5798,1287
5798,1291
5798,1493
5798,1521
5798,1549
5798,1810
5798,1922
5798,1978
5798,2059
5798,2186
5798,2215
5798,2325
5798,2525
5798,2579
5798,2632
5798,2703
5798,2903
5798,3083
5798,3506
5798,3539
5798,3559
5798,3574
5798,3702
5798,3781
5798,4067
5798,4069
5798,4153
5798,4584
5798,4990
5798,5174
5798,5851
5798,5917
5798,6026
5798,6059
5798,6412
5798,6427
5798,6610
5798,6843
5798,6909
5798,6920
5798,6966
5798,7417
5798,7569
5798,7608
5799,23
5799,42
5799,61
5799,77
5799,89
5799,258
5799,260
5799,322
5799,366
5799,369
5799,375
5799,431
5799,455
5799,476
5799,482
5799,593
5799,626
5799,732
5799,774
5799,811
5799,1024
5799,1178
5799,1218
5799,1249
5799,1415
5799,1447
5799,1456
5799,1467
5799,1492
5799,1513
5799,1545
5799,1634
5799,1639
5799,1663
5799,1684
5799,1711
5799,1723
5799,1738
5799,1746
5799,1796
5799,1798
5799,1847
5799,1874
5799,1993
5799,2106
5799,2198
5799,2239
5799,2290
5799,2307
5799,2313
5799,2340
5799,2365
5799,2380
5799,2521
5799,2661
5799,2671
5799,2812
5799,2882
5799,3008
5799,3185
5799,3188
5799,3221
5799,3353
5799,3362
5799,3373
5799,3377
5799,3439
5799,3459
5799,3502
5799,3538
5799,3582
5799,3623
5799,3683
5799,3720
5799,3756
5799,3859
5799,3867
5799,3958
5799,3987
5799,4023
5799,4024
5799,4071
5799,4074
5799,4083
5799,4091
5799,4157
5799,4184
5799,4243
5799,4257
5799,4286
5799,4303
5799,4350
5799,4376
5799,4384
5799,4402
5799,4453
5799,4465
5799,4510
5799,4531
5799,4578
5799,4594
5799,4641
5799,4658
5799,4688
5799,4734
5799,4806
5799,4934
5799,4952
5799,4971
5799,4983
5799,5201
5799,5205
5799,5214
5799,5290
5799,5328
5799,5365
5799,5392
5799,5399
5799,5495
5799,5572
5799,5626
5799,5707
5799,5797
5799,5881
5799,5961
5799,5976
5799,5979
5799,6024
5799,6039
5799,6077
5799,6082
5799,6121
5799,6135
5799,6156
5799,6183
5799,6208
5799,6313
5799,6315
5799,6335
5799,6381
5799,6397
5799,6414
5799,6468
5799,6487
5799,6526
5799,6537
5799,6551
5799,6597
5799,6614
5799,6678
5799,6692
5799,6702
5799,6706
5799,6707
5799,6787
5799,6802
5799,6847
5799,6906
5799,6921
5799,7003
5799,7008
5799,7010
5799,7021
5799,7070
5799,7097
5799,7103
5799,7105
5799,7170
5799,7231
5799,7247
5799,7280
5799,7352
5799,7353
5799,7395
5799,7428
5799,7440
5799,7464
5799,7535
5799,7568
5799,7577
5799,7607
5799,7610
5799,7619
5799,7628
5800,414
5800,1765
5800,2467
5800,2580
5800,2582
5800,3071
5800,3200
5800,3308
5800,3432
5800,3752
5800,3764
5800,4192
5800,4678
5800,5687
5800,6013
5800,6056
5800,6695
5800,7189
5801,51
5801,73
5801,881
5801,1189
5801,1483
5801,1511
5801,1820
5801,1904
5801,1910
5801,1940
5801,2113
5801,2450
5801,2821
5801,3503
5801,4062
5801,4529
5801,4735
5801,4879
5801,4940
5801,5993
5801,6252
5801,6276
5801,6588
5801,7330
5802,90
5802,139
5802,148
5802,927
5802,941
5802,1385
5802,1450
5802,1629
5802,1816
5802,2052
5802,2316
5802,2709
5802,2840
5802,3046
5802,3107
5802,3586
5802,3615
5802,3949
5802,4019
5802,4051
5802,4137
5802,4323
5802,4325
5802,4804
5802,4961
5802,5047
5802,5185
5802,5310
5802,5337
5802,5414
5802,5563
5802,5596
5802,5617
5802,6191
5802,6418
5802,6433
5802,6473
5802,6509
5802,6599
5802,6910
5802,6957
5803,64
5803,249
5803,307
5803,355
5803,996
5803,1149
5803,1151
5803,1445
5803,1692
5803,1740
5803,1807
5803,2064
5803,2168
5803,2413
5803,2534
5803,2874
5803,3135
5803,3147
5803,3231
5803,3266
5803,3494
5803,3511
5803,4005
5803,4202
5803,4322
5803,4611
5803,4925
5803,5046
5803,5104
5803,5877
5803,6144
5803,6402
5803,6524
5803,6988
5803,7108
5803,7268
5803,7408
5803,7449
5803,7509
5804,760
5804,1518
5804,2198
5804,3433
5804,4198
5804,4805
5804,5234
5804,6064
5804,6171
5804,6219
5804,6880
5804,7164
5805,1998
5805,2252
5805,2971
5805,3192
5805,3200
5805,3208
5805,3971
5805,4793
5805,6862
5805,7199
5805,7329
5806,1480
5807,73
5807,137
5807,305
5807,474
5807,1184
5807,1551
5807,1603
5807,1757
5807,1961
5807,2084
5807,2198
5807,2239
5807,2801
5807,2901
5807,2993
5807,3152
5807,3171
5807,3689
5807,3698
5807,4479
5807,5001
5807,5056
5807,5132
5807,5772
5807,5816
5807,6078
5807,6389
5807,6451
5807,6702
5807,6761
5808,446
5808,1918
5808,1965
5808,2370
5808,2571
5808,3756
5808,4376
5808,4616
5808,5070
5808,5296
5808,6551
5809,1033
5809,1208
5809,2020
5809,2088
5809,3541
5809,3568
5809,7499
5809,7571
5810,3165
5812,101
5812,665
5812,1936
5812,2347
5812,2379
5812,3872
5812,4646
5812,4689
5812,5088
5812,5337
5812,5382
5812,5715
5812,6072
5812,7586
5813,71
5813,526
5813,911
5813,936
5813,956
5813,975
5813,1291
5813,1521
5813,1739
5813,2349
5813,2655
5813,3518
5813,3557
5813,3665
5813,3758
5813,3784
5813,4500
5813,4707
5813,5174
5813,5534
5813,5722
5813,5775
5813,5839
5813,5873
5813,6228
5813,6547
5813,6630
5813,7047
5813,7240
5814,934
5814,2446
5814,2515
5814,2810
5814,3401
5814,3740
5814,4121
5814,4172
5814,4750
5814,5890
5814,7057
5814,7078
5814,7529
5815,144
5815,567
5815,819
5815,932
5815,982
5815,1311
5815,2318
5815,2391
5815,2528
5815,3231
5815,3280
5815,3431
5815,3879
5815,4647
5815,4748
5815,5027
5815,5163
5815,5235
5815,5271
5815,5827
5815,6217
5815,6635
5815,6935
5815,7388
5815,7460
5816,18
5816,69
5816,89
5816,129
5816,143
5816,170
5816,192
5816,220
5816,235
5816,243
5816,267
5816,272
5816,320
5816,346
5816,369
5816,421
5816,449
5816,473
5816,475
5816,479
5816,482
5816,500
5816,527
5816,540
5816,568
5816,593
5816,693
5816,726
5816,727
5816,762
5816,789
5816,795
5816,810
5816,813
5816,836
5816,841
5816,854
5816,869
5816,904
5816,958
5816,989
5816,1040
5816,1058
5816,1067
5816,1097
5816,1102
5816,1105
5816,1113
5816,1137
5816,1152
5816,1178
5816,1210
5816,1211
5816,1249
5816,1268
5816,1293
5816,1330
5816,1350
5816,1368
5816,1370
5816,1415
5816,1430
5816,1447
5816,1453
5816,1492
5816,1545
5816,1563
5816,1575
5816,1612
5816,1621
5816,1624
5816,1634
5816,1663
5816,1665
5816,1668
5816,1684
5816,1723
5816,1735
5816,1747
5816,1784
5816,1798
5816,1862
5816,1959
5816,1965
5816,1991
5816,1993
5816,1996
5816,2010
5816,2013
5816,2033
5816,2039
5816,2042
5816,2106
5816,2115
5816,2129
5816,2166
5816,2198
5816,2239
5816,2339
5816,2370
5816,2377
5816,2396
5816,2441
5816,2471
5816,2479
5816,2521
5816,2537
5816,2564
5816,2571
5816,2600
5816,2617
5816,2657
5816,2671
5816,2725
5816,2736
5816,2744
5816,2745
5816,2765
5816,2770
5816,2772
5816,2814
5816,2855
5816,2881
5816,2882
5816,2911
5816,2938
5816,2979
5816,2981
5816,3068
5816,3070
5816,3073
5816,3074
5816,3079
5816,3149
5816,3177
5816,3185
5816,3225
5816,3226
5816,3234
5816,3297
5816,3311
5816,3334
5816,3347
5816,3348
5816,3362
5816,3363
5816,3370
5816,3377
5816,3428
5816,3459
5816,3476
5816,3493
5816,3502
5816,3538
5816,3616
5816,3659
5816,3693
5816,3748
5816,3758
5816,3786
5816,3808
5816,3832
5816,3844
5816,3867
5816,3912
5816,3947
5816,3958
5816,3970
5816,3996
5816,4071
5816,4080
5816,4090
5816,4091
5816,4095
5816,4096
5816,4114
5816,4155
5816,4157
5816,4167
5816,4184
5816,4190
5816,4203
5816,4257
5816,4269
5816,4290
5816,4303
5816,4350
5816,4376
5816,4384
5816,4392
5816,4393
5816,4453
5816,4465
5816,4466
5816,4511
5816,4535
5816,4553
5816,4556
5816,4570
5816,4578
5816,4608
5816,4616
5816,4642
5816,4682
5816,4694
5816,4706
5816,4787
5816,4803
5816,4806
5816,4827
5816,4836
5816,4847
5816,4871
5816,4934
5816,4952
5816,4983
5816,5008
5816,5048
5816,5058
5816,5070
5816,5160
5816,5194
5816,5195
5816,5224
5816,5251
5816,5258
5816,5259
5816,5278
5816,5286
5816,5296
5816,5316
5816,5344
5816,5351
5816,5398
5816,5399
5816,5404
5816,5415
5816,5463
5816,5468
5816,5490
5816,5507
5816,5510
5816,5532
5816,5577
5816,5612
5816,5623
5816,5626
5816,5641
5816,5649
5816,5710
5816,5714
5816,5732
5816,5756
5816,5807
5816,5833
5816,5840
5816,5855
5816,5859
5816,5881
5816,5952
5816,5955
5816,5961
5816,5975
5816,5976
5816,6016
5816,6039
5816,6047
5816,6075
5816,6082
5816,6183
5816,6184
5816,6208
5816,6228
5816,6236
5816,6242
5816,6284
5816,6287
5816,6291
5816,6315
5816,6321
5816,6335
5816,6400
5816,6449
5816,6462
5816,6468
5816,6487
5816,6492
5816,6507
5816,6518
5816,6551
5816,6562
5816,6574
5816,6582
5816,6597
5816,6618
5816,6631
5816,6646
5816,6702
5816,6704
5816,6705
5816,6707
5816,6801
5816,6810
5816,6811
5816,6847
5816,6848
5816,6890
5816,6892
5816,6895
5816,6911
5816,6933
5816,6961
5816,7003
5816,7008
5816,7010
5816,7044
5816,7046
5816,7070
5816,7071
5816,7079
5816,7085
5816,7101
5816,7114
5816,7147
5816,7166
5816,7210
5816,7231
5816,7252
5816,7277
5816,7280
5816,7320
5816,7340
5816,7353
5816,7369
5816,7395
5816,7401
5816,7465
5816,7471
5816,7487
5816,7520
5816,7535
5816,7568
5816,7572
5816,7580
5816,7582
5816,7593
5816,7607
5817,66
5817,108
5817,171
5817,1403
5817,1952
5817,1955
5817,2078
5817,2412
5817,2453
5817,2512
5817,2608
5817,3159
5817,3425
5817,3437
5817,3461
5817,3662
5817,3729
5817,3819
5817,3949
5817,4424
5817,5035
5817,5074
5817,5521
5817,5794
5817,5872
5817,6300
5817,6307
5817,6554
5817,6813
5817,6970
5817,7287
5817,7538
5817,7594
5817,7621
5818,1961
5818,6019
5819,923
5819,4116
5819,4709
5819,4805
5820,1518
5820,2239
5820,3469
5820,3548
5820,5234
5820,5881
5820,6064
5820,6219
5821,549
5821,1450
5821,2083
5821,4020
5821,4238
5821,4260
5821,4661
5821,5724
5821,6109
5821,6316
5821,6739
5821,7064
5821,7237
5822,180
5822,531
5822,637
5822,1559
5822,1680
5822,1988
5822,2616
5822,3497
5822,4205
5822,4699
5822,4736
5822,4818
5822,4837
5822,6776
5822,7423
5822,7595
5824,778
5824,1429
5824,2454
5824,3990
5824,5253
5824,5368
5825,463
5825,749
5825,972
5825,1630
5825,1759
5825,2037
5825,2098
5825,2114
5825,2260
5825,2281
5825,2557
5825,3167
5825,3272
5825,3401
5825,3528
5825,4300
5825,4539
5825,4666
5825,5306
5825,5497
5825,5588
5825,6465
5825,6679
5825,7075
5825,7255
5825,7566
5825,7630
5826,53
5826,101
5826,1035
5826,3352
5826,3766
5826,3872
5826,4646
5826,4689
5826,4970
5826,5024
5826,5043
5826,5310
5826,5624
5826,6307
5826,6433
5826,7586
5827,817
5827,884
5827,1065
5827,1303
5827,1567
5827,1841
5827,1923
5827,2196
5827,2915
5827,3684
5827,3988
5827,4340
5827,4993
5827,5515
5827,5815
5827,5867
5827,5934
5827,6042
5827,6173
5827,6247
5827,6396
5827,6423
5827,6652
5828,10
5828,275
5828,316
5828,328
5828,463
5828,649
5828,801
5828,828
5828,1038
5828,1504
5828,1696
5828,1766
5828,1849
5828,1864
5828,2281
5828,2622
5828,2806
5828,3324
5828,3392
5828,3597
5828,4034
5828,4300
5828,4614
5828,4666
5828,4739
5828,5448
5828,6046
5828,6104
5828,6212
5828,6603
5828,6679
5828,7061
5828,7075
5828,7255
5829,409
5829,550
5829,1055
5829,1823
5829,2109
5829,2837
5829,3601
5829,3755
5829,3788
5829,3873
5829,3885
5829,4144
5829,4896
5829,4923
5829,4950
5829,4980
5829,5934
5829,6333
5829,6401
5829,6480
5829,6718
5829,7165
5829,7356
5830,3465
5830,3526
5831,206
5831,401
5831,842
5831,1313
5831,1332
5831,1694
5831,1865
5831,2022
5831,2050
5831,2139
5831,2472
5831,2503
5831,2737
5831,3288
5831,4052
5831,4740
5831,4901
5831,5431
5831,5681
5831,6218
5831,6858
5831,6865
5831,6918
5831,6919
5831,7515
5831,7642
5831,7645
5832,967
5832,986
5832,1058
5832,1317
5832,1667
5832,1695
5832,1810
5832,1862
5832,2170
5832,2215
5832,2529
5832,2587
5832,2772
5832,3114
5832,3384
5832,4067
5832,4376
5832,4805
5832,5251
5832,5556
5832,6408
5832,6769
5832,6952
5832,7147
5833,42
5833,169
5833,351
5833,446
5833,552
5833,593
5833,803
5833,1058
5833,1097
5833,1152
5833,1178
5833,1210
5833,1316
5833,1472
5833,1517
5833,1744
5833,1796
5833,1862
5833,1899
5833,1959
5833,1993
5833,2115
5833,2198
5833,2206
5833,2406
5833,2553
5833,2981
5833,3049
5833,3051
5833,3138
5833,3623
5833,3704
5833,4023
5833,4164
5833,4376
5833,4422
5833,4805
5833,4870
5833,4895
5833,5042
5833,5048
5833,5070
5833,5139
5833,5290
5833,5372
5833,5385
5833,5404
5833,5412
5833,5415
5833,5612
5833,5649
5833,5707
5833,5734
5833,5740
5833,5816
5833,5937
5833,5982
5833,6183
5833,6354
5833,6414
5833,6669
5833,6673
5833,6702
5833,6847
5833,6852
5833,6968
5833,7003
5833,7021
5833,7091
5833,7105
5833,7289
5833,7464
5833,7477
5833,7572
5834,1807
5834,2168
5834,4744
5834,5951
5834,7449
5835,7087
5836,1645
5836,4116
5836,6789
5837,1116
5837,1274
5837,2082
5837,2865
5837,3728
5837,4898
5837,5770
5837,6471
5838,21
5838,195
5838,827
5838,988
5838,1107
5838,1443
5838,1536
5838,1556
5838,1964
5838,1989
5838,2051
5838,2136
5838,2293
5838,2316
5838,2539
5838,3038
5838,3227
5838,3267
5838,3396
5838,3993
5838,4051
5838,4130
5838,4209
5838,4587
5838,4628
5838,4698
5838,4875
5838,4906
5838,5260
5838,6429
5838,7026
5838,7620
5839,522
5839,707
5839,789
5839,1112
5839,1239
5839,1252
5839,1258
5839,1285
5839,1349
5839,1394
5839,1658
5839,1669
5839,1700
5839,1735
5839,1910
5839,1975
5839,2000
5839,2024
5839,2068
5839,2228
5839,2303
5839,2384
5839,2620
5839,2743
5839,3297
5839,3329
5839,3503
5839,3557
5839,3589
5839,3593
5839,3631
5839,3650
5839,3664
5839,3911
5839,3913
5839,3914
5839,4027
5839,4174
5839,4178
5839,4253
5839,4282
5839,4381
5839,4406
5839,4453
5839,4555
5839,4682
5839,4725
5839,4908
5839,5014
5839,5541
5839,5571
5839,5598
5839,5604
5839,5630
5839,5813
5839,5907
5839,6001
5839,6123
5839,6179
5839,6198
5839,6309
5839,6403
5839,6538
5839,6544
5839,6619
5839,6624
5839,6719
5839,6775
5839,6778
5839,6946
5839,6967
5839,7039
5839,7153
5839,7191
5839,7376
5839,7501
5839,7510
5839,7548
5839,7551
5839,7579
5840,85
5840,240
5840,260
5840,726
5840,1453
5840,1862
5840,2198
5840,2239
5840,2370
5840,2410
5840,3049
5840,3152
5840,3311
5840,3538
5840,3718
5840,3748
5840,4080
5840,4376
5840,4384
5840,4670
5840,4805
5840,4836
5840,4952
5840,5234
5840,5404
5840,5412
5840,5641
5840,5649
5840,5740
5840,5816
5840,6075
5840,6266
5840,6284
5840,7107
5840,7553
5840,7582
5840,7607
5841,872
5841,1107
5841,1534
5841,3244
5841,3396
5841,3534
5841,4906
5841,5314
5841,6084
5841,6504
5841,6773
5842,73
5842,551
5842,2371
5842,3607
5842,3895
5842,3959
5842,4067
5842,4427
5842,5132
5842,5665
5842,6003
5843,36
5843,72
5843,456
5843,485
5843,751
5843,851
5843,920
5843,930
5843,1111
5843,1353
5843,1457
5843,1610
5843,1714
5843,1905
5843,1930
5843,1961
5843,2113
5843,2163
5843,2586
5843,2740
5843,3054
5843,3179
5843,4033
5843,4100
5843,4152
5843,5209
5843,5343
5843,5437
5843,5496
5843,5498
5843,5504
5843,5661
5843,6237
5843,6572
5843,6730
5843,6807
5843,7365
5843,7406
5844,616
5844,1561
5844,1961
5844,2198
5844,2239
5844,2287
5844,2339
5844,2484
5844,3049
5844,3152
5844,3277
5844,3693
5844,3698
5844,5007
5844,5056
5844,5251
5844,5412
5844,5629
5844,5764
5844,6345
5844,6664
5844,7395
5845,1133
5845,1189
5845,1289
5845,1361
5845,3430
5845,3760
5845,3878
5845,4716
5845,6440
5845,7234
5845,7330
5846,464
5846,1636
5846,6891
5847,1419
5848,275
5848,324
5848,414
5848,433
5848,453
5848,556
5848,570
5848,698
5848,749
5848,755
5848,767
5848,787
5848,801
5848,806
5848,828
5848,909
5848,1054
5848,1282
5848,1360
5848,1364
5848,1391
5848,1396
5848,1412
5848,1428
5848,1531
5848,1583
5848,1609
5848,1648
5848,1696
5848,1759
5848,1969
5848,2090
5848,2103
5848,2134
5848,2147
5848,2250
5848,2256
5848,2260
5848,2326
5848,2446
5848,2508
5848,2596
5848,2754
5848,2860
5848,3021
5848,3091
5848,3116
5848,3305
5848,3316
5848,3346
5848,3543
5848,3565
5848,3640
5848,3649
5848,3663
5848,3711
5848,3714
5848,3722
5848,3805
5848,3830
5848,4048
5848,4070
5848,4142
5848,4245
5848,4342
5848,4375
5848,4412
5848,4548
5848,4554
5848,4667
5848,4739
5848,4759
5848,4881
5848,4883
5848,4938
5848,4960
5848,4972
5848,5045
5848,5069
5848,5245
5848,5250
5848,5409
5848,5436
5848,5465
5848,5540
5848,5602
5848,5753
5848,5856
5848,6007
5848,6250
5848,6357
5848,6363
5848,6532
5848,6670
5848,6765
5848,6771
5848,6793
5848,6965
5848,6997
5848,7073
5848,7086
5848,7241
5849,236
5849,412
5849,517
5849,850
5849,879
5849,914
5849,1037
5849,1282
5849,1396
5849,1827
5849,1900
5849,1969
5849,2250
5849,2260
5849,2419
5849,2728
5849,2975
5849,3099
5849,3116
5849,3529
5849,4038
5849,4264
5849,4281
5849,4467
5849,4667
5849,5448
5849,5906
5849,6007
5849,6010
5849,6046
5849,6250
5849,6363
5849,6698
5849,6931
5849,7238
5849,7241
5850,1307
5850,1793
5850,2085
5850,3200
5850,3390
5850,3519
5850,3535
5850,5956
5850,6862
5850,7002
5850,7199
5851,212
5851,382
5851,526
5851,584
5851,683
5851,1287
5851,1493
5851,1521
5851,1624
5851,1716
5851,1739
5851,2059
5851,2186
5851,2215
5851,2525
5851,2567
5851,2579
5851,2703
5851,2903
5851,3209
5851,3246
5851,3506
5851,3559
5851,3702
5851,3781
5851,4037
5851,4067
5851,4153
5851,4490
5851,4584
5851,4893
5851,4917
5851,5120
5851,5798
5851,5998
5851,6026
5851,6059
5851,6412
5851,6427
5851,6538
5851,6565
5851,6713
5851,6909
5851,6920
5851,7131
5851,7269
5851,7322
5851,7422
5851,7569
5852,10
5852,1264
5852,1736
5852,2435
5852,2483
5852,3102
5852,3749
5852,4723
5852,5110
5852,6357
5852,6876
5852,7348
5852,7437
5852,7458
5853,24
5853,183
5853,309
5853,319
5853,446
5853,484
5853,593
5853,622
5853,632
5853,868
5853,906
5853,1002
5853,1058
5853,1100
5853,1838
5853,1854
5853,2198
5853,2239
5853,2336
5853,2380
5853,2553
5853,2571
5853,2586
5853,2615
5853,2801
5853,2812
5853,3020
5853,3049
5853,3152
5853,3433
5853,3469
5853,3578
5853,3648
5853,3704
5853,3856
5853,3946
5853,3951
5853,4127
5853,4210
5853,4347
5853,4378
5853,4380
5853,4388
5853,4538
5853,4641
5853,4805
5853,5006
5853,5013
5853,5132
5853,5203
5853,5234
5853,5241
5853,5255
5853,5293
5853,5372
5853,5441
5853,5493
5853,5556
5853,5584
5853,5734
5853,6409
5853,6638
5853,6673
5853,6678
5853,6702
5853,6749
5853,7003
5853,7247
5853,7337
5853,7395
5853,7477
5853,7577
5853,7607
5854,1565
5854,1953
5854,2053
5854,2100
5854,2496
5854,2976
5854,3156
5854,3175
5854,3227
5854,4258
5854,4471
5854,4809
5854,5020
5854,5548
5854,5684
5854,5720
5854,6205
5854,6979
5854,7575
5854,7620
5855,85
5855,260
5855,552
5855,1058
5855,1185
5855,1210
5855,1254
5855,1453
5855,1472
5855,1575
5855,1586
5855,1663
5855,1862
5855,1996
5855,2039
5855,2106
5855,2198
5855,2239
5855,3183
5855,3311
5855,3748
5855,3867
5855,3996
5855,4164
5855,4376
5855,4466
5855,4570
5855,4805
5855,5132
5855,5194
5855,5258
5855,5296
5855,5404
5855,5415
5855,5649
5855,5707
5855,5816
5855,5881
5855,6098
5855,6551
5855,6707
5855,6847
5855,6952
5855,7046
5855,7147
5855,7277
5855,7572
5855,7582
5856,275
5856,324
5856,570
5856,698
5856,749
5856,828
5856,909
5856,1531
5856,1609
5856,1648
5856,1696
5856,2090
5856,2260
5856,2326
5856,2822
5856,2849
5856,3346
5856,3640
5856,3714
5856,3722
5856,4048
5856,4412
5856,4881
5856,4960
5856,4972
5856,5069
5856,5409
5856,5540
5856,5602
5856,5848
5856,6164
5856,6250
5856,6363
5856,6372
5856,6670
5856,6765
5856,7073
5856,7241
5857,2052
5857,3989
5857,5454
5857,7281
5858,85
5858,1113
5858,1453
5858,2215
5858,2239
5858,2339
5858,3370
5858,3895
5858,4153
5858,4384
5858,4952
5858,5132
5858,5404
5858,6760
5859,69
5859,85
5859,260
5859,475
5859,479
5859,542
5859,593
5859,735
5859,789
5859,1058
5859,1113
5859,1170
5859,1210
5859,1254
5859,1293
5859,1784
5859,1798
5859,1860
5859,1996
5859,2198
5859,2370
5859,2377
5859,2671
5859,2725
5859,3347
5859,3408
5859,3459
5859,3538
5859,3748
5859,3958
5859,4080
5859,4326
5859,4376
5859,4384
5859,4805
5859,4806
5859,5194
5859,5286
5859,5404
5859,5707
5859,5816
5859,5955
5859,6100
5859,6265
5859,6492
5859,6551
5859,6707
5859,6892
5859,6906
5859,6971
5859,7003
5859,7044
5859,7071
5859,7085
5859,7280
5859,7296
5859,7320
5859,7464
5859,7582
5859,7607
5860,112
5860,187
5860,314
5860,740
5860,1065
5860,1247
5860,1446
5860,1502
5860,1804
5860,1909
5860,2148
5860,2328
5860,3656
5860,4146
5860,4937
5860,5169
5860,5237
5860,5697
5860,5698
5860,6090
5860,6130
5860,6200
5861,242
5861,1035
5861,2100
5861,2976
5861,3107
5861,3352
5861,3735
5861,4000
5861,4646
5861,6514
5861,6768
5861,6814
5861,7586
5861,7620
5862,100
5862,1143
5862,1597
5862,2131
5862,2150
5862,2430
5862,3120
5862,4378
5862,4687
5862,4859
5862,6045
5862,6114
5862,6729
5863,253
5863,985
5863,1990
5863,2629
5863,3405
5863,3739
5863,7332
5864,40
5864,143
5864,287
5864,299
5864,456
5864,881
5864,1185
5864,1215
5864,1409
5864,1479
5864,1725
5864,2113
5864,2438
5864,2586
5864,2795
5864,3277
5864,3339
5864,3888
5864,3966
5864,3983
5864,4029
5864,4173
5864,4294
5864,4373
5864,4522
5864,4565
5864,4987
5864,5022
5864,5263
5864,5504
5864,5674
5864,5708
5864,5993
5864,6588
5864,6717
5864,7032
5864,7035
5864,7102
5864,7225
5864,7330
5864,7589
5865,40
5865,85
5865,95
5865,305
5865,495
5865,532
5865,766
5865,835
5865,1241
5865,1339
5865,1726
5865,1901
5865,1927
5865,1956
5865,2143
5865,2198
5865,2239
5865,2370
5865,2794
5865,3040
5865,3359
5865,3433
5865,3492
5865,3578
5865,3866
5865,3895
5865,4086
5865,4097
5865,4223
5865,4343
5865,4376
5865,4672
5865,4805
5865,5079
5865,5234
5865,5455
5865,5620
5865,5652
5865,5695
5865,5719
5865,5869
5865,6098
5865,6166
5865,6196
5865,6503
5865,6747
5865,6822
5865,7262
5865,7330
5865,7466
5866,1689
5866,1961
5866,2304
5866,2996
5866,3600
5866,3716
5866,3802
5866,4187
5866,4318
5867,120
5867,256
5867,314
5867,656
5867,695
5867,708
5867,740
5867,745
5867,884
5867,977
5867,982
5867,1065
5867,1128
5867,1234
5867,1247
5867,1446
5867,1502
5867,1649
5867,1804
5867,1909
5867,2148
5867,2328
5867,2792
5867,2943
5867,3424
5867,3656
5867,3754
5867,3776
5867,4145
5867,4146
5867,4849
5867,4937
5867,4943
5867,5169
5867,5237
5867,5515
5867,5618
5867,5697
5867,5698
5867,5827
5867,6090
5867,6130
5867,6138
5867,6200
5867,6221
5867,6376
5867,6396
5867,6652
5867,6671
5867,6681
5867,6767
5867,6806
5867,6993
5867,7009
5867,7052
5867,7065
5867,7133
5867,7136
5867,7208
5868,10
5868,349
5868,468
5868,605
5868,1041
5868,1264
5868,1736
5868,1881
5868,1980
5868,2337
5868,2435
5868,3102
5868,3583
5868,3678
5868,3749
5868,3992
5868,4509
5868,4723
5868,4905
5868,4992
5868,5110
5868,5341
5868,5929
5868,6357
5868,6557
5868,7061
5868,7348
5868,7437
5868,7458
5868,7513
5869,62
5869,95
5869,111
5869,1390
5869,1624
5869,1682
5869,1726
5869,1901
5869,1984
5869,2632
5869,2794
5869,2997
5869,3040
5869,3209
5869,3559
5869,3864
5869,4672
5869,4683
5869,5193
5869,5865
5869,6399
5869,6503
5869,6547
5869,6699
5869,6747
5869,6822
5870,1807
5870,3043
5870,3361
5870,4399
5870,6421
5871,78
5871,206
5871,1313
5871,1332
5871,1694
5871,1781
5871,2022
5871,2139
5871,2503
5871,2737
5871,2842
5871,3350
5871,3416
5871,4052
5871,4298
5871,4515
5871,4911
5871,4981
5871,5005
5871,5113
5871,5319
5871,5416
5871,5431
5871,5607
5871,5681
5871,5954
5871,6018
5871,6220
5871,6239
5871,6273
5871,6559
5871,6858
5871,6865
5871,7484
5871,7642
5871,7645
5872,66
5872,202
5872,394
5872,1416
5872,1955
5872,2014
5872,2078
5872,2453
5872,2608
5872,3281
5872,3425
5872,3437
5872,3442
5872,3461
5872,3642
5872,3662
5872,3819
5872,3869
5872,3949
5872,4106
5872,4424
5872,4452
5872,4738
5872,4935
5872,4969
5872,5035
5872,5074
5872,5221
5872,5414
5872,5521
5872,5633
5872,5794
5872,5817
5872,6181
5872,6352
5872,6554
5872,6621
5872,6813
5872,6970
5872,7160
5872,7260
5872,7287
5872,7538
5872,7594
5873,269
5873,446
5873,495
5873,2198
5873,2205
5873,2239
5873,2258
5873,2470
5873,3049
5873,3331
5873,4376
5873,5155
5873,5550
5873,5813
5874,2080
5874,2269
5874,4266
5876,19
5876,204
5876,279
5876,581
5876,999
5876,1244
5876,1587
5876,1656
5876,1982
5876,2341
5876,2443
5876,2756
5876,2813
5876,3064
5876,3741
5876,3924
5876,4008
5876,4143
5876,4280
5876,4567
5876,4612
5876,4673
5876,4789
5876,5587
5876,5757
5876,6006
5876,6623
5876,6653
5876,7504
5877,19
5877,64
5877,166
5877,439
5877,504
5877,602
5877,615
5877,699
5877,709
5877,741
5877,773
5877,1061
5877,1438
5877,1537
5877,1824
5877,2168
5877,2333
5877,2413
5877,2790
5877,2850
5877,3030
5877,3041
5877,3143
5877,3258
5877,3366
5877,3375
5877,3494
5877,3759
5877,3774
5877,4088
5877,4145
5877,4292
5877,4599
5877,4615
5877,4925
5877,4976
5877,4984
5877,5011
5877,5025
5877,5100
5877,5107
5877,5184
5877,5283
5877,5419
5877,5444
5877,5803
5877,5884
5877,5973
5877,6173
5877,6419
5877,7009
5877,7271
5877,7282
5877,7461
5877,7472
5877,7530
5878,446
5878,593
5878,722
5878,924
5878,1152
5878,1268
5878,1415
5878,1429
5878,1513
5878,1744
5878,1796
5878,1899
5878,1993
5878,2198
5878,2206
5878,2336
5878,2406
5878,2553
5878,2615
5878,3051
5878,3160
5878,3438
5878,3578
5878,3623
5878,3856
5878,4388
5878,4805
5878,5042
5878,5056
5878,5415
5878,5881
5878,5937
5878,5982
5878,6414
5878,6673
5878,6702
5878,6807
5878,6847
5878,6887
5878,7090
5878,7337
5878,7440
5878,7471
5878,7477
5879,186
5879,1977
5879,2235
5879,2508
5879,2895
5879,2899
5879,3021
5879,3220
5879,4667
5879,5045
5879,5250
5879,5272
5879,5465
5879,5619
5879,6010
5879,6250
5879,6357
5879,6363
5879,6532
5879,7238
5880,28
5880,495
5880,558
5880,764
5880,835
5880,847
5880,1058
5880,1241
5880,1250
5880,1343
5880,1429
5880,1795
5880,2198
5880,2907
5880,3295
5880,3381
5880,3466
5880,3480
5880,3578
5880,3612
5880,3698
5880,3866
5880,4670
5880,4790
5880,4805
5880,4863
5880,5664
5880,6098
5880,6976
5880,7142
5880,7307
5880,7467
5880,7584
5880,7587
5881,42
5881,69
5881,77
5881,79
5881,109
5881,124
5881,201
5881,220
5881,235
5881,260
5881,285
5881,320
5881,321
5881,345
5881,346
5881,351
5881,369
5881,400
5881,410
5881,421
5881,431
5881,455
5881,473
5881,479
5881,482
5881,527
5881,534
5881,542
5881,593
5881,607
5881,632
5881,633
5881,659
5881,687
5881,693
5881,711
5881,726
5881,727
5881,731
5881,774
5881,776
5881,811
5881,813
5881,841
5881,849
5881,869
5881,904
5881,906
5881,916
5881,945
5881,951
5881,973
5881,1017
5881,1018
5881,1058
5881,1081
5881,1097
5881,1100
5881,1102
5881,1106
5881,1152
5881,1178
5881,1210
5881,1211
5881,1214
5881,1249
5881,1254
5881,1268
5881,1316
5881,1329
5881,1330
5881,1351
5881,1368
5881,1370
5881,1399
5881,1415
5881,1421
5881,1447
5881,1476
5881,1485
5881,1491
5881,1513
5881,1517
5881,1545
5881,1551
5881,1569
5881,1582
5881,1612
5881,1628
5881,1634
5881,1659
5881,1663
5881,1665
5881,1668
5881,1671
5881,1684
5881,1690
5881,1708
5881,1711
5881,1723
5881,1727
5881,1738
5881,1744
5881,1747
5881,1782
5881,1796
5881,1797
5881,1880
5881,1899
5881,1959
5881,1993
5881,1996
5881,2010
5881,2013
5881,2030
5881,2033
5881,2115
5881,2123
5881,2129
5881,2183
5881,2193
5881,2194
5881,2198
5881,2206
5881,2229
5881,2239
5881,2253
5881,2262
5881,2267
5881,2270
5881,2334
5881,2336
5881,2339
5881,2370
5881,2393
5881,2406
5881,2410
5881,2471
5881,2476
5881,2521
5881,2540
5881,2553
5881,2564
5881,2571
5881,2573
5881,2587
5881,2595
5881,2600
5881,2637
5881,2645
5881,2675
5881,2736
5881,2745
5881,2772
5881,2801
5881,2808
5881,2855
5881,2881
5881,2882
5881,2931
5881,2938
5881,2958
5881,2970
5881,2981
5881,2991
5881,3001
5881,3008
5881,3050
5881,3074
5881,3081
5881,3118
5881,3138
5881,3149
5881,3172
5881,3177
5881,3178
5881,3184
5881,3185
5881,3189
5881,3234
5881,3237
5881,3261
5881,3264
5881,3284
5881,3289
5881,3347
5881,3348
5881,3362
5881,3363
5881,3373
5881,3377
5881,3403
5881,3438
5881,3445
5881,3502
5881,3542
5881,3582
5881,3616
5881,3646
5881,3648
5881,3659
5881,3692
5881,3693
5881,3703
5881,3720
5881,3748
5881,3753
5881,3756
5881,3758
5881,3861
5881,3909
5881,3950
5881,3996
5881,3999
5881,4003
5881,4023
5881,4071
5881,4090
5881,4095
5881,4157
5881,4164
5881,4176
5881,4188
5881,4203
5881,4210
5881,4211
5881,4212
5881,4241
5881,4290
5881,4355
5881,4376
5881,4384
5881,4402
5881,4453
5881,4463
5881,4466
5881,4483
5881,4510
5881,4511
5881,4525
5881,4531
5881,4536
5881,4553
5881,4570
5881,4573
5881,4578
5881,4580
5881,4586
5881,4595
5881,4608
5881,4641
5881,4642
5881,4669
5881,4679
5881,4680
5881,4688
5881,4696
5881,4787
5881,4801
5881,4805
5881,4806
5881,4827
5881,4857
5881,4864
5881,4870
5881,4934
5881,4954
5881,4983
5881,5007
5881,5008
5881,5039
5881,5042
5881,5058
5881,5070
5881,5108
5881,5132
5881,5139
5881,5148
5881,5155
5881,5194
5881,5203
5881,5220
5881,5223
5881,5241
5881,5251
5881,5258
5881,5259
5881,5286
5881,5290
5881,5296
5881,5344
5881,5348
5881,5351
5881,5352
5881,5365
5881,5372
5881,5398
5881,5404
5881,5415
5881,5468
5881,5470
5881,5471
5881,5490
5881,5518
5881,5557
5881,5559
5881,5577
5881,5593
5881,5612
5881,5623
5881,5641
5881,5646
5881,5649
5881,5669
5881,5707
5881,5732
5881,5734
5881,5740
5881,5799
5881,5816
5881,5820
5881,5855
5881,5878
5881,5897
5881,5937
5881,5961
5881,5975
5881,5976
5881,5979
5881,6021
5881,6024
5881,6039
5881,6047
5881,6055
5881,6073
5881,6077
5881,6082
5881,6140
5881,6149
5881,6183
5881,6284
5881,6303
5881,6313
5881,6315
5881,6321
5881,6342
5881,6400
5881,6414
5881,6449
5881,6492
5881,6540
5881,6553
5881,6678
5881,6692
5881,6702
5881,6705
5881,6707
5881,6749
5881,6787
5881,6847
5881,6848
5881,6882
5881,6892
5881,6895
5881,6907
5881,6968
5881,6971
5881,6978
5881,6985
5881,6989
5881,7003
5881,7008
5881,7010
5881,7021
5881,7023
5881,7044
5881,7046
5881,7059
5881,7070
5881,7071
5881,7091
5881,7103
5881,7105
5881,7139
5881,7166
5881,7170
5881,7174
5881,7181
5881,7203
5881,7210
5881,7215
5881,7277
5881,7280
5881,7289
5881,7337
5881,7346
5881,7352
5881,7369
5881,7428
5881,7440
5881,7448
5881,7464
5881,7477
5881,7520
5881,7537
5881,7539
5881,7540
5881,7568
5881,7572
5881,7577
5881,7578
5881,7607
5882,412
5882,1531
5882,1648
5882,1759
5882,1969
5882,2180
5882,2250
5882,2260
5882,2324
5882,3091
5882,4256
5882,4467
5882,4960
5882,5691
5882,5906
5882,6143
5882,6357
5882,6552
5882,7086
5883,120
5883,1234
5883,1326
5883,2130
5883,2343
5883,2362
5883,2779
5883,4655
5883,5759
5883,5927
5883,6681
5884,19
5884,520
5884,602
5884,617
5884,620
5884,709
5884,783
5884,884
5884,977
5884,982
5884,1065
5884,2064
5884,2154
5884,2251
5884,2292
5884,2915
5884,3494
5884,4087
5884,4181
5884,4208
5884,4237
5884,4292
5884,4763
5884,4925
5884,5092
5884,5523
5884,5618
5884,5793
5884,5877
5884,6130
5884,6206
5884,6419
5884,6635
5884,6667
5884,6671
5884,6712
5884,6796
5884,6873
5885,43
5885,148
5885,676
5885,1109
5885,1674
5885,2236
5885,2477
5885,2607
5885,2749
5885,2963
5885,2966
5885,3038
5885,3154
5885,3205
5885,3524
5885,3705
5885,3934
5885,4867
5885,5065
5885,5616
5885,5690
5885,6433
5885,6501
5885,6656
5885,7507
5886,60
5886,2275
5886,3658
5886,6034
5887,195
5887,3437
5887,4089
5887,4305
5887,4628
5887,4689
5887,5337
5887,6433
5888,552
5888,593
5888,629
5888,1058
5888,2198
5888,2239
5888,2370
5888,2571
5888,3049
5888,3152
5888,3183
5888,3311
5888,3459
5888,4164
5888,4248
5888,4376
5888,4384
5888,4398
5888,4570
5888,4805
5888,5048
5888,5049
5888,5132
5888,5251
5888,5415
5888,5455
5888,5649
5888,6140
5888,6354
5888,6424
5888,6702
5888,7090
5888,7296
5888,7481
5888,7572
5889,264
5889,835
5889,1046
5889,1058
5889,1821
5889,1929
5889,2005
5889,2066
5889,2198
5889,3295
5889,3331
5889,3433
5889,3567
5889,3578
5889,3612
5889,3817
5889,4194
5889,4805
5889,4863
5889,5213
5889,5234
5889,6166
5889,6172
5889,6570
5889,6703
5889,7467
5890,190
5890,1230
5890,2515
5890,2545
5890,2810
5890,3485
5890,3740
5890,4172
5890,4488
5890,4750
5890,5564
5890,5814
5890,6283
5890,6911
5890,7057
5890,7253
5890,7419
5890,7529
5891,799
5891,1208
5891,1384
5891,3055
5891,3469
5891,5695
5891,6498
5891,6880
5891,7040
5891,7466
5892,929
5892,3321
5892,3541
5892,6415
5893,771
5893,1660
5893,3421
5893,3567
5893,3578
5893,3607
5893,3637
5893,3871
5893,3959
5893,4343
5893,4722
5893,5171
5893,5280
5893,5435
5893,5957
5893,6070
5893,6470
5893,6675
5893,6747
5893,6864
5893,7067
5894,53
5894,197
5894,364
5894,1385
5894,1441
5894,1629
5894,2347
5894,2373
5894,2680
5894,2840
5894,3219
5894,3467
5894,3823
5894,3957
5894,4106
5894,4232
5894,4305
5894,4646
5894,4994
5894,5172
5894,5440
5894,5458
5894,6509
5894,7025
5894,7063
5894,7145
5895,673
5895,675
5895,2065
5895,2295
5895,3578
5895,4805
5895,5484
5895,5664
5896,147
5896,481
5896,561
5896,688
5896,690
5896,746
5896,782
5896,837
5896,943
5896,1223
5896,2073
5896,2395
5896,2398
5896,2499
5896,3211
5896,3452
5896,3733
5896,4151
5896,4191
5896,4244
5896,4252
5896,4353
5896,4564
5896,4663
5896,4884
5896,4921
5896,5072
5896,5230
5896,5357
5896,5489
5896,5737
5896,5784
5896,5928
5896,5974
5896,6222
5896,6311
5896,6488
5896,6609
5896,6625
5896,6924
5896,7383
5896,7463
5896,7598
5897,24
5897,593
5897,622
5897,900
5897,1100
5897,1838
5897,1899
5897,2198
5897,2553
5897,3020
5897,3704
5897,3799
5897,3856
5897,4805
5897,5013
5897,5234
5897,5241
5897,5255
5897,5584
5897,5734
5897,5881
5897,6702
5897,7477
5898,1058
5898,1642
5898,3578
5898,4376
5898,4714
5898,4805
5898,5068
5898,7481
5899,301
5899,764
5899,994
5899,1181
5899,2016
5899,2505
5899,2570
5899,2686
5899,3397
5899,3793
5899,3956
5899,4486
5899,4762
5899,4906
5899,5063
5899,6246
5899,6420
5899,6458
5899,6481
5899,6916
5900,368
5900,979
5900,1384
5900,1398
5900,1451
5900,1848
5900,1968
5900,2167
5900,2429
5900,2459
5900,2501
5900,3200
5900,3639
5900,3694
5900,3863
5900,3921
5900,3971
5900,4134
5900,4364
5900,4597
5900,4815
5900,4929
5900,6167
5900,6248
5900,6326
5900,6498
5900,6742
5900,6809
5900,6862
5900,7199
5900,7358
5900,7439
5901,310
5901,1348
5901,2221
5901,2867
5901,3085
5901,3490
5901,4410
5901,5994
5901,6314
5901,6367
5902,1277
5902,6807
5902,6900
5903,24
5903,61
5903,89
5903,169
5903,322
5903,366
5903,469
5903,534
5903,593
5903,632
5903,710
5903,732
5903,774
5903,906
5903,924
5903,1058
5903,1081
5903,1280
5903,1294
5903,1429
5903,1501
5903,1513
5903,1517
5903,1690
5903,1711
5903,1738
5903,1744
5903,1746
5903,1796
5903,1899
5903,1993
5903,2198
5903,2206
5903,2239
5903,2336
5903,2380
5903,2432
5903,2541
5903,2637
5903,2689
5903,2736
5903,2832
5903,2929
5903,2991
5903,3001
5903,3008
5903,3027
5903,3051
5903,3081
5903,3138
5903,3379
5903,3438
5903,3439
5903,3623
5903,3627
5903,3703
5903,3876
5903,3889
5903,3987
5903,4176
5903,4217
5903,4415
5903,4522
5903,4531
5903,4546
5903,4578
5903,4588
5903,4641
5903,4669
5903,4688
5903,4734
5903,4768
5903,5050
5903,5136
5903,5139
5903,5148
5903,5214
5903,5404
5903,5415
5903,5769
5903,6077
5903,6152
5903,6188
5903,6215
5903,6330
5903,6414
5903,6500
5903,6634
5903,6669
5903,6702
5903,6807
5903,6923
5903,7021
5903,7059
5903,7097
5903,7247
5903,7352
5903,7477
5903,7610
5903,7619
5904,24
5904,593
5904,622
5904,1100
5904,1838
5904,2102
5904,2198
5904,2239
5904,3020
5904,3074
5904,3152
5904,3704
5904,3720
5904,3799
5904,4161
5904,4641
5904,5013
5904,5050
5904,5234
5904,5255
5904,5441
5904,5493
5904,6409
5904,6702
5904,7395
5905,1207
5905,1405
5905,1793
5905,2069
5905,2085
5905,2289
5905,2466
5905,2942
5905,3033
5905,3200
5905,3519
5905,3694
5905,4299
5905,4370
5905,5477
5905,5621
5905,5956
5905,6150
5905,6529
5905,6875
5905,6903
5905,7002
5905,7138
5905,7185
5905,7199
5905,7429
5906,236
5906,828
5906,850
5906,879
5906,1282
5906,1396
5906,1759
5906,1969
5906,2250
5906,2260
5906,2419
5906,2596
5906,2728
5906,2975
5906,3099
5906,4038
5906,4264
5906,4548
5906,4667
5906,4960
5906,5448
5906,5706
5906,5849
5906,5882
5906,6007
5906,6010
5906,6046
5906,6363
5906,6931
5906,7238
5907,331
5907,381
5907,462
5907,585
5907,846
5907,1032
5907,1359
5907,1372
5907,1522
5907,1764
5907,1870
5907,1934
5907,3141
5907,3329
5907,3336
5907,3368
5907,3573
5907,4027
5907,4078
5907,4136
5907,4362
5907,4725
5907,5318
5907,5604
5907,5839
5907,5986
5907,6263
5907,6298
5907,6328
5907,6619
5907,6684
5907,6868
5907,7200
5907,7576
5907,7579
5908,147
5908,481
5908,1622
5908,2499
5908,3733
5908,4191
5908,4244
5908,4494
5908,4663
5908,6311
5908,7489
5908,7598
5909,518
5909,1058
5909,1105
5909,1108
5909,1561
5909,1899
5909,2166
5909,2239
5909,2823
5909,2979
5909,3070
5909,3152
5909,3282
5909,3710
5909,4706
5909,4746
5909,4771
5909,5167
5909,5234
5909,5398
5909,5412
5909,5764
5909,6098
5910,197
5910,364
5910,454
5910,1255
5910,1270
5910,1454
5910,1515
5910,1541
5910,2156
5910,2986
5910,3374
5910,3525
5910,4019
5910,4671
5910,4885
5910,4994
5910,5506
5910,5517
5910,7543
5910,7639
5911,1061
5911,1354
5911,2877
5911,3231
5911,3873
5911,4443
5911,4530
5911,4611
5912,301
5912,514
5912,768
5912,829
5912,1080
5912,1192
5912,1832
5912,2127
5912,2155
5912,2169
5912,2223
5912,2288
5912,2355
5912,2570
5912,2834
5912,2863
5912,2879
5912,2898
5912,3031
5912,3260
5912,3378
5912,3397
5912,3793
5912,3809
5912,3855
5912,3883
5912,4040
5912,4094
5912,4486
5912,4532
5912,4617
5912,4654
5912,4799
5912,4862
5912,4869
5912,4913
5912,5527
5912,5574
5912,5771
5912,5777
5912,5787
5912,5796
5912,6058
5912,6071
5912,6386
5912,6542
5912,6724
5912,6744
5913,93
5913,200
5913,878
5913,889
5913,1331
5913,1403
5913,1964
5913,2034
5913,2083
5913,2136
5913,2539
5913,2748
5913,3038
5913,3154
5913,3186
5913,3267
5913,3425
5913,3647
5913,3955
5913,3993
5913,4325
5913,4346
5913,5358
5913,5671
5913,5723
5913,6556
5914,273
5914,554
5914,557
5914,581
5914,1587
5914,1656
5914,1772
5914,1818
5914,2654
5914,2757
5914,3741
5914,3903
5914,3924
5914,4008
5914,4143
5914,4208
5914,4280
5914,4351
5914,4673
5914,6623
5914,6653
5914,7504
5915,7
5915,247
5915,337
5915,441
5915,890
5915,991
5915,1204
5915,1460
5915,1852
5915,2180
5915,2255
5915,2321
5915,2957
5915,3048
5915,3204
5915,3420
5915,3481
5915,3806
5915,3811
5915,3843
5915,4265
5915,4855
5915,5161
5915,5600
5915,5977
5915,6081
5915,6380
5915,6525
5915,6650
5915,6687
5915,6894
5916,887
5916,2319
5916,2963
5916,3495
5916,6656
5917,212
5917,382
5917,526
5917,587
5917,728
5917,956
5917,1196
5917,1287
5917,1291
5917,1493
5917,1521
5917,1739
5917,1984
5917,2059
5917,2215
5917,2325
5917,2525
5917,2579
5917,2632
5917,2703
5917,2783
5917,2903
5917,3083
5917,3246
5917,3506
5917,3510
5917,3539
5917,3559
5917,3920
5917,4067
5917,4153
5917,4502
5917,4707
5917,5101
5917,5641
5917,5798
5917,6059
5917,6412
5917,6427
5917,6522
5917,6565
5917,6794
5917,6909
5917,6920
5917,7147
5918,28
5918,150
5918,545
5918,650
5918,1075
5918,1500
5918,2136
5918,2315
5918,2606
5918,3186
5918,3327
5918,3534
5918,3746
5918,3993
5918,4069
5918,4533
5918,5314
5918,5466
5918,5723
5918,6005
5918,6493
5918,6821
5918,6991
5919,1574
5919,3841
5919,4063
5919,5323
5919,6053
5919,7074
5920,561
5920,2843
5920,4252
5920,4703
5920,5230
5920,5935
5920,6222
5920,6609
5920,6625
5920,6725
5920,6924
5920,7383
5921,2168
5921,2534
5921,2874
5922,55
5922,93
5922,957
5922,1536
5922,1556
5922,1758
5922,1773
5922,2136
5922,2397
5922,2662
5922,2833
5922,2990
5922,3267
5922,3396
5922,3525
5922,3630
5922,4215
5922,4501
5922,4665
5922,4804
5922,4935
5922,6044
5922,6205
5922,6392
5922,6472
5923,20
5923,73
5923,551
5923,2248
5923,3394
5923,3698
5923,5132
5923,5346
5923,5375
5923,6828
5924,532
5924,835
5924,1284
5924,1414
5924,1660
5924,1956
5924,2198
5924,2239
5924,3152
5924,3273
5924,3433
5924,3567
5924,3578
5924,3625
5924,4376
5924,5144
5924,5404
5924,5435
5924,5664
5924,6235
5924,6747
5924,6841
5924,7467
5926,73
5926,103
5926,382
5926,502
5926,1133
5926,1189
5926,1291
5926,1432
5926,1521
5926,2332
5926,2339
5926,2370
5926,2703
5926,3559
5926,3574
5926,3751
5926,4716
5926,4952
5926,5132
5926,5641
5926,6920
5926,7296
5927,17
5927,120
5927,256
5927,439
5927,778
5927,1326
5927,1367
5927,1791
5927,1819
5927,1903
5927,1909
5927,2343
5927,2362
5927,2590
5927,2666
5927,3424
5927,3905
5927,4214
5927,4443
5927,4974
5927,5034
5927,5480
5927,5581
5927,5618
5927,5883
5927,6130
5927,6598
5927,6681
5928,425
5928,578
5928,618
5928,619
5928,671
5928,685
5928,943
5928,1223
5928,1858
5928,2012
5928,2395
5928,2398
5928,2491
5928,2548
5928,2786
5928,2843
5928,3399
5928,3449
5928,3504
5928,3584
5928,4151
5928,4252
5928,4423
5928,4475
5928,4478
5928,4491
5928,4494
5928,4703
5928,4708
5928,4761
5928,5228
5928,5230
5928,5357
5928,5896
5928,5972
5928,6092
5928,6168
5928,6222
5928,6609
5928,6725
5928,7426
5928,7531
5929,10
5929,349
5929,605
5929,1088
5929,1264
5929,1334
5929,1736
5929,1881
5929,1980
5929,2337
5929,2435
5929,2623
5929,2777
5929,3102
5929,3415
5929,3583
5929,3678
5929,3711
5929,3717
5929,3749
5929,4509
5929,4548
5929,4723
5929,4829
5929,4992
5929,5110
5929,5509
5929,5868
5929,6357
5929,6557
5929,6628
5929,6665
5929,7348
5929,7437
5929,7458
5929,7513
5930,4033
5930,4823
5931,304
5931,1112
5931,1472
5931,1524
5931,1999
5931,2719
5931,2755
5931,2883
5931,3060
5931,3408
5931,3532
5931,3593
5931,3602
5931,3608
5931,3762
5931,4147
5931,4230
5931,4864
5931,4952
5931,5525
5931,5576
5931,5689
5931,5709
5931,5996
5931,6638
5931,7296
5931,7501
5931,7599
5932,26
5932,134
5932,383
5932,592
5932,593
5932,739
5932,1082
5932,1194
5932,1591
5932,1744
5932,2198
5932,2205
5932,2556
5932,2685
5932,2778
5932,2871
5932,2887
5932,3053
5932,3063
5932,3243
5932,3247
5932,3294
5932,3621
5932,3657
5932,3807
5932,3923
5932,4033
5932,4082
5932,4217
5932,4345
5932,4650
5932,4812
5932,4848
5932,4912
5932,5042
5932,5061
5932,5133
5932,5234
5932,5293
5932,5597
5932,5703
5932,5958
5932,6175
5932,6343
5932,6702
5932,6759
5932,6790
5932,6983
5932,7119
5932,7283
5932,7398
5932,7601
5933,9
5933,128
5933,252
5933,1298
5933,1358
5933,1435
5933,2094
5933,2305
5933,2378
5933,2707
5933,4277
5933,4882
5933,5118
5933,5192
5933,5486
5933,5636
5933,6162
5933,6555
5934,709
5934,817
5934,932
5934,982
5934,1061
5934,1065
5934,1920
5934,2168
5934,2350
5934,2602
5934,3431
5934,3747
5934,4237
5934,4379
5934,4443
5934,4763
5934,4800
5934,4896
5934,4980
5934,5140
5934,5421
5934,5515
5934,5827
5934,5829
5934,6194
5934,6550
5934,6561
5934,6635
5934,6712
5934,6718
5934,6928
5934,6948
5934,6975
5934,7388
5934,7460
5934,7491
5935,561
5935,1223
5935,2843
5935,4244
5935,5920
5935,6222
5935,6609
5935,6924
5935,7598
5936,73
5936,106
5936,217
5936,552
5936,964
5936,1064
5936,1069
5936,1418
5936,1722
5936,1776
5936,1999
5936,2021
5936,2143
5936,2145
5936,2198
5936,2205
5936,2211
5936,2610
5936,2626
5936,2871
5936,2993
5936,3223
5936,3320
5936,3469
5936,3990
5936,4217
5936,4330
5936,4376
5936,4719
5936,4876
5936,4892
5936,4982
5936,5098
5936,5132
5936,5171
5936,5216
5936,5234
5936,5368
5936,5396
5936,5993
5936,6039
5936,6301
5936,6409
5936,6447
5936,6898
5936,7007
5936,7121
5936,7409
5937,201
5937,260
5937,455
5937,593
5937,659
5937,726
5937,836
5937,1058
5937,1210
5937,1370
5937,1415
5937,1453
5937,1668
5937,1796
5937,1862
5937,1959
5937,2115
5937,2198
5937,2229
5937,2239
5937,2370
5937,2476
5937,2485
5937,2553
5937,2571
5937,2573
5937,2600
5937,2738
5937,2974
5937,3049
5937,3051
5937,3081
5937,3160
5937,3279
5937,3370
5937,3648
5937,3681
5937,3748
5937,4164
5937,4376
5937,4535
5937,4573
5937,4594
5937,4608
5937,4638
5937,4669
5937,4805
5937,4806
5937,5155
5937,5241
5937,5296
5937,5344
5937,5372
5937,5404
5937,5415
5937,5463
5937,5646
5937,5649
5937,5714
5937,5734
5937,5833
5937,5878
5937,5881
5937,5982
5937,6021
5937,6027
5937,6082
5937,6140
5937,6284
5937,6354
5937,6414
5937,6475
5937,6551
5937,6702
5937,6707
5937,6847
5937,6990
5937,7003
5937,7071
5937,7091
5937,7103
5937,7215
5937,7337
5937,7352
5937,7395
5937,7448
5937,7477
5937,7572
5938,1310
5938,5993
5939,10
5939,349
5939,1334
5939,1736
5939,2139
5939,2337
5939,3102
5939,3415
5939,3749
5939,4723
5939,4740
5939,4829
5939,4992
5939,5110
5939,6357
5940,1520
5940,2884
5941,62
5941,85
5941,91
5941,432
5941,495
5941,748
5941,766
5941,867
5941,904
5941,1013
5941,1058
5941,1069
5941,1113
5941,1453
5941,2198
5941,2239
5941,2354
5941,2522
5941,2911
5941,2977
5941,3098
5941,3183
5941,3330
5941,3518
5941,3538
5941,3578
5941,3607
5941,3671
5941,3695
5941,3895
5941,4037
5941,4054
5941,4080
5941,4376
5941,4384
5941,4466
5941,5179
5941,5194
5941,5278
5941,5455
5941,5505
5941,5987
5941,5998
5941,6001
5941,6098
5941,6581
5941,6618
5941,7067
5941,7171
5941,7401
5943,91
5943,539
5943,867
5943,975
5943,1120
5943,1426
5943,1817
5943,1979
5943,2112
5943,2404
5943,2427
5943,2977
5943,3466
5943,3578
5943,3757
5943,3927
5943,4042
5943,5505
5943,5722
5943,5948
5943,5949
5943,7142
5944,892
5944,1084
5944,1448
5944,1519
5944,1979
5944,2265
5944,2625
5944,3480
5944,3866
5944,4054
5944,4617
5944,4790
5944,5785
5944,7029
5944,7067
5944,7142
5944,7307
5945,85
5945,260
5945,269
5945,369
5945,593
5945,951
5945,1067
5945,1178
5945,1284
5945,1293
5945,1472
5945,1784
5945,1798
5945,1833
5945,2115
5945,2239
5945,2571
5945,2671
5945,2711
5945,2883
5945,3152
5945,3363
5945,3459
5945,3693
5945,4164
5945,4376
5945,4384
5945,4465
5945,4806
5945,4952
5945,5070
5945,5095
5945,5404
5945,5707
5945,5955
5945,6551
5945,6618
5945,6707
5945,7003
5945,7395
5945,7607
5946,681
5946,3094
5946,3735
5946,3872
5946,4235
5946,4449
5946,5093
5946,6300
5946,7586
5947,417
5947,784
5947,1026
5947,1078
5947,1252
5947,1729
5947,1984
5947,2175
5947,2218
5947,2277
5947,2392
5947,2546
5947,2763
5947,3816
5947,4234
5947,4801
5947,5101
5947,5177
5947,5661
5947,6061
5947,6178
5947,6266
5947,6647
5947,6912
5947,7107
5947,7109
5947,7175
5947,7360
5947,7371
5947,7389
5947,7455
5947,7550
5948,308
5948,766
5948,975
5948,1185
5948,1343
5948,1619
5948,1667
5948,1794
5948,1795
5948,2055
5948,2198
5948,2239
5948,2372
5948,2425
5948,3015
5948,3098
5948,3223
5948,3330
5948,3466
5948,3578
5948,3665
5948,3866
5948,3871
5948,3895
5948,4062
5948,4185
5948,4223
5948,4376
5948,4480
5948,4735
5948,4851
5948,5132
5948,5179
5948,5378
5948,5455
5948,5505
5948,5749
5948,5943
5948,6098
5948,6211
5948,6358
5948,6448
5948,7022
5948,7029
5948,7054
5948,7310
5948,7584
5949,260
5949,766
5949,975
5949,1058
5949,1339
5949,1700
5949,1899
5949,2198
5949,2239
5949,2372
5949,2425
5949,3098
5949,3492
5949,3518
5949,3578
5949,3665
5949,3695
5949,3866
5949,4376
5949,5179
5949,5505
5949,5943
5949,6098
5949,6345
5949,6448
5949,6572
5949,6707
5949,7054
5950,1503
5950,3495
5950,5616
5950,7129
5951,1807
5951,2168
5951,2413
5951,4322
5951,5834
5951,7449
5952,85
5952,266
5952,593
5952,789
5952,863
5952,904
5952,973
5952,1058
5952,1453
5952,1478
5952,1575
5952,1621
5952,1927
5952,2194
5952,2198
5952,2339
5952,2370
5952,2377
5952,2537
5952,2617
5952,2744
5952,2765
5952,2911
5952,3025
5952,3178
5952,3183
5952,3311
5952,3370
5952,3406
5952,3538
5952,3672
5952,3748
5952,3895
5952,3948
5952,4080
5952,4164
5952,4376
5952,4384
5952,4952
5952,5058
5952,5132
5952,5296
5952,5455
5952,5707
5952,5816
5952,6551
5952,6618
5952,6624
5952,6702
5952,6760
5952,6811
5952,6984
5952,7101
5952,7197
5952,7252
5952,7320
5952,7535
5952,7612
5952,7628
5953,36
5953,40
5953,456
5953,485
5953,536
5953,644
5953,920
5953,970
5953,1060
5953,1280
5953,1347
5953,1353
5953,1429
5953,1457
5953,1610
5953,1930
5953,2113
5953,2795
5953,2801
5953,2871
5953,3054
5953,3310
5953,3763
5953,4033
5953,4152
5953,4173
5953,4294
5953,5661
5953,5963
5953,6015
5953,6237
5953,6369
5953,6572
5953,6777
5953,6807
5953,7365
5953,7526
5953,7550
5954,459
5954,1781
5954,2139
5954,2369
5954,2842
5954,3288
5954,3350
5954,3416
5954,4721
5954,4981
5954,5005
5954,5113
5954,5416
5954,5607
5954,5681
5954,5871
5954,6132
5954,6220
5954,6239
5954,6559
5954,6865
5954,7249
5954,7484
5955,23
5955,260
5955,304
5955,369
5955,475
5955,479
5955,542
5955,593
5955,735
5955,863
5955,869
5955,951
5955,1067
5955,1113
5955,1293
5955,1368
5955,1421
5955,1431
5955,1570
5955,1634
5955,1663
5955,1784
5955,1798
5955,1840
5955,1842
5955,1959
5955,1965
5955,2013
5955,2039
5955,2106
5955,2115
5955,2129
5955,2198
5955,2521
5955,2571
5955,2671
5955,2725
5955,2888
5955,3149
5955,3226
5955,3284
5955,3357
5955,3363
5955,3408
5955,3428
5955,3459
5955,3693
5955,3756
5955,3958
5955,4091
5955,4167
5955,4184
5955,4369
5955,4376
5955,4385
5955,4768
5955,4787
5955,4806
5955,5008
5955,5070
5955,5084
5955,5404
5955,5646
5955,5707
5955,5756
5955,5816
5955,5859
5955,5945
5955,6265
5955,6313
5955,6551
5955,6646
5955,6702
5955,6707
5955,6802
5955,6892
5955,6906
5955,6933
5955,6971
5955,7003
5955,7071
5955,7091
5955,7166
5955,7180
5955,7231
5955,7464
5955,7487
5955,7537
5955,7568
5955,7582
5956,451
5956,1207
5956,1307
5956,1352
5956,1606
5956,1793
5956,1890
5956,1968
5956,1971
5956,2069
5956,2278
5956,2351
5956,2403
5956,2580
5956,2846
5956,2942
5956,3033
5956,3200
5956,3390
5956,3505
5956,3519
5956,3535
5956,3694
5956,4036
5956,4079
5956,4119
5956,4229
5956,4339
5956,4481
5956,4929
5956,4977
5956,5096
5956,5477
5956,5621
5956,5850
5956,5905
5956,6285
5956,6498
5956,6543
5956,6697
5956,6862
5956,6863
5956,6903
5956,7002
5956,7199
5957,308
5957,771
5957,990
5957,1091
5957,1189
5957,1289
5957,1442
5957,1499
5957,1660
5957,1682
5957,1843
5957,2028
5957,2055
5957,2577
5957,2894
5957,2993
5957,3162
5957,3330
5957,3421
5957,3578
5957,3637
5957,3691
5957,3751
5957,3871
5957,3887
5957,3959
5957,4223
5957,4349
5957,4692
5957,4890
5957,5280
5957,5893
5957,6172
5957,6280
5957,6960
5957,7171
5957,7222
5957,7478
5957,7480
5957,7518
5957,7603
5958,419
5958,522
5958,739
5958,899
5958,1002
5958,1024
5958,1092
5958,1236
5958,1591
5958,1744
5958,2095
5958,2117
5958,2173
5958,2309
5958,2556
5958,2819
5958,2887
5958,3063
5958,4217
5958,4650
5958,4812
5958,4828
5958,4848
5958,5061
5958,5133
5958,5327
5958,5595
5958,5932
5958,6054
5958,6175
5958,6289
5958,6343
5958,6759
5958,6887
5958,7398
5958,7534
5959,871
5959,5300
5960,1565
5960,2053
5960,2100
5960,2976
5960,3156
5960,3175
5960,3292
5960,3735
5960,4258
5960,4935
5960,5020
5960,5548
5960,6050
5960,6205
5960,6814
5960,7497
5960,7575
5960,7620
5961,85
5961,260
5961,369
5961,593
5961,942
5961,1058
5961,1210
5961,1357
5961,1415
5961,1798
5961,2198
5961,2370
5961,2377
5961,2410
5961,2911
5961,2974
5961,3177
5961,3183
5961,3370
5961,3384
5961,3748
5961,4074
5961,4080
5961,4096
5961,4164
5961,4210
5961,4320
5961,4376
5961,4384
5961,4608
5961,4670
5961,4805
5961,4864
5961,5070
5961,5132
5961,5296
5961,5404
5961,5623
5961,5707
5961,5799
5961,5816
5961,5881
5961,6551
5961,6707
5961,7296
5961,7535
5961,7572
5962,116
5962,308
5962,432
5962,1069
5962,1284
5962,1631
5962,2198
5962,2427
5962,3223
5962,3672
5962,3866
5962,3895
5962,4054
5962,4164
5962,4223
5962,4376
5962,5132
5962,5455
5962,5676
5962,5749
5962,6098
5962,7277
5962,7349
5962,7612
5963,28
5963,36
5963,456
5963,485
5963,536
5963,644
5963,920
5963,970
5963,1060
5963,1185
5963,1280
5963,1353
5963,1429
5963,1930
5963,1962
5963,2113
5963,2220
5963,2738
5963,2795
5963,2801
5963,3271
5963,3278
5963,3310
5963,3856
5963,4033
5963,4100
5963,4152
5963,5209
5963,5496
5963,5953
5963,6237
5963,6572
5963,6807
5963,6852
5963,7330
5964,25
5964,702
5964,838
5964,925
5964,949
5964,3325
5964,3699
5964,3899
5964,4686
5964,5148
5964,6669
5964,6702
5964,6902
5964,6940
5965,150
5965,650
5965,918
5965,4051
5965,5713
5965,7112
5966,169
5966,183
5966,593
5966,1214
5966,1226
5966,1421
5966,1614
5966,1744
5966,1798
5966,1993
5966,2198
5966,2313
5966,2432
5966,2553
5966,3051
5966,3184
5966,3237
5966,3363
5966,4074
5966,4578
5966,4870
5966,5015
5966,5070
5966,5148
5966,6414
5966,6597
5966,6673
5966,6702
5966,6887
5966,7085
5966,7231
5966,7464
5966,7568
5967,1798
5967,1876
5967,2143
5967,2215
5967,2587
5967,2921
5967,3580
5967,4054
5967,4090
5967,6863
5967,7446
5968,315
5968,519
5968,557
5968,965
5968,995
5968,1244
5968,1815
5968,1914
5968,2443
5968,3064
5968,3460
5968,3941
5968,4280
5968,4673
5968,4899
5968,5266
5968,5627
5968,6653
5969,1961
5969,2604
5969,2758
5969,2998
5969,3386
5969,3765
5969,5156
5970,53
5970,199
5970,209
5970,365
5970,791
5970,894
5970,1072
5970,1251
5970,1681
5970,1939
5970,2003
5970,2705
5970,3872
5970,3960
5970,4646
5970,4689
5970,4786
5970,5043
5970,5119
5970,5337
5970,5382
5970,6089
5970,6523
5970,6585
5970,7063
5970,7081
5970,7237
5970,7532
5970,7586
5971,769
5971,1252
5971,1359
5971,2210
5971,2613
5971,2741
5971,3232
5971,3329
5971,3557
5971,4178
5971,4314
5971,4482
5971,4555
5971,4725
5971,5014
5971,5604
5971,5630
5971,6179
5971,6328
5971,6575
5971,7039
5971,7153
5971,7376
5971,7579
5972,147
5972,425
5972,481
5972,510
5972,561
5972,578
5972,618
5972,746
5972,901
5972,943
5972,1223
5972,1509
5972,1529
5972,1646
5972,2012
5972,2395
5972,2449
5972,2491
5972,2499
5972,2786
5972,2843
5972,2983
5972,3211
5972,3255
5972,3479
5972,3984
5972,4244
5972,4423
5972,4491
5972,4564
5972,4585
5972,4663
5972,4711
5972,4884
5972,5016
5972,5072
5972,5230
5972,5357
5972,5489
5972,5718
5972,5928
5972,5974
5972,6168
5972,6222
5972,6311
5972,6609
5972,6625
5972,6924
5972,7324
5972,7383
5972,7489
5972,7598
5973,783
5973,1162
5973,3143
5973,4075
5973,4088
5973,5127
5973,5877
5973,6206
5973,6855
5973,7001
5974,398
5974,444
5974,510
5974,561
5974,578
5974,609
5974,618
5974,685
5974,688
5974,782
5974,992
5974,1086
5974,1096
5974,1292
5974,1466
5974,1509
5974,1529
5974,1562
5974,1683
5974,1917
5974,2012
5974,2067
5974,2073
5974,2137
5974,2259
5974,2361
5974,2395
5974,2444
5974,2449
5974,2468
5974,2491
5974,2499
5974,2786
5974,2805
5974,2827
5974,2843
5974,2873
5974,2926
5974,2983
5974,3211
5974,3255
5974,3393
5974,3399
5974,3411
5974,3449
5974,3452
5974,3479
5974,3504
5974,3984
5974,4117
5974,4123
5974,4151
5974,4252
5974,4310
5974,4353
5974,4423
5974,4478
5974,4487
5974,4491
5974,4494
5974,4498
5974,4524
5974,4564
5974,4585
5974,4604
5974,4607
5974,4663
5974,4681
5974,4703
5974,4708
5974,4761
5974,4873
5974,4884
5974,4921
5974,5016
5974,5072
5974,5228
5974,5270
5974,5345
5974,5357
5974,5405
5974,5476
5974,5489
5974,5573
5974,5609
5974,5718
5974,5737
5974,5751
5974,5784
5974,5896
5974,5972
5974,6083
5974,6103
5974,6168
5974,6227
5974,6229
5974,6508
5974,6709
5974,6829
5974,6972
5974,7015
5974,7110
5974,7218
5974,7263
5974,7324
5974,7383
5974,7426
5974,7444
5974,7490
5974,7531
5975,85
5975,446
5975,789
5975,795
5975,810
5975,1058
5975,1453
5975,1575
5975,1798
5975,2106
5975,2198
5975,2320
5975,2339
5975,2370
5975,2377
5975,2770
5975,3183
5975,3311
5975,3538
5975,3748
5975,3895
5975,4067
5975,4164
5975,4376
5975,4384
5975,4865
5975,4919
5975,4952
5975,5296
5975,5412
5975,5816
5975,5881
5975,6551
5975,6618
5975,7465
5975,7525
5975,7628
5976,85
5976,240
5976,260
5976,304
5976,369
5976,593
5976,727
5976,869
5976,951
5976,1067
5976,1113
5976,1210
5976,1268
5976,1293
5976,1415
5976,1431
5976,1524
5976,1592
5976,1663
5976,1668
5976,1798
5976,1833
5976,1840
5976,1842
5976,2013
5976,2039
5976,2106
5976,2115
5976,2128
5976,2198
5976,2339
5976,2370
5976,2410
5976,2521
5976,2571
5976,2711
5976,2888
5976,2921
5976,3051
5976,3226
5976,3347
5976,3646
5976,3693
5976,3748
5976,3804
5976,4080
5976,4286
5976,4376
5976,4384
5976,4465
5976,4525
5976,4578
5976,4680
5976,4787
5976,4806
5976,5404
5976,5707
5976,5799
5976,5816
5976,5881
5976,6024
5976,6100
5976,6492
5976,6551
5976,6701
5976,6702
5976,6707
5976,6877
5976,6952
5976,7003
5976,7044
5976,7071
5976,7280
5976,7320
5976,7353
5976,7487
5977,7
5977,399
5977,890
5977,935
5977,1053
5977,1213
5977,1306
5977,1852
5977,2180
5977,2321
5977,2504
5977,3057
5977,3843
5977,4126
5977,4133
5977,4224
5977,4623
5977,5161
5977,5915
5977,6380
5977,6525
5977,6650
5977,7378
5978,328
5978,517
5978,1504
5978,1759
5978,1864
5978,1969
5978,2114
5978,2250
5978,2260
5978,2281
5978,2327
5978,2357
5978,2557
5978,3116
5978,3597
5978,3840
5978,3874
5978,4048
5978,4666
5978,4739
5978,6046
5978,6104
5978,6164
5978,6212
5978,6679
5978,6772
5978,7241
5978,7255
5979,23
5979,33
5979,42
5979,89
5979,152
5979,183
5979,233
5979,258
5979,267
5979,309
5979,322
5979,366
5979,455
5979,469
5979,482
5979,505
5979,534
5979,562
5979,593
5979,622
5979,633
5979,732
5979,924
5979,945
5979,958
5979,1018
5979,1042
5979,1097
5979,1214
5979,1350
5979,1415
5979,1421
5979,1447
5979,1513
5979,1582
5979,1614
5979,1663
5979,1671
5979,1684
5979,1723
5979,1738
5979,1744
5979,1792
5979,1796
5979,1798
5979,1899
5979,1942
5979,1970
5979,1993
5979,2010
5979,2013
5979,2198
5979,2206
5979,2239
5979,2307
5979,2334
5979,2336
5979,2340
5979,2380
5979,2396
5979,2540
5979,2541
5979,2553
5979,2575
5979,2637
5979,2675
5979,2812
5979,2832
5979,2981
5979,3008
5979,3020
5979,3027
5979,3034
5979,3051
5979,3079
5979,3160
5979,3178
5979,3184
5979,3221
5979,3264
5979,3274
5979,3287
5979,3362
5979,3363
5979,3377
5979,3446
5979,3582
5979,3623
5979,3648
5979,3703
5979,3799
5979,3856
5979,3859
5979,3897
5979,3946
5979,3951
5979,4023
5979,4074
5979,4127
5979,4161
5979,4164
5979,4188
5979,4350
5979,4352
5979,4376
5979,4402
5979,4453
5979,4484
5979,4510
5979,4511
5979,4531
5979,4538
5979,4578
5979,4590
5979,4638
5979,4662
5979,4669
5979,4688
5979,4712
5979,4734
5979,4805
5979,4870
5979,4934
5979,4946
5979,4954
5979,4971
5979,5015
5979,5037
5979,5042
5979,5160
5979,5241
5979,5258
5979,5296
5979,5330
5979,5348
5979,5359
5979,5385
5979,5399
5979,5404
5979,5415
5979,5441
5979,5488
5979,5493
5979,5518
5979,5538
5979,5612
5979,5651
5979,5707
5979,5756
5979,5799
5979,5881
5979,5982
5979,6024
5979,6066
5979,6077
5979,6135
5979,6156
5979,6183
5979,6215
5979,6315
5979,6373
5979,6398
5979,6414
5979,6484
5979,6537
5979,6597
5979,6634
5979,6669
5979,6673
5979,6678
5979,6692
5979,6702
5979,6707
5979,6754
5979,6787
5979,6849
5979,6887
5979,6906
5979,6907
5979,6921
5979,6930
5979,6933
5979,6968
5979,6971
5979,6978
5979,6990
5979,7010
5979,7021
5979,7023
5979,7036
5979,7085
5979,7103
5979,7181
5979,7203
5979,7231
5979,7278
5979,7294
5979,7311
5979,7337
5979,7428
5979,7464
5979,7477
5979,7511
5979,7536
5979,7540
5979,7568
5979,7577
5979,7607
5980,750
5980,4295
5980,4540
5980,5051
5980,5154
5980,6730
5981,308
5981,835
5981,847
5981,1418
5981,1673
5981,1802
5981,1979
5981,2258
5981,2372
5981,3295
5981,3492
5981,3578
5981,4851
5981,4863
5981,5786
5981,6189
5981,6980
5981,7067
5981,7125
5981,7226
5982,23
5982,89
5982,169
5982,183
5982,322
5982,366
5982,369
5982,431
5982,455
5982,593
5982,596
5982,659
5982,731
5982,836
5982,906
5982,924
5982,1017
5982,1113
5982,1421
5982,1513
5982,1723
5982,1738
5982,1744
5982,1796
5982,1797
5982,1798
5982,1899
5982,1959
5982,1993
5982,2198
5982,2340
5982,2432
5982,2485
5982,2553
5982,2634
5982,2637
5982,2645
5982,2649
5982,2906
5982,2931
5982,3001
5982,3051
5982,3074
5982,3138
5982,3377
5982,3445
5982,3623
5982,3648
5982,3704
5982,3713
5982,3720
5982,3721
5982,4074
5982,4161
5982,4243
5982,4376
5982,4538
5982,4573
5982,4641
5982,4662
5982,4669
5982,4688
5982,4755
5982,4805
5982,4934
5982,5015
5982,5042
5982,5048
5982,5070
5982,5160
5982,5201
5982,5241
5982,5328
5982,5415
5982,5441
5982,5567
5982,5734
5982,5833
5982,5878
5982,5937
5982,5979
5982,6024
5982,6077
5982,6188
5982,6215
5982,6315
5982,6407
5982,6414
5982,6475
5982,6484
5982,6597
5982,6669
5982,6673
5982,6678
5982,6692
5982,6702
5982,6707
5982,6787
5982,6847
5982,7010
5982,7021
5982,7105
5982,7170
5982,7266
5982,7337
5982,7352
5982,7428
5982,7440
5982,7464
5982,7477
5982,7511
5982,7560
5982,7573
5982,7607
5982,7610
5983,1049
5983,1051
5983,2482
5983,3661
5983,5580
5983,7620
5984,73
5984,305
5984,474
5984,1757
5984,2164
5984,2663
5984,3339
5984,3501
5984,3591
5984,3698
5984,3891
5984,4386
5984,4864
5984,6511
5984,6563
5985,93
5985,3303
5985,4061
5985,5057
5986,462
5986,980
5986,1036
5986,1893
5986,1934
5986,2254
5986,2612
5986,3014
5986,3329
5986,3767
5986,4183
5986,4362
5986,5501
5986,5535
5986,5907
5986,6293
5986,6298
5986,6328
5986,6358
5986,6684
5986,6868
5986,6986
5986,7153
5986,7590
5987,127
5987,432
5987,495
5987,728
5987,766
5987,1013
5987,1337
5987,1575
5987,1862
5987,1978
5987,2143
5987,2198
5987,2239
5987,2258
5987,2427
5987,2522
5987,3098
5987,3246
5987,3330
5987,3607
5987,3671
5987,3695
5987,3895
5987,4054
5987,4164
5987,4223
5987,4343
5987,4376
5987,4384
5987,4707
5987,5179
5987,5785
5987,5941
5987,6098
5987,6118
5987,6228
5987,6437
5987,6522
5987,6553
5987,6565
5987,7054
5987,7067
5987,7171
5987,7537
5988,202
5988,268
5988,282
5988,361
5988,440
5988,2025
5988,2077
5988,2367
5988,2505
5988,2619
5988,3208
5988,4135
5988,4664
5988,4793
5988,4922
5988,4939
5988,5991
5988,6065
5988,6304
5988,6433
5988,7132
5988,7329
5989,1541
5989,2986
5989,3525
5990,2539
5990,5664
5991,440
5991,873
5991,2619
5991,3208
5991,5322
5991,5988
5991,7132
5991,7329
5992,462
5992,846
5992,994
5992,1032
5992,1291
5992,1764
5992,2000
5992,2527
5992,3232
5992,3313
5992,3952
5992,4320
5992,4362
5992,4725
5992,5014
5992,5063
5992,5101
5992,5318
5992,5604
5992,6293
5992,6328
5992,6544
5992,6619
5992,6630
5992,6684
5992,6868
5992,6967
5992,7039
5992,7153
5992,7375
5992,7412
5992,7576
5993,39
5993,51
5993,75
5993,106
5993,167
5993,211
5993,217
5993,248
5993,295
5993,490
5993,629
5993,834
5993,964
5993,1058
5993,1064
5993,1212
5993,1228
5993,1409
5993,1414
5993,1418
5993,1722
5993,1894
5993,1975
5993,1999
5993,2024
5993,2062
5993,2084
5993,2145
5993,2198
5993,2205
5993,2211
5993,2239
5993,2257
5993,2375
5993,2588
5993,2610
5993,2626
5993,3073
5993,3190
5993,3194
5993,3320
5993,3469
5993,3532
5993,3542
5993,3585
5993,3643
5993,3854
5993,3990
5993,4006
5993,4031
5993,4049
5993,4098
5993,4186
5993,4217
5993,4259
5993,4330
5993,4376
5993,4384
5993,4422
5993,4490
5993,4569
5993,4719
5993,4876
5993,4892
5993,4904
5993,4982
5993,4991
5993,5001
5993,5188
5993,5216
5993,5263
5993,5368
5993,5396
5993,5772
5993,5801
5993,5864
5993,5936
5993,5938
5993,6276
5993,6301
5993,6426
5993,6447
5993,6451
5993,6761
5993,6878
5993,6898
5993,6901
5993,7007
5993,7121
5993,7147
5993,7288
5993,7359
5993,7395
5993,7409
5993,7464
5993,7589
5994,310
5994,356
5994,370
5994,586
5994,1263
5994,1701
5994,2221
5994,2712
5994,2735
5994,2867
5994,3009
5994,3136
5994,3173
5994,3407
5994,3490
5994,3690
5994,3770
5994,3826
5994,3865
5994,4200
5994,4383
5994,4410
5994,4481
5994,4783
5994,5367
5994,5387
5994,5901
5994,6070
5995,401
5995,645
5995,890
5995,935
5995,1053
5995,1213
5995,1306
5995,1852
5995,2180
5995,2321
5995,2504
5995,3057
5995,3843
5995,4133
5995,5395
5995,5427
5995,5599
5995,6151
5995,6213
5995,6525
5995,6650
5995,6763
5995,6764
5996,408
5996,3060
5996,3965
5996,4864
5996,5576
5996,5931
5996,6115
5996,7401
5997,40
5997,106
5997,143
5997,211
5997,248
5997,456
5997,1185
5997,1315
5997,1603
5997,2084
5997,2113
5997,2415
5997,2438
5997,2586
5997,2678
5997,2738
5997,2795
5997,2801
5997,3179
5997,3194
5997,3207
5997,3224
5997,3339
5997,3888
5997,3889
5997,4031
5997,4033
5997,4098
5997,4173
5997,4294
5997,4301
5997,4373
5997,4626
5997,4940
5997,4991
5997,5022
5997,5181
5997,5188
5997,5504
5997,5708
5997,6015
5997,6159
5997,6210
5997,6369
5997,6379
5997,6389
5997,6403
5997,6947
5997,7020
5997,7032
5997,7293
5997,7550
5998,62
5998,259
5998,432
5998,495
5998,625
5998,766
5998,771
5998,1022
5998,1091
5998,1418
5998,1499
5998,1716
5998,1971
5998,2055
5998,2124
5998,2143
5998,2198
5998,2239
5998,2577
5998,2676
5998,2846
5998,2977
5998,3223
5998,3254
5998,3330
5998,3578
5998,3607
5998,3671
5998,3672
5998,3866
5998,3895
5998,3925
5998,4037
5998,4054
5998,4109
5998,4223
5998,4343
5998,4384
5998,4890
5998,4987
5998,5080
5998,5132
5998,5179
5998,5455
5998,5650
5998,5851
5998,5941
5998,6017
5998,6098
5998,6531
5998,6581
5998,6713
5998,6770
5998,7067
5998,7171
5998,7269
5998,7422
5998,7478
5998,7480
5998,7569
5998,7603
5998,7623
5999,4174
5999,5075
5999,5643
5999,5790
5999,6615
6000,5563
6001,73
6001,212
6001,229
6001,287
6001,305
6001,372
6001,551
6001,606
6001,611
6001,715
6001,766
6001,881
6001,919
6001,1076
6001,1106
6001,1189
6001,1453
6001,1551
6001,1563
6001,1679
6001,1707
6001,1831
6001,1896
6001,1922
6001,1958
6001,2028
6001,2198
6001,2215
6001,2239
6001,2320
6001,2332
6001,2529
6001,2751
6001,2959
6001,2993
6001,3073
6001,3183
6001,3190
6001,3330
6001,3359
6001,3372
6001,3538
6001,3689
6001,3698
6001,3895
6001,3959
6001,4097
6001,4384
6001,4422
6001,4433
6001,4490
6001,4523
6001,4584
6001,5259
6001,5375
6001,5420
6001,5455
6001,5464
6001,5467
6001,5513
6001,5614
6001,5650
6001,5839
6001,5941
6001,6411
6001,6412
6001,6451
6001,6588
6001,6660
6001,6733
6001,6737
6001,6802
6001,6828
6001,7096
6001,7101
6001,7196
6001,7269
6001,7330
6001,7468
6002,1438
6002,1923
6002,2726
6002,2850
6002,2943
6002,3030
6002,3041
6002,3143
6002,3375
6002,3494
6002,3759
6002,4615
6002,4776
6002,4950
6002,5011
6002,5100
6002,5283
6002,5537
6002,5547
6002,5759
6003,1483
6003,2007
6003,2544
6003,3895
6003,4046
6003,4384
6003,5842
6004,446
6004,1368
6004,2198
6004,3692
6004,4384
6004,4680
6004,6409
6005,223
6005,373
6005,621
6005,872
6005,1181
6005,1252
6005,1261
6005,1359
6005,1452
6005,1534
6005,1541
6005,2052
6005,2210
6005,2425
6005,2505
6005,2527
6005,2695
6005,2833
6005,2880
6005,3329
6005,3485
6005,3981
6005,3995
6005,4328
6005,4362
6005,4906
6005,4922
6005,4994
6005,5185
6005,5506
6005,5604
6005,5918
6005,6392
6005,6433
6005,6630
6005,6821
6005,7019
6005,7441
6005,7639
6006,19
6006,999
6006,1772
6006,2341
6006,3064
6006,3236
6006,4181
6006,4351
6006,4673
6006,4726
6006,5876
6006,6623
6007,749
6007,828
6007,850
6007,1282
6007,1396
6007,1969
6007,2250
6007,2728
6007,2975
6007,4960
6007,5848
6007,5849
6007,5906
6007,6010
6007,6046
6007,6357
6007,6363
6007,7238
6008,1283
6008,4124
6008,4222
6008,4305
6008,5408
6009,526
6009,672
6009,713
6009,2216
6009,3554
6009,3812
6009,3896
6009,4116
6009,4629
6009,4805
6009,5779
6010,236
6010,412
6010,749
6010,850
6010,879
6010,914
6010,1282
6010,1396
6010,1531
6010,1759
6010,1900
6010,1969
6010,1977
6010,2090
6010,2250
6010,2260
6010,2419
6010,2728
6010,2975
6010,3099
6010,4264
6010,4667
6010,4960
6010,5849
6010,5879
6010,5906
6010,6007
6010,6046
6010,6250
6010,6357
6010,6363
6010,7238
6011,68
6011,354
6011,452
6011,547
6011,594
6011,624
6011,635
6011,792
6011,799
6011,823
6011,929
6011,1147
6011,1201
6011,1203
6011,1208
6011,1231
6011,1265
6011,1366
6011,1462
6011,1542
6011,1754
6011,1837
6011,1968
6011,1971
6011,2278
6011,2403
6011,2578
6011,2580
6011,2642
6011,2696
6011,2716
6011,2841
6011,2846
6011,2858
6011,3254
6011,3286
6011,3402
6011,3522
6011,3943
6011,4036
6011,4119
6011,4132
6011,4166
6011,4481
6011,4977
6011,5021
6011,5073
6011,5196
6011,5233
6011,5246
6011,6158
6011,6292
6011,6375
6011,6498
6011,6659
6011,6697
6011,6863
6011,6883
6011,6938
6011,7028
6011,7301
6011,7567
6011,7625
6012,501
6012,723
6012,1103
6012,1966
6012,2125
6012,2195
6012,2233
6012,3223
6012,3342
6012,3550
6012,3578
6012,3866
6012,4593
6012,4831
6012,4890
6012,5273
6012,6246
6012,6654
6012,7467
6012,7632
6013,82
6013,840
6013,1765
6013,2424
6013,3308
6013,3413
6013,3432
6013,3644
6013,4678
6013,4860
6013,5687
6013,5800
6013,6238
6013,6254
6013,6478
6013,6541
6013,6695
6013,6708
6013,7189
6014,149
6014,616
6014,1444
6014,1757
6014,2201
6014,3501
6014,3698
6014,7305
6014,7374
6015,50
6015,72
6015,211
6015,262
6015,456
6015,634
6015,747
6015,756
6015,966
6015,1280
6015,1429
6015,1585
6015,1627
6015,1777
6015,1911
6015,2070
6015,2239
6015,2286
6015,2430
6015,2740
6015,2761
6015,2997
6015,3240
6015,3585
6015,3686
6015,3849
6015,3916
6015,4033
6015,4390
6015,4462
6015,4668
6015,4731
6015,4854
6015,4991
6015,5254
6015,5364
6015,5500
6015,5674
6015,5768
6015,5953
6015,5997
6015,6269
6015,6338
6015,6572
6015,6721
6015,6947
6015,7072
6015,7087
6015,7293
6015,7373
6015,7414
6016,593
6016,1798
6016,2013
6016,2620
6016,3039
6016,3132
6016,3951
6016,4262
6016,4376
6016,4384
6016,5816
6016,6551
6016,6702
6016,6810
6016,6843
6016,7071
6016,7385
6016,7464
6017,185
6017,495
6017,532
6017,904
6017,1030
6017,1091
6017,1682
6017,2021
6017,2028
6017,2143
6017,2425
6017,2676
6017,2993
6017,3183
6017,3330
6017,3370
6017,3421
6017,3607
6017,3671
6017,3762
6017,3895
6017,3950
6017,3959
6017,4037
6017,4054
6017,4343
6017,4376
6017,4384
6017,5171
6017,5709
6017,5998
6017,7067
6017,7171
6017,7269
6017,7296
6017,7480
6017,7603
6017,7623
6018,78
6018,427
6018,459
6018,1781
6018,2139
6018,2369
6018,2842
6018,3288
6018,3350
6018,3416
6018,4175
6018,4515
6018,4911
6018,4981
6018,5005
6018,5113
6018,5242
6018,5252
6018,5319
6018,5416
6018,5681
6018,5871
6018,6132
6018,6220
6018,6239
6018,6559
6018,6865
6018,6918
6018,7249
6018,7431
6018,7484
6019,5818
6020,593
6020,966
6020,2198
6020,2239
6020,3856
6020,5372
6020,7395
6021,593
6021,924
6021,1058
6021,1210
6021,1415
6021,1453
6021,1796
6021,2115
6021,2198
6021,2215
6021,2239
6021,2377
6021,2553
6021,2600
6021,3693
6021,3748
6021,4071
6021,4080
6021,4164
6021,4376
6021,4384
6021,4466
6021,4669
6021,4806
6021,4865
6021,5132
6021,5139
6021,5251
6021,5404
6021,5734
6021,5881
6021,5937
6021,6140
6021,6551
6021,6702
6021,7003
6021,7071
6021,7215
6021,7280
6021,7330
6021,7464
6021,7477
6022,266
6022,304
6022,593
6022,766
6022,780
6022,1293
6022,1453
6022,1472
6022,1999
6022,2198
6022,3532
6022,4067
6022,4376
6022,4919
6022,5132
6022,6409
6022,6702
6022,7296
6023,1207
6023,2942
6023,3033
6023,3519
6023,5477
6023,6543
6023,7002
6023,7425
6024,23
6024,98
6024,134
6024,260
6024,261
6024,290
6024,304
6024,309
6024,369
6024,484
6024,593
6024,710
6024,780
6024,811
6024,813
6024,868
6024,951
6024,1040
6024,1058
6024,1113
6024,1214
6024,1254
6024,1548
6024,1569
6024,1575
6024,1582
6024,1663
6024,1763
6024,1798
6024,1840
6024,1908
6024,1997
6024,2039
6024,2107
6024,2115
6024,2198
6024,2239
6024,2313
6024,2336
6024,2340
6024,2432
6024,2553
6024,2586
6024,2592
6024,2931
6024,2977
6024,2981
6024,3070
6024,3132
6024,3172
6024,3185
6024,3235
6024,3363
6024,3456
6024,3469
6024,3748
6024,3897
6024,3951
6024,4210
6024,4352
6024,4376
6024,4385
6024,4578
6024,4630
6024,4642
6024,4816
6024,5054
6024,5070
6024,5132
6024,5199
6024,5234
6024,5311
6024,5324
6024,5404
6024,5669
6024,5679
6024,5707
6024,5734
6024,5756
6024,5799
6024,5881
6024,5976
6024,5979
6024,5982
6024,6100
6024,6135
6024,6414
6024,6551
6024,6669
6024,6678
6024,6702
6024,6706
6024,6707
6024,6787
6024,6843
6024,6877
6024,6968
6024,6990
6024,7003
6024,7071
6024,7166
6024,7280
6024,7311
6024,7464
6024,7577
6025,193
6025,209
6025,511
6025,734
6025,1440
6025,2282
6025,2976
6025,3175
6025,3735
6025,3829
6025,3953
6025,4104
6025,4235
6025,4961
6025,4997
6025,5093
6025,5684
6025,6169
6025,6514
6025,6768
6025,6814
6025,7050
6025,7081
6025,7423
6025,7532
6025,7620
6026,212
6026,382
6026,583
6026,584
6026,1011
6026,1287
6026,1429
6026,1521
6026,1624
6026,1922
6026,2059
6026,2215
6026,2325
6026,2579
6026,2945
6026,3062
6026,3083
6026,3183
6026,3506
6026,3539
6026,3559
6026,4153
6026,4384
6026,4584
6026,5798
6026,5851
6026,6059
6026,6070
6026,6412
6026,6427
6026,6677
6026,6713
6026,6920
6026,7102
6026,7131
6026,7345
6026,7486
6026,7569
6027,766
6027,881
6027,1058
6027,1415
6027,1647
6027,1976
6027,1999
6027,2239
6027,2883
6027,3359
6027,3370
6027,3430
6027,3559
6027,3760
6027,4054
6027,4376
6027,4422
6027,5709
6027,5937
6027,6131
6027,6210
6027,6624
6027,7414
6028,91
6028,766
6028,2198
6028,2239
6028,3532
6028,3578
6028,3698
6028,4522
6028,5372
6028,5505
6029,352
6029,495
6029,526
6029,911
6029,1494
6029,1673
6029,1733
6029,1978
6029,2059
6029,2122
6029,2404
6029,2418
6029,2632
6029,2847
6029,3062
6029,3083
6029,3134
6029,3246
6029,3250
6029,3270
6029,3455
6029,3520
6029,3559
6029,3784
6029,3821
6029,4069
6029,4502
6029,4707
6029,5115
6029,5179
6029,5373
6029,5505
6029,5722
6029,5775
6029,6067
6029,6547
6029,6610
6029,6699
6029,6872
6029,7054
6029,7387
6029,7512
6029,7569
6029,7635
6030,85
6030,266
6030,1289
6030,1296
6030,1361
6030,2143
6030,2215
6030,2299
6030,2455
6030,3895
6030,4674
6030,4864
6030,6426
6030,6611
6030,6740
6030,7153
6031,195
6031,242
6031,941
6031,988
6031,1035
6031,1252
6031,1773
6031,3107
6031,3175
6031,3227
6031,3244
6031,3267
6031,3735
6031,3819
6031,3865
6031,4235
6031,4238
6031,4646
6031,4810
6031,4922
6031,4961
6031,5185
6031,5310
6031,5454
6031,6429
6031,6621
6031,6813
6031,7117
6031,7155
6031,7292
6031,7620
6031,7641
6032,1677
6032,1755
6032,2082
6033,481
6033,3180
6033,4411
6033,4663
6033,6488
6033,7361
6033,7383
6034,60
6034,304
6034,494
6034,689
6034,1349
6034,1524
6034,2198
6034,2275
6034,2659
6034,2967
6034,3658
6034,4210
6034,4753
6034,4872
6034,5886
6034,6156
6034,6749
6034,7003
6034,7501
6036,212
6036,225
6036,352
6036,526
6036,587
6036,728
6036,1196
6036,1291
6036,1493
6036,1521
6036,1739
6036,1810
6036,1926
6036,2111
6036,2198
6036,2215
6036,2525
6036,2536
6036,2567
6036,2903
6036,3083
6036,3246
6036,3506
6036,3510
6036,3532
6036,3559
6036,3920
6036,4067
6036,4069
6036,4153
6036,4707
6036,5082
6036,5174
6036,6243
6036,6408
6036,6412
6036,6512
6036,6547
6036,6565
6036,6569
6036,6610
6036,6630
6036,6668
6036,6909
6036,7077
6036,7175
6036,7240
6036,7512
6036,7608
6038,352
6038,410
6038,438
6038,526
6038,669
6038,672
6038,923
6038,971
6038,1129
6038,2026
6038,2041
6038,2093
6038,2111
6038,2198
6038,2376
6038,2581
6038,2904
6038,3457
6038,3510
6038,3856
6038,3962
6038,3964
6038,4116
6038,4653
6038,4747
6038,4754
6038,4805
6038,4858
6038,5234
6038,5264
6038,5335
6038,5544
6038,5719
6038,6388
6038,6569
6038,6570
6038,6668
6038,6702
6038,6909
6038,7130
6038,7250
6038,7312
6038,7325
6038,7328
6039,42
6039,89
6039,103
6039,134
6039,320
6039,566
6039,593
6039,607
6039,616
6039,726
6039,762
6039,839
6039,869
6039,1058
6039,1105
6039,1178
6039,1218
6039,1330
6039,1492
6039,1634
6039,1690
6039,1738
6039,1778
6039,2040
6039,2106
6039,2129
6039,2183
6039,2239
6039,2331
6039,2370
6039,2520
6039,2571
6039,2931
6039,2991
6039,3140
6039,3196
6039,3408
6039,3428
6039,3459
6039,3602
6039,3698
6039,3996
6039,4071
6039,4080
6039,4083
6039,4091
6039,4157
6039,4161
6039,4174
6039,4203
6039,4384
6039,4420
6039,4465
6039,4510
6039,4729
6039,4791
6039,4803
6039,4806
6039,4952
6039,5058
6039,5199
6039,5222
6039,5404
6039,5471
6039,5490
6039,5689
6039,5707
6039,5799
6039,5816
6039,5881
6039,5936
6039,6082
6039,6121
6039,6236
6039,6297
6039,6313
6039,6489
6039,6574
6039,6582
6039,6618
6039,6631
6039,6638
6039,6707
6039,7104
6039,7105
6039,7599
6039,7607
6040,593
6040,1058
6040,1357
6040,2060
6040,2198
6040,2239
6040,2848
6040,3177
6040,3748
6040,4376
6040,4805
6040,6702
6041,613
6041,631
6041,1496
6041,1832
6041,3578
6041,3956
6041,4621
6041,6378
6041,7467
6041,7587
6042,420
6042,595
6042,745
6042,884
6042,1438
6042,1455
6042,1537
6042,1762
6042,1923
6042,2064
6042,2148
6042,2333
6042,2790
6042,2915
6042,2943
6042,3258
6042,3759
6042,3905
6042,3915
6042,4088
6042,4145
6042,4208
6042,4382
6042,4849
6042,5100
6042,5153
6042,5827
6042,6130
6042,6173
6042,6221
6042,6247
6042,6480
6042,6652
6042,6806
6042,6993
6042,7009
6042,7291
6042,7404
6043,1704
6043,5672
6044,2035
6044,2053
6044,2412
6044,2976
6044,3175
6044,3467
6044,4242
6044,4258
6044,5548
6044,5578
6044,5642
6044,5922
6044,6755
6044,7063
6044,7562
6044,7620
6045,1181
6045,2374
6045,4378
6045,4687
6045,5862
6046,57
6046,236
6046,316
6046,463
6046,516
6046,787
6046,806
6046,879
6046,882
6046,928
6046,1037
6046,1038
6046,1282
6046,1364
6046,1391
6046,1396
6046,1504
6046,1685
6046,1736
6046,1759
6046,1851
6046,1864
6046,1969
6046,1983
6046,2037
6046,2189
6046,2387
6046,2446
6046,2635
6046,2728
6046,2768
6046,3090
6046,3099
6046,3272
6046,3324
6046,3529
6046,3543
6046,3553
6046,3565
6046,3597
6046,3663
6046,3714
6046,3874
6046,4038
6046,4264
6046,4281
6046,4566
6046,4583
6046,4614
6046,4667
6046,4759
6046,5164
6046,5509
6046,5555
6046,5602
6046,5668
6046,5828
6046,5849
6046,5906
6046,5978
6046,6007
6046,6010
6046,6212
6046,6257
6046,6363
6046,6519
6046,6520
6046,6534
6046,7061
6046,7238
6046,7255
6046,7407
6046,7566
6046,7648
6047,85
6047,283
6047,369
6047,776
6047,841
6047,1058
6047,1210
6047,1268
6047,1357
6047,1453
6047,1521
6047,1575
6047,1621
6047,1665
6047,1862
6047,1978
6047,2170
6047,2198
6047,2215
6047,2239
6047,2370
6047,2855
6047,2903
6047,3070
6047,3183
6047,3245
6047,3538
6047,3748
6047,3758
6047,4067
6047,4164
6047,4376
6047,4384
6047,4408
6047,4525
6047,4570
6047,4806
6047,4952
6047,4983
6047,5037
6047,5194
6047,5296
6047,5404
6047,5490
6047,5641
6047,5649
6047,5722
6047,5740
6047,5816
6047,5881
6047,6414
6047,6430
6047,6547
6047,6707
6047,6952
6047,7071
6047,7147
6047,7369
6047,7582
6048,88
6048,100
6048,336
6048,395
6048,1052
6048,1181
6048,1362
6048,2089
6048,2374
6048,2593
6048,2732
6048,2803
6048,2897
6048,3005
6048,3778
6048,3783
6048,3956
6048,4189
6048,4378
6048,4400
6048,4451
6048,4454
6048,4577
6048,4687
6048,4817
6048,5009
6048,5226
6048,6114
6048,6378
6048,6748
6048,6896
6048,7304
6049,681
6049,1939
6049,2976
6049,3107
6049,3156
6049,3175
6049,3603
6049,3735
6049,3872
6049,4235
6049,4646
6049,5020
6049,5119
6049,6050
6049,6169
6049,6514
6049,6768
6049,7081
6049,7575
6049,7586
6049,7620
6050,1015
6050,1543
6050,1565
6050,1787
6050,1822
6050,2035
6050,2245
6050,2282
6050,2496
6050,2836
6050,3002
6050,3094
6050,3159
6050,3603
6050,3647
6050,3735
6050,4000
6050,4275
6050,4471
6050,4720
6050,4843
6050,4997
6050,5326
6050,5548
6050,5558
6050,5578
6050,5789
6050,5960
6050,6049
6050,6573
6050,6776
6050,6819
6050,7034
6050,7450
6050,7497
6051,150
6051,545
6051,1057
6051,1338
6051,1429
6051,2585
6051,2606
6051,3327
6051,3534
6051,3824
6051,4025
6051,4346
6051,4878
6051,4906
6051,5238
6051,5671
6051,6337
6051,6493
6051,6606
6051,7473
6051,7613
6052,273
6052,758
6052,965
6052,995
6052,1073
6052,1488
6052,2757
6052,3150
6052,3376
6052,3516
6052,4280
6052,6125
6053,407
6053,1314
6053,1393
6053,1574
6053,2747
6053,3841
6053,4063
6053,4432
6053,4437
6053,4690
6053,4841
6053,4898
6053,5159
6053,5207
6053,5323
6053,5767
6053,5919
6053,6346
6053,6826
6053,6869
6053,6995
6053,7123
6053,7168
6053,7183
6053,7331
6053,7495
6054,26
6054,85
6054,134
6054,592
6054,739
6054,1082
6054,1194
6054,1591
6054,1744
6054,1798
6054,1899
6054,2294
6054,2556
6054,2778
6054,2859
6054,2871
6054,3183
6054,3438
6054,3657
6054,3671
6054,3923
6054,4082
6054,4217
6054,4895
6054,4912
6054,4954
6054,5133
6054,5302
6054,5568
6054,5707
6054,5958
6054,6353
6054,6414
6054,6759
6054,7021
6054,7119
6054,7276
6054,7283
6054,7526
6054,7534
6054,7601
6055,593
6055,2981
6055,4805
6055,5070
6055,5404
6055,5881
6055,7091
6055,7166
6055,7464
6056,82
6056,414
6056,840
6056,1632
6056,1765
6056,1839
6056,2424
6056,2467
6056,3071
6056,3413
6056,3644
6056,3752
6056,3764
6056,4192
6056,4678
6056,4860
6056,5642
6056,5800
6056,6057
6056,6254
6056,6478
6056,6616
6056,6695
6056,6708
6056,6812
6056,7189
6057,414
6057,1765
6057,2467
6057,3308
6057,3752
6057,3764
6057,6056
6057,6616
6057,7189
6058,5
6058,430
6058,829
6058,864
6058,1001
6058,1188
6058,1388
6058,1891
6058,2223
6058,2355
6058,2570
6058,2834
6058,2863
6058,2879
6058,2918
6058,3260
6058,3378
6058,3595
6058,3793
6058,3809
6058,3855
6058,3883
6058,4094
6058,4532
6058,4913
6058,4973
6058,5168
6058,5680
6058,5771
6058,5787
6058,5796
6058,5912
6058,6724
6059,212
6059,526
6059,584
6059,628
6059,683
6059,728
6059,921
6059,956
6059,1196
6059,1287
6059,1448
6059,1493
6059,1521
6059,1716
6059,1739
6059,1922
6059,2215
6059,2441
6059,2525
6059,2703
6059,2856
6059,2903
6059,2945
6059,3125
6059,3506
6059,3510
6059,3539
6059,3559
6059,4067
6059,4153
6059,4584
6059,4707
6059,4917
6059,5120
6059,5132
6059,5798
6059,5851
6059,5917
6059,6026
6059,6296
6059,6412
6059,6427
6059,6522
6059,6565
6059,6610
6059,6909
6059,6920
6059,7131
6060,2295
6060,4685
6060,5664
6061,1729
6061,1984
6061,2392
6061,2546
6061,4234
6061,5101
6061,5947
6061,6266
6061,7045
6061,7107
6061,7109
6061,7389
6061,7455
6062,303
6062,1468
6062,2038
6062,4748
6062,5135
6062,6160
6062,6217
6063,766
6063,875
6063,881
6063,1252
6063,1377
6063,1610
6063,1961
6063,2113
6063,2143
6063,2215
6063,2239
6063,2299
6063,2673
6063,3320
6063,3330
6063,3503
6063,3532
6063,3607
6063,3613
6063,3868
6063,4037
6063,4153
6063,4228
6063,4356
6063,4384
6063,4406
6063,4469
6063,4584
6063,5218
6063,5401
6063,6086
6063,6447
6063,6588
6063,6901
6063,7067
6063,7102
6063,7330
6063,7357
6063,7395
6064,696
6064,1022
6064,1383
6064,1581
6064,1912
6064,2032
6064,2239
6064,2243
6064,2287
6064,2375
6064,2376
6064,2484
6064,3469
6064,3542
6064,3548
6064,3618
6064,3697
6064,3761
6064,4696
6064,5070
6064,5155
6064,5234
6064,5667
6064,5804
6064,5820
6064,6345
6064,6464
6064,6787
6064,6880
6064,7003
6064,7560
6065,282
6065,577
6065,873
6065,1998
6065,2252
6065,2619
6065,3208
6065,4793
6065,5394
6065,5988
6065,7132
6065,7329
6066,261
6066,304
6066,484
6066,593
6066,1058
6066,1513
6066,1663
6066,1744
6066,1796
6066,1798
6066,1959
6066,1993
6066,2106
6066,2115
6066,2198
6066,2239
6066,2336
6066,2553
6066,2782
6066,2921
6066,3049
6066,3172
6066,3433
6066,3578
6066,3720
6066,4578
6066,4608
6066,4641
6066,4805
6066,4954
6066,5054
6066,5070
6066,5132
6066,5234
6066,5404
6066,5679
6066,5979
6066,6409
6066,6414
6066,6672
6066,6702
6066,6887
6066,7003
6066,7395
6066,7467
6066,7477
6067,5
6067,71
6067,304
6067,499
6067,526
6067,587
6067,593
6067,728
6067,911
6067,936
6067,956
6067,975
6067,1058
6067,1291
6067,1448
6067,1521
6067,1655
6067,1739
6067,1926
6067,1999
6067,2198
6067,2402
6067,2567
6067,2655
6067,2856
6067,3134
6067,3246
6067,3665
6067,3748
6067,3784
6067,4040
6067,4067
6067,4376
6067,4503
6067,4707
6067,4990
6067,5170
6067,5404
6067,5739
6067,5775
6067,5778
6067,6029
6067,6414
6067,6547
6067,6630
6067,6909
6067,6952
6067,7077
6067,7240
6069,48
6069,61
6069,258
6069,269
6069,411
6069,803
6069,1098
6069,1239
6069,1444
6069,1872
6069,2030
6069,2198
6069,2239
6069,2572
6069,2820
6069,3070
6069,3152
6069,3277
6069,3359
6069,3561
6069,4230
6069,4376
6069,4422
6069,4522
6069,4822
6069,5070
6069,5372
6069,5412
6069,6551
6069,6702
6069,6947
6069,7054
6069,7357
6069,7395
6069,7524
6069,7592
6070,356
6070,766
6070,1263
6070,1499
6070,1571
6070,1971
6070,2221
6070,2579
6070,2735
6070,3009
6070,3173
6070,3407
6070,3826
6070,4153
6070,4200
6070,4383
6070,5893
6070,5994
6070,6026
6070,6427
6070,7067
6071,930
6071,1001
6071,1188
6071,2208
6071,2863
6071,3793
6071,4040
6071,4094
6071,4762
6071,4913
6071,5425
6071,5574
6071,5771
6071,5787
6071,5912
6071,6663
6072,52
6072,385
6072,588
6072,827
6072,1536
6072,2051
6072,2436
6072,3248
6072,3352
6072,3396
6072,3872
6072,3953
6072,4235
6072,4341
6072,4646
6072,4660
6072,4689
6072,4736
6072,4961
6072,5382
6072,5684
6072,5812
6072,6813
6072,7026
6072,7081
6072,7620
6073,1058
6073,2198
6073,2239
6073,2471
6073,4164
6073,5404
6073,5881
6074,3812
6074,4273
6074,7270
6075,85
6075,260
6075,369
6075,435
6075,479
6075,593
6075,1058
6075,1178
6075,1210
6075,1268
6075,1415
6075,1453
6075,1575
6075,1621
6075,1663
6075,1705
6075,1744
6075,1798
6075,1862
6075,1959
6075,2106
6075,2198
6075,2239
6075,2377
6075,2600
6075,2981
6075,3079
6075,3183
6075,3362
6075,3459
6075,3693
6075,3748
6075,3895
6075,4023
6075,4080
6075,4164
6075,4376
6075,4384
6075,4578
6075,4806
6075,5070
6075,5132
6075,5212
6075,5296
6075,5404
6075,5415
6075,5641
6075,5707
6075,5714
6075,5740
6075,5816
6075,5840
6075,6098
6075,6354
6075,6551
6075,6618
6075,6673
6075,6707
6075,7003
6075,7353
6075,7572
6075,7582
6075,7607
6076,369
6076,593
6076,4712
6076,5015
6076,5160
6076,5399
6076,6702
6076,7085
6076,7464
6076,7568
6077,77
6077,89
6077,138
6077,258
6077,322
6077,366
6077,369
6077,377
6077,469
6077,482
6077,562
6077,593
6077,633
6077,780
6077,800
6077,1167
6077,1206
6077,1280
6077,1429
6077,1492
6077,1513
6077,1663
6077,1671
6077,1684
6077,1711
6077,1796
6077,1798
6077,1993
6077,1997
6077,2106
6077,2198
6077,2239
6077,2381
6077,2432
6077,2782
6077,2795
6077,2882
6077,3008
6077,3051
6077,3185
6077,3221
6077,3262
6077,3277
6077,3306
6077,3359
6077,3364
6077,3502
6077,3578
6077,3693
6077,3768
6077,3856
6077,3897
6077,4156
6077,4278
6077,4352
6077,4380
6077,4484
6077,4510
6077,4522
6077,4578
6077,4662
6077,4688
6077,4768
6077,4870
6077,5006
6077,5048
6077,5205
6077,5324
6077,5372
6077,5392
6077,5404
6077,5493
6077,5797
6077,5799
6077,5881
6077,5903
6077,5979
6077,5982
6077,6183
6077,6414
6077,6468
6077,6551
6077,6658
6077,6702
6077,6707
6077,7097
6077,7150
6077,7204
6077,7247
6077,7280
6077,7395
6077,7464
6077,7510
6077,7536
6077,7607
6077,7610
6078,28
6078,162
6078,229
6078,283
6078,305
6078,446
6078,552
6078,616
6078,803
6078,919
6078,1005
6078,1058
6078,1357
6078,1472
6078,1534
6078,1551
6078,1563
6078,1586
6078,1627
6078,1679
6078,1689
6078,1707
6078,1863
6078,1877
6078,1896
6078,1961
6078,1975
6078,2198
6078,2239
6078,2287
6078,2304
6078,2663
6078,2738
6078,2743
6078,2746
6078,2751
6078,2776
6078,2996
6078,3022
6078,3042
6078,3101
6078,3152
6078,3271
6078,3277
6078,3359
6078,3433
6078,3698
6078,3716
6078,3723
6078,3748
6078,3983
6078,4015
6078,4092
6078,4163
6078,4376
6078,4433
6078,4464
6078,4479
6078,4701
6078,4805
6078,4870
6078,4957
6078,5146
6078,5203
6078,5305
6078,5412
6078,5415
6078,5420
6078,5467
6078,5614
6078,5772
6078,5807
6078,6105
6078,6282
6078,6411
6078,6451
6078,6545
6078,6620
6078,6737
6078,6807
6078,6828
6078,6852
6078,7196
6078,7203
6078,7305
6078,7374
6078,7518
6078,7560
6078,7592
6079,28
6079,40
6079,262
6079,456
6079,1185
6079,1280
6079,1429
6079,2113
6079,2415
6079,2586
6079,2795
6079,2801
6079,3179
6079,3339
6079,3382
6079,3966
6079,4031
6079,4033
6079,4173
6079,4294
6079,4301
6079,4735
6079,4940
6079,5022
6079,5504
6079,6369
6079,6572
6079,6777
6079,6807
6079,7035
6079,7087
6079,7550
6080,608
6080,798
6080,1135
6080,1207
6080,1352
6080,1606
6080,2085
6080,2242
6080,2851
6080,3200
6080,3390
6080,3414
6080,3519
6080,3537
6080,4299
6080,4401
6080,5477
6080,5683
6080,6150
6080,6543
6080,6727
6080,6862
6080,6903
6080,7002
6080,7082
6080,7327
6080,7425
6081,7
6081,337
6081,935
6081,1306
6081,1852
6081,3562
6081,3843
6081,4126
6081,5161
6081,5395
6081,5915
6081,6127
6081,6151
6081,6525
6081,6871
6081,7378
6082,61
6082,89
6082,258
6082,260
6082,267
6082,369
6082,593
6082,780
6082,1058
6082,1284
6082,1350
6082,1415
6082,1513
6082,1663
6082,1684
6082,1723
6082,1738
6082,1796
6082,1798
6082,1899
6082,1959
6082,1993
6082,2013
6082,2106
6082,2198
6082,2239
6082,2396
6082,2553
6082,2586
6082,3070
6082,3185
6082,3648
6082,3748
6082,3895
6082,3897
6082,4157
6082,4350
6082,4376
6082,4384
6082,4538
6082,4570
6082,4578
6082,4641
6082,4688
6082,4806
6082,5132
6082,5160
6082,5296
6082,5399
6082,5404
6082,5707
6082,5740
6082,5799
6082,5816
6082,5881
6082,5937
6082,6039
6082,6156
6082,6183
6082,6315
6082,6551
6082,6678
6082,6702
6082,6921
6082,6968
6082,6971
6082,7010
6082,7021
6082,7103
6082,7231
6082,7280
6082,7395
6082,7428
6082,7464
6082,7535
6082,7607
6083,147
6083,481
6083,561
6083,618
6083,688
6083,746
6083,837
6083,901
6083,1223
6083,1466
6083,1509
6083,1622
6083,1683
6083,2449
6083,2491
6083,2499
6083,2786
6083,3180
6083,3733
6083,4191
6083,4244
6083,4411
6083,4485
6083,4494
6083,4498
6083,4585
6083,4663
6083,4884
6083,5016
6083,5072
6083,5230
6083,5750
6083,5974
6083,6106
6083,6311
6083,6488
6083,6609
6083,6625
6083,7263
6083,7383
6083,7444
6083,7469
6083,7598
6084,472
6084,716
6084,1181
6084,1381
6084,1534
6084,1541
6084,2156
6084,2293
6084,2347
6084,2353
6084,3244
6084,3525
6084,3534
6084,3673
6084,3676
6084,4336
6084,4656
6084,4804
6084,4810
6084,4885
6084,4906
6084,5151
6084,5314
6084,5841
6084,6431
6084,7169
6084,7221
6085,36
6085,485
6085,644
6085,920
6085,1253
6085,1347
6085,1353
6085,1457
6085,1610
6085,1633
6085,1666
6085,1714
6085,1777
6085,1905
6085,1930
6085,2871
6085,3054
6085,3277
6085,3310
6085,3419
6085,4033
6085,4152
6085,4173
6085,4386
6085,5209
6085,5254
6085,5661
6085,6134
6085,6237
6085,6331
6085,6572
6085,6726
6085,6807
6085,7365
6085,7503
6085,7526
6086,75
6086,502
6086,551
6086,584
6086,1453
6086,2021
6086,2299
6086,2486
6086,2993
6086,3183
6086,3190
6086,3330
6086,3503
6086,3515
6086,3532
6086,3559
6086,3607
6086,3613
6086,3895
6086,3959
6086,4097
6086,4228
6086,4384
6086,4490
6086,5111
6086,5218
6086,6063
6086,6395
6086,6660
6086,7269
6086,7556
6086,7603
6087,1164
6087,2496
6087,3661
6087,5326
6087,6515
6087,6577
6087,6818
6087,7260
6087,7620
6088,581
6088,1131
6088,1772
6088,3236
6088,3741
6088,3924
6088,4008
6088,4143
6088,4171
6088,4208
6088,5030
6088,5094
6088,6623
6088,6653
6089,195
6089,1629
6089,2316
6089,2379
6089,2702
6089,2742
6089,5119
6089,5970
6089,6523
6089,7081
6090,120
6090,182
6090,256
6090,314
6090,420
6090,708
6090,740
6090,773
6090,1065
6090,1162
6090,1234
6090,1247
6090,1446
6090,1502
6090,1537
6090,1617
6090,1804
6090,1909
6090,2148
6090,2328
6090,2333
6090,2362
6090,2534
6090,2774
6090,2790
6090,2792
6090,3041
6090,3127
6090,3258
6090,3424
6090,3530
6090,3656
6090,3774
6090,3915
6090,3988
6090,4088
6090,4145
6090,4146
6090,4943
6090,4993
6090,5034
6090,5169
6090,5237
6090,5429
6090,5697
6090,5860
6090,5867
6090,6130
6090,6138
6090,6173
6090,6200
6090,6376
6090,6396
6090,6482
6090,6681
6090,6806
6090,7009
6090,7136
6090,7268
6091,174
6091,316
6091,767
6091,1630
6091,2250
6091,2768
6091,3116
6091,3217
6091,3523
6091,3558
6091,4264
6091,4300
6091,4666
6091,6465
6091,6648
6091,6679
6091,6913
6091,7118
6091,7566
6091,7630
6091,7648
6092,481
6092,561
6092,837
6092,943
6092,1223
6092,1292
6092,1622
6092,2499
6092,3180
6092,3411
6092,3733
6092,4244
6092,4411
6092,4485
6092,4663
6092,5270
6092,5928
6092,6488
6092,7383
6092,7489
6092,7598
6093,162
6093,1961
6093,2304
6093,5156
6094,120
6094,166
6094,256
6094,520
6094,695
6094,708
6094,1162
6094,1234
6094,1446
6094,1487
6094,1567
6094,1593
6094,1617
6094,1903
6094,2196
6094,2362
6094,2554
6094,2674
6094,2774
6094,2792
6094,2943
6094,3084
6094,3201
6094,3905
6094,4087
6094,4146
6094,4149
6094,4214
6094,4287
6094,4340
6094,4399
6094,4610
6094,4813
6094,4943
6094,4993
6094,5011
6094,5256
6094,5267
6094,5591
6094,6173
6094,6207
6094,6396
6094,6453
6094,6855
6094,6937
6094,7133
6094,7275
6094,7342
6094,7343
6094,7631
6095,932
6095,1262
6095,2366
6095,3231
6095,3879
6095,4237
6095,5271
6095,6133
6096,40
6096,456
6096,1185
6096,1189
6096,2089
6096,2795
6096,3077
6096,3275
6096,3503
6096,4301
6096,4529
6096,4940
6096,4987
6096,6588
6096,6967
6097,918
6097,4505
6097,6201
6098,62
6098,91
6098,95
6098,113
6098,192
6098,194
6098,201
6098,235
6098,304
6098,336
6098,421
6098,432
6098,495
6098,534
6098,597
6098,625
6098,626
6098,718
6098,766
6098,780
6098,867
6098,905
6098,989
6098,1069
6098,1070
6098,1170
6098,1214
6098,1284
6098,1329
6098,1330
6098,1339
6098,1418
6098,1426
6098,1472
6098,1494
6098,1546
6098,1551
6098,1572
6098,1575
6098,1619
6098,1628
6098,1673
6098,1682
6098,1723
6098,1753
6098,1794
6098,1802
6098,1817
6098,1854
6098,1875
6098,1927
6098,1966
6098,2017
6098,2039
6098,2143
6098,2198
6098,2202
6098,2248
6098,2258
6098,2354
6098,2368
6098,2372
6098,2425
6098,2427
6098,2490
6098,2521
6098,2522
6098,2563
6098,2595
6098,2649
6098,2725
6098,2730
6098,2736
6098,2913
6098,2964
6098,2977
6098,3040
6098,3049
6098,3079
6098,3098
6098,3178
6098,3203
6098,3223
6098,3279
6098,3330
6098,3377
6098,3466
6098,3492
6098,3545
6098,3578
6098,3607
6098,3659
6098,3671
6098,3672
6098,3692
6098,3695
6098,3723
6098,3748
6098,3866
6098,3887
6098,3895
6098,3925
6098,3927
6098,4028
6098,4029
6098,4042
6098,4054
6098,4086
6098,4109
6098,4164
6098,4185
6098,4190
6098,4210
6098,4223
6098,4290
6098,4324
6098,4349
6098,4376
6098,4402
6098,4408
6098,4466
6098,4469
6098,4480
6098,4535
6098,4556
6098,4670
6098,4672
6098,4680
6098,4764
6098,4790
6098,4857
6098,4919
6098,4940
6098,5015
6098,5132
6098,5139
6098,5150
6098,5179
6098,5203
6098,5212
6098,5243
6098,5363
6098,5386
6098,5455
6098,5505
6098,5507
6098,5518
6098,5538
6098,5557
6098,5567
6098,5676
6098,5714
6098,5785
6098,5795
6098,5855
6098,5865
6098,5880
6098,5909
6098,5941
6098,5948
6098,5949
6098,5962
6098,5987
6098,5998
6098,6075
6098,6308
6098,6309
6098,6313
6098,6437
6098,6448
6098,6537
6098,6581
6098,6638
6098,6747
6098,6770
6098,6815
6098,6845
6098,6848
6098,6852
6098,6889
6098,6904
6098,6961
6098,7005
6098,7044
6098,7067
6098,7079
6098,7125
6098,7171
6098,7180
6098,7222
6098,7226
6098,7277
6098,7296
6098,7310
6098,7349
6098,7466
6098,7467
6098,7478
6098,7481
6098,7603
6098,7612
6098,7635
6099,340
6099,412
6099,478
6099,1243
6099,1280
6099,1389
6099,1417
6099,1531
6099,1732
6099,1734
6099,1759
6099,1827
6099,2192
6099,2235
6099,2250
6099,2754
6099,2854
6099,2861
6099,3024
6099,3116
6099,3164
6099,3326
6099,3371
6099,4048
6099,4265
6099,4274
6099,4375
6099,4496
6099,5028
6099,5066
6099,5658
6099,6479
6099,6552
6099,7014
6099,7086
6099,7255
6099,7614
6100,260
6100,475
6100,479
6100,552
6100,593
6100,1011
6100,1210
6100,1268
6100,1784
6100,2198
6100,2380
6100,2671
6100,2725
6100,2855
6100,2888
6100,2981
6100,3357
6100,4167
6100,4243
6100,4384
6100,4484
6100,4616
6100,5404
6100,5730
6100,5859
6100,5976
6100,6024
6100,6492
6100,6850
6100,6892
6100,7003
6100,7071
6100,7294
6100,7369
6100,7487
6101,835
6101,4344
6101,4805
6101,4863
6102,179
6102,4459
6103,147
6103,221
6103,398
6103,444
6103,481
6103,561
6103,744
6103,812
6103,837
6103,1223
6103,1466
6103,1509
6103,1529
6103,1562
6103,1622
6103,1637
6103,1683
6103,1917
6103,2238
6103,2491
6103,2499
6103,3180
6103,3211
6103,3255
6103,3449
6103,3452
6103,3733
6103,3904
6103,4244
6103,4411
6103,4478
6103,4485
6103,4494
6103,4498
6103,4663
6103,4873
6103,4886
6103,5489
6103,5784
6103,5974
6103,6106
6103,6488
6103,6508
6103,6829
6103,6924
6103,7383
6103,7444
6103,7489
6103,7598
6104,136
6104,541
6104,649
6104,786
6104,1016
6104,1038
6104,1221
6104,1504
6104,1630
6104,1864
6104,2037
6104,2098
6104,2357
6104,2389
6104,2643
6104,2806
6104,3217
6104,3392
6104,3401
6104,3553
6104,3874
6104,4034
6104,4300
6104,4441
6104,4741
6104,4758
6104,5306
6104,5451
6104,5588
6104,5653
6104,5828
6104,5978
6104,6502
6104,6648
6104,6666
6104,6679
6104,6913
6104,7043
6104,7075
6104,7255
6104,7470
6104,7566
6104,7630
6105,20
6105,73
6105,305
6105,363
6105,551
6105,803
6105,1185
6105,1679
6105,1896
6105,1958
6105,2113
6105,2346
6105,2384
6105,2565
6105,2751
6105,2795
6105,3072
6105,3224
6105,3339
6105,3664
6105,3698
6105,3765
6105,4294
6105,5561
6105,6078
6105,6282
6105,6395
6105,6572
6105,6815
6105,7305
6105,7468
6105,7550
6105,7602
6106,263
6106,398
6106,444
6106,481
6106,510
6106,653
6106,679
6106,690
6106,812
6106,855
6106,969
6106,1086
6106,1096
6106,1223
6106,1420
6106,1466
6106,1622
6106,1637
6106,1646
6106,1683
6106,1830
6106,1889
6106,1944
6106,2067
6106,2137
6106,2238
6106,2352
6106,2395
6106,2444
6106,2468
6106,2491
6106,2492
6106,2658
6106,2827
6106,2873
6106,2896
6106,2926
6106,2983
6106,3393
6106,3411
6106,3435
6106,3452
6106,3487
6106,4047
6106,4123
6106,4244
6106,4252
6106,4397
6106,4459
6106,4475
6106,4485
6106,4487
6106,4494
6106,4498
6106,4524
6106,4607
6106,4663
6106,4681
6106,4711
6106,4761
6106,4873
6106,5038
6106,5270
6106,5345
6106,5405
6106,5489
6106,5737
6106,5750
6106,5784
6106,6083
6106,6103
6106,6227
6106,6288
6106,6488
6106,6508
6106,6567
6106,6788
6106,6829
6106,6972
6106,7012
6106,7024
6106,7214
6106,7263
6106,7361
6106,7444
6106,7531
6107,195
6107,3437
6107,4235
6107,4646
6107,6169
6107,7532
6108,3005
6108,3625
6108,4376
6108,5144
6108,6841
6109,239
6109,242
6109,1035
6109,1219
6109,1450
6109,2379
6109,3107
6109,3222
6109,3442
6109,3571
6109,3833
6109,3953
6109,4020
6109,4065
6109,4089
6109,4137
6109,4238
6109,4325
6109,4961
6109,5047
6109,5106
6109,5310
6109,5414
6109,5733
6109,5821
6109,6120
6109,6205
6109,6682
6109,7041
6109,7117
6110,203
6110,215
6110,922
6110,990
6110,1442
6110,1520
6110,1568
6110,1821
6110,2363
6110,2529
6110,2563
6110,2589
6110,2624
6110,3567
6110,3612
6110,3964
6110,4009
6110,4116
6110,4227
6110,4747
6110,4989
6110,5728
6110,6172
6110,6189
6110,6960
6110,7113
6110,7130
6110,7250
6110,7262
6110,7518
6110,7546
6111,96
6111,315
6111,342
6111,557
6111,737
6111,915
6111,1772
6111,1920
6111,2133
6111,2240
6111,2318
6111,2654
6111,3601
6111,3879
6111,3892
6111,4143
6111,4208
6111,4319
6111,4896
6111,4984
6111,6138
6111,6194
6111,6199
6111,6278
6111,6347
6111,6550
6111,6653
6111,6718
6111,7157
6111,7565
6112,1310
6112,3320
6113,54
6113,204
6113,222
6113,249
6113,255
6113,932
6113,968
6113,1003
6113,1021
6113,1256
6113,1303
6113,1449
6113,1737
6113,1835
6113,2318
6113,2388
6113,2391
6113,2399
6113,2439
6113,2528
6113,2949
6113,3087
6113,3135
6113,3201
6113,3361
6113,3431
6113,3879
6113,3939
6113,4237
6113,4399
6113,4497
6113,4861
6113,4924
6113,5131
6113,5163
6113,5429
6113,5439
6113,6268
6113,6423
6113,6935
6113,7108
6113,7141
6113,7285
6113,7460
6113,7491
6113,7500
6114,88
6114,100
6114,146
6114,305
6114,395
6114,650
6114,752
6114,761
6114,1143
6114,1931
6114,2374
6114,2524
6114,3005
6114,3120
6114,3554
6114,3778
6114,3907
6114,4189
6114,4378
6114,4454
6114,4551
6114,4687
6114,4817
6114,5004
6114,5248
6114,5664
6114,5862
6114,6048
6114,6258
6114,6729
6114,6766
6114,6896
6114,7304
6115,3060
6115,3965
6115,4864
6115,5709
6115,5996
6115,7401
6116,1117
6116,4209
6116,6169
6117,45
6117,101
6117,171
6117,202
6117,988
6117,1556
6117,1814
6117,2453
6117,3437
6117,4106
6117,4305
6117,4452
6117,4628
6117,4970
6117,5633
6117,5663
6117,6223
6117,6307
6117,6473
6117,6735
6117,6970
6117,7160
6118,539
6118,785
6118,1030
6118,1069
6118,1091
6118,1337
6118,1493
6118,1978
6118,2122
6118,2202
6118,2418
6118,2676
6118,2783
6118,3250
6118,3607
6118,3617
6118,3925
6118,3927
6118,4185
6118,4358
6118,4519
6118,4584
6118,4902
6118,5373
6118,5785
6118,5987
6118,6128
6118,6211
6118,6522
6118,6547
6118,6565
6118,6920
6118,7054
6118,7480
6118,7635
6119,40
6119,51
6119,143
6119,456
6119,471
6119,1078
6119,1121
6119,1139
6119,1185
6119,1353
6119,1610
6119,1820
6119,1904
6119,2113
6119,2225
6119,2415
6119,3179
6119,3339
6119,3382
6119,4062
6119,4173
6119,4294
6119,4301
6119,4735
6119,4745
6119,4940
6119,5181
6119,5321
6119,5433
6119,6269
6119,6369
6119,6452
6119,6572
6119,6726
6119,6777
6119,7550
6119,7596
6119,7602
6120,66
6120,1035
6120,1450
6120,2100
6120,2453
6120,2976
6120,3107
6120,3191
6120,3352
6120,3833
6120,3953
6120,4137
6120,4235
6120,4325
6120,4471
6120,4866
6120,4961
6120,4963
6120,5047
6120,5122
6120,5720
6120,6109
6120,6205
6120,7041
6120,7117
6120,7433
6120,7620
6121,42
6121,593
6121,762
6121,1663
6121,1735
6121,1778
6121,1782
6121,1945
6121,1991
6121,2106
6121,2198
6121,3408
6121,3428
6121,4080
6121,4091
6121,4184
6121,4384
6121,4420
6121,4952
6121,5471
6121,5525
6121,5707
6121,5799
6121,6039
6121,6183
6121,6462
6121,6487
6121,6551
6121,6631
6121,6646
6121,6707
6121,6738
6121,7071
6121,7535
6122,385
6122,1450
6122,3137
6122,4906
6122,5684
6122,6768
6122,7545
6122,7620
6123,62
6123,223
6123,1252
6123,1261
6123,1335
6123,1394
6123,2213
6123,2218
6123,2265
6123,2277
6123,2392
6123,2527
6123,2574
6123,2579
6123,2793
6123,2954
6123,3240
6123,3351
6123,3566
6123,3625
6123,4255
6123,4282
6123,4356
6123,4368
6123,4571
6123,4605
6123,4767
6123,5550
6123,5571
6123,5839
6123,6548
6123,6558
6123,6590
6123,6713
6123,6740
6123,7195
6124,512
6124,2250
6124,3825
6124,4583
6124,6465
6124,7400
6125,273
6125,557
6125,581
6125,758
6125,965
6125,995
6125,1079
6125,1488
6125,1604
6125,1656
6125,1845
6125,2240
6125,2382
6125,2443
6125,3064
6125,3150
6125,3376
6125,3516
6125,3741
6125,3924
6125,3941
6125,4008
6125,4208
6125,4280
6125,4492
6125,4673
6125,5686
6125,5754
6125,5774
6125,6052
6125,6163
6125,6623
6125,6645
6125,6653
6125,7565
6126,100
6126,155
6126,1322
6126,1442
6126,1568
6126,1597
6126,1768
6126,2199
6126,2374
6126,3549
6126,4084
6126,4687
6126,4805
6126,6960
6126,7518
6127,7
6127,247
6127,337
6127,935
6127,1204
6127,1411
6127,1460
6127,1895
6127,2180
6127,2250
6127,2475
6127,2957
6127,3048
6127,3204
6127,3371
6127,3481
6127,3489
6127,3806
6127,3843
6127,4035
6127,4265
6127,4334
6127,4598
6127,4600
6127,4639
6127,4795
6127,4855
6127,5147
6127,5236
6127,5274
6127,5393
6127,5600
6127,5727
6127,5755
6127,6081
6127,6255
6127,6607
6127,6641
6127,6687
6127,7092
6128,432
6128,495
6128,728
6128,1493
6128,1739
6128,1794
6128,1817
6128,2258
6128,2418
6128,2586
6128,3578
6128,4707
6128,4805
6128,5179
6128,5676
6128,6118
6128,6522
6128,6565
6128,7054
6128,7240
6128,7467
6129,1181
6129,2430
6130,17
6130,112
6130,166
6130,182
6130,187
6130,256
6130,314
6130,355
6130,420
6130,439
6130,520
6130,595
6130,615
6130,617
6130,656
6130,667
6130,695
6130,699
6130,708
6130,740
6130,741
6130,745
6130,773
6130,778
6130,783
6130,817
6130,871
6130,884
6130,933
6130,944
6130,948
6130,982
6130,1061
6130,1065
6130,1162
6130,1171
6130,1247
6130,1328
6130,1438
6130,1446
6130,1455
6130,1502
6130,1523
6130,1537
6130,1567
6130,1702
6130,1762
6130,1791
6130,1804
6130,1808
6130,1824
6130,1846
6130,1857
6130,1909
6130,1923
6130,2064
6130,2148
6130,2154
6130,2168
6130,2182
6130,2196
6130,2291
6130,2328
6130,2333
6130,2439
6130,2534
6130,2666
6130,2774
6130,2790
6130,2792
6130,2850
6130,2943
6130,3030
6130,3084
6130,3104
6130,3127
6130,3143
6130,3147
6130,3258
6130,3266
6130,3366
6130,3375
6130,3424
6130,3494
6130,3530
6130,3656
6130,3754
6130,3759
6130,3774
6130,3776
6130,3905
6130,3915
6130,4005
6130,4088
6130,4110
6130,4145
6130,4146
6130,4292
6130,4382
6130,4443
6130,4599
6130,4610
6130,4615
6130,4763
6130,4776
6130,4800
6130,4849
6130,4925
6130,4937
6130,4943
6130,4947
6130,4951
6130,4984
6130,4993
6130,5011
6130,5034
6130,5053
6130,5100
6130,5107
6130,5153
6130,5169
6130,5237
6130,5283
6130,5419
6130,5432
6130,5439
6130,5444
6130,5515
6130,5547
6130,5675
6130,5697
6130,5698
6130,5860
6130,5867
6130,5884
6130,5927
6130,6042
6130,6090
6130,6138
6130,6144
6130,6173
6130,6200
6130,6221
6130,6226
6130,6247
6130,6344
6130,6362
6130,6376
6130,6396
6130,6404
6130,6419
6130,6480
6130,6482
6130,6598
6130,6652
6130,6667
6130,6681
6130,6685
6130,6767
6130,6806
6130,6855
6130,6884
6130,6948
6130,6993
6130,7001
6130,7052
6130,7065
6130,7133
6130,7136
6130,7268
6130,7282
6130,7291
6130,7343
6130,7404
6130,7460
6130,7461
6130,7530
6131,352
6131,456
6131,521
6131,526
6131,655
6131,911
6131,1058
6131,1291
6131,1521
6131,1561
6131,1926
6131,1956
6131,2198
6131,2239
6131,2349
6131,2356
6131,2380
6131,2525
6131,2536
6131,2567
6131,3246
6131,3273
6131,3373
6131,3506
6131,3510
6131,3625
6131,3784
6131,4067
6131,4503
6131,4805
6131,5144
6131,5373
6131,5404
6131,5544
6131,5719
6131,6027
6131,6569
6131,6570
6131,6668
6131,6841
6131,6909
6131,6952
6131,7000
6131,7113
6131,7240
6131,7250
6131,7322
6132,78
6132,206
6132,459
6132,1332
6132,1781
6132,1937
6132,2022
6132,2139
6132,2369
6132,3350
6132,3416
6132,3797
6132,4298
6132,4515
6132,4911
6132,5113
6132,5607
6132,5681
6132,5954
6132,6018
6132,6220
6132,6239
6132,6273
6132,6865
6132,7642
6132,7645
6133,208
6133,932
6133,1021
6133,1303
6133,1449
6133,1835
6133,3280
6133,3361
6133,3431
6133,3879
6133,5271
6133,6095
6133,6138
6133,7208
6133,7460
6134,456
6134,485
6134,1429
6134,1457
6134,1610
6134,1714
6134,1905
6134,1930
6134,2871
6134,4033
6134,4295
6134,6085
6134,6572
6134,6807
6135,169
6135,369
6135,431
6135,482
6135,593
6135,811
6135,1545
6135,1663
6135,1798
6135,2396
6135,2553
6135,3008
6135,3051
6135,3377
6135,3704
6135,4023
6135,4074
6135,4157
6135,4578
6135,4669
6135,4782
6135,4934
6135,5070
6135,5139
6135,5359
6135,5404
6135,5799
6135,5979
6135,6024
6135,6188
6135,6414
6135,6692
6135,6702
6135,6706
6135,6787
6135,7139
6135,7170
6135,7280
6135,7353
6135,7477
6136,1199
6136,1496
6136,1571
6136,1576
6136,2016
6136,2278
6136,4331
6136,4389
6136,4501
6136,4627
6136,5664
6136,6504
6136,6926
6136,7571
6137,1899
6137,2198
6137,4295
6137,7477
6137,7597
6138,59
6138,121
6138,126
6138,177
6138,204
6138,208
6138,314
6138,520
6138,656
6138,737
6138,740
6138,824
6138,968
6138,1021
6138,1099
6138,1115
6138,1128
6138,1146
6138,1220
6138,1244
6138,1256
6138,1262
6138,1326
6138,1367
6138,1392
6138,1400
6138,1449
6138,1686
6138,1702
6138,1737
6138,1804
6138,1855
6138,1909
6138,2204
6138,2318
6138,2343
6138,2388
6138,2391
6138,2528
6138,2605
6138,2869
6138,2949
6138,3087
6138,3361
6138,3530
6138,3564
6138,3656
6138,3719
6138,3879
6138,3908
6138,4226
6138,4512
6138,4534
6138,4632
6138,4748
6138,4800
6138,4861
6138,4974
6138,5131
6138,5163
6138,5271
6138,5279
6138,5480
6138,5515
6138,5673
6138,5762
6138,5867
6138,6090
6138,6111
6138,6130
6138,6133
6138,6199
6138,6221
6138,6286
6138,6347
6138,6374
6138,6376
6138,6387
6138,6396
6138,6550
6138,6681
6138,6935
6138,7208
6138,7285
6138,7343
6138,7347
6138,7491
6138,7544
6138,7615
6139,3117
6139,6334
6140,320
6140,346
6140,446
6140,456
6140,540
6140,552
6140,593
6140,813
6140,1058
6140,1210
6140,1211
6140,1357
6140,1414
6140,1415
6140,1453
6140,1575
6140,1620
6140,1854
6140,2170
6140,2198
6140,2239
6140,2267
6140,2370
6140,2587
6140,2770
6140,2772
6140,2913
6140,3049
6140,3334
6140,3446
6140,3502
6140,3578
6140,3693
6140,3748
6140,4054
6140,4062
6140,4164
6140,4253
6140,4257
6140,4376
6140,4580
6140,4595
6140,4805
6140,5132
6140,5251
6140,5259
6140,5286
6140,5641
6140,5881
6140,5888
6140,5937
6140,6021
6140,6215
6140,6284
6140,6354
6140,6449
6140,6707
6140,6847
6140,6909
6140,6990
6140,7096
6140,7277
6140,7280
6140,7448
6140,7471
6140,7572
6141,1755
6141,3728
6141,6857
6142,159
6142,429
6142,523
6142,634
6142,1261
6142,1394
6142,1436
6142,1731
6142,2081
6142,2116
6142,2213
6142,2527
6142,2574
6142,2864
6142,2910
6142,2997
6142,3351
6142,3822
6142,4255
6142,4282
6142,4462
6142,4823
6142,5379
6142,5499
6142,5550
6142,5571
6142,5661
6142,5778
6142,6513
6142,6548
6142,6721
6142,6861
6142,7087
6142,7267
6142,7414
6143,412
6143,570
6143,749
6143,787
6143,806
6143,882
6143,1360
6143,1531
6143,1696
6143,1759
6143,1827
6143,1969
6143,2134
6143,2250
6143,2260
6143,2324
6143,2622
6143,2822
6143,2854
6143,3326
6143,3529
6143,3805
6143,4256
6143,4312
6143,4467
6143,4603
6143,4666
6143,4960
6143,5257
6143,5512
6143,5691
6143,5706
6143,5882
6143,6164
6143,6250
6143,6357
6143,6416
6143,6552
6143,7086
6143,7555
6144,64
6144,297
6144,307
6144,355
6144,376
6144,422
6144,656
6144,788
6144,996
6144,1149
6144,1151
6144,1445
6144,1692
6144,1740
6144,1808
6144,2168
6144,2217
6144,2413
6144,2874
6144,3135
6144,3147
6144,3231
6144,3266
6144,3494
6144,3511
6144,4005
6144,4093
6144,4202
6144,4288
6144,4611
6144,4925
6144,5046
6144,5104
6144,5128
6144,5586
6144,5738
6144,5803
6144,6130
6144,6231
6144,6524
6144,6635
6144,6988
6144,7108
6144,7220
6144,7408
6144,7449
6144,7472
6144,7509
6145,1177
6145,2943
6145,6915
6146,2551
6146,5594
6147,199
6147,362
6147,1720
6147,1916
6147,1936
6147,2347
6147,2762
6147,3906
6147,3960
6147,4336
6147,4689
6147,5043
6147,5088
6147,5337
6147,5382
6147,5666
6147,5715
6147,6283
6147,7081
6147,7211
6147,7586
6148,131
6148,1354
6148,1728
6148,6160
6148,6410
6148,6816
6149,260
6149,593
6149,1152
6149,1744
6149,2198
6149,3074
6149,5415
6149,5740
6149,5881
6149,6702
6149,6847
6150,368
6150,371
6150,798
6150,1085
6150,1257
6150,1352
6150,1565
6150,3200
6150,3694
6150,3971
6150,4134
6150,4339
6150,4794
6150,4929
6150,5477
6150,5683
6150,5905
6150,6080
6150,6167
6150,6543
6150,6809
6150,7138
6150,7185
6150,7315
6150,7429
6150,7497
6150,7620
6151,7
6151,247
6151,337
6151,890
6151,935
6151,1213
6151,1306
6151,1411
6151,1471
6151,1852
6151,2180
6151,2250
6151,3048
6151,3164
6151,3315
6151,3806
6151,3843
6151,4265
6151,4639
6151,4648
6151,4855
6151,5275
6151,5395
6151,5600
6151,5995
6151,6081
6151,6525
6151,6607
6151,6641
6151,6687
6151,6894
6152,309
6152,1744
6152,1796
6152,1899
6152,2198
6152,2239
6152,2336
6152,2615
6152,3105
6152,3623
6152,3648
6152,4347
6152,4805
6152,4870
6152,5903
6152,6183
6152,6414
6152,6702
6152,7021
6153,2064
6153,2182
6153,3231
6153,4208
6153,6199
6153,6347
6153,6928
6154,467
6154,2091
6154,6476
6155,1252
6155,1270
6155,4994
6155,5566
6156,260
6156,369
6156,431
6156,482
6156,1513
6156,1628
6156,1663
6156,1798
6156,1907
6156,2313
6156,2432
6156,2812
6156,3008
6156,3051
6156,3184
6156,3185
6156,3748
6156,4012
6156,4023
6156,4074
6156,4578
6156,5148
6156,5372
6156,5381
6156,5707
6156,5734
6156,5799
6156,5979
6156,6034
6156,6082
6156,6188
6156,6414
6156,6562
6156,6669
6156,6887
6156,7010
6156,7139
6156,7170
6156,7280
6156,7353
6156,7369
6156,7428
6156,7464
6157,73
6157,305
6157,803
6157,1586
6157,2164
6157,3302
6158,68
6158,104
6158,281
6158,348
6158,354
6158,406
6158,407
6158,416
6158,451
6158,452
6158,457
6158,547
6158,594
6158,624
6158,635
6158,792
6158,799
6158,823
6158,915
6158,929
6158,1025
6158,1033
6158,1114
6158,1147
6158,1154
6158,1168
6158,1199
6158,1201
6158,1203
6158,1208
6158,1231
6158,1265
6158,1300
6158,1307
6158,1312
6158,1318
6158,1341
6158,1349
6158,1366
6158,1387
6158,1407
6158,1462
6158,1514
6158,1542
6158,1557
6158,1571
6158,1576
6158,1590
6158,1602
6158,1605
6158,1713
6158,1754
6158,1779
6158,1837
6158,1968
6158,1971
6158,2020
6158,2029
6158,2185
6158,2203
6158,2276
6158,2278
6158,2403
6158,2442
6158,2578
6158,2580
6158,2642
6158,2696
6158,2716
6158,2841
6158,2846
6158,2858
6158,2934
6158,2937
6158,3029
6158,3110
6158,3254
6158,3286
6158,3297
6158,3301
6158,3314
6158,3338
6158,3402
6158,3418
6158,3505
6158,3517
6158,3522
6158,3535
6158,3556
6158,3611
6158,3694
6158,3769
6158,3943
6158,4011
6158,4036
6158,4119
6158,4132
6158,4139
6158,4166
6158,4234
6158,4319
6158,4331
6158,4389
6158,4396
6158,4444
6158,4481
6158,4547
6158,4550
6158,4568
6158,4825
6158,4844
6158,4927
6158,4977
6158,4998
6158,5021
6158,5055
6158,5073
6158,5087
6158,5112
6158,5149
6158,5196
6158,5204
6158,5233
6158,5246
6158,5353
6158,5470
6158,5479
6158,5590
6158,5712
6158,5766
6158,6011
6158,6204
6158,6292
6158,6375
6158,6498
6158,6638
6158,6659
6158,6697
6158,6710
6158,6833
6158,6863
6158,6883
6158,6932
6158,6938
6158,6943
6158,6949
6158,7004
6158,7028
6158,7083
6158,7148
6158,7152
6158,7301
6158,7350
6158,7393
6158,7533
6158,7567
6158,7571
6158,7625
6159,106
6159,211
6159,248
6159,680
6159,766
6159,1603
6159,2415
6159,2586
6159,3194
6159,3207
6159,4031
6159,4569
6159,4991
6159,5188
6159,5997
6159,6210
6159,7032
6160,1728
6160,6062
6160,6148
6161,92
6161,2563
6161,3298
6161,3359
6161,3891
6161,4422
6162,128
6162,252
6162,564
6162,908
6162,1358
6162,1435
6162,1888
6162,2044
6162,2096
6162,2263
6162,2707
6162,2944
6162,3365
6162,3478
6162,3484
6162,3706
6162,4430
6162,4882
6162,5192
6162,5486
6162,5625
6162,5636
6162,5933
6162,6702
6162,7235
6162,7393
6163,22
6163,557
6163,758
6163,995
6163,1604
6163,1656
6163,2133
6163,2311
6163,2443
6163,2757
6163,3064
6163,3150
6163,3376
6163,3460
6163,3516
6163,4280
6163,4492
6163,4673
6163,4802
6163,5266
6163,5686
6163,5754
6163,5774
6163,6125
6163,6601
6163,6653
6163,6753
6163,7236
6163,7541
6164,275
6164,328
6164,442
6164,517
6164,556
6164,570
6164,749
6164,786
6164,787
6164,801
6164,806
6164,828
6164,882
6164,1016
6164,1037
6164,1054
6164,1360
6164,1391
6164,1434
6164,1504
6164,1583
6164,1696
6164,1759
6164,1766
6164,1969
6164,2019
6164,2090
6164,2098
6164,2134
6164,2147
6164,2189
6164,2260
6164,2419
6164,2643
6164,2717
6164,2822
6164,3291
6164,3324
6164,3346
6164,3392
6164,3565
6164,3597
6164,3840
6164,3874
6164,4048
6164,4056
6164,4070
6164,4236
6164,4245
6164,4375
6164,4412
6164,4504
6164,4548
6164,4619
6164,4666
6164,4704
6164,4739
6164,4751
6164,4758
6164,4759
6164,4881
6164,4960
6164,5164
6164,5245
6164,5409
6164,5512
6164,5529
6164,5602
6164,5692
6164,5706
6164,5856
6164,5978
6164,6143
6164,6212
6164,6416
6164,6502
6164,6666
6164,6771
6164,6772
6164,6793
6164,6842
6164,7013
6164,7060
6164,7144
6164,7241
6164,7255
6164,7272
6164,7366
6164,7402
6164,7470
6164,7555
6165,100
6165,250
6165,395
6165,638
6165,747
6165,752
6165,1853
6165,1987
6165,2430
6165,2897
6165,3240
6165,3566
6165,4577
6165,4605
6165,4687
6165,5009
6165,5550
6165,6651
6166,835
6166,1673
6166,1682
6166,1979
6166,2490
6166,3433
6166,3469
6166,3492
6166,3578
6166,3959
6166,4116
6166,4722
6166,4863
6166,5213
6166,5234
6166,5865
6166,5889
6166,7164
6167,140
6167,437
6167,979
6167,1405
6167,1451
6167,1547
6167,2178
6167,2429
6167,3192
6167,3200
6167,3639
6167,3696
6167,3971
6167,4134
6167,4370
6167,4374
6167,4597
6167,4652
6167,4815
6167,4929
6167,4996
6167,5516
6167,5900
6167,6150
6167,6248
6167,6317
6167,6326
6167,6456
6167,6529
6167,6809
6167,6820
6167,6862
6167,7089
6167,7185
6167,7199
6167,7429
6168,147
6168,481
6168,561
6168,578
6168,685
6168,746
6168,901
6168,943
6168,1223
6168,1509
6168,1562
6168,2073
6168,2395
6168,2499
6168,2983
6168,3180
6168,3211
6168,3449
6168,3452
6168,3733
6168,4244
6168,4423
6168,4478
6168,4564
6168,4663
6168,4703
6168,4711
6168,5230
6168,5357
6168,5489
6168,5609
6168,5718
6168,5928
6168,5972
6168,5974
6168,6222
6168,6227
6168,6311
6168,6488
6168,6609
6168,6625
6168,6924
6168,7383
6168,7598
6169,84
6169,157
6169,193
6169,209
6169,244
6169,347
6169,531
6169,734
6169,880
6169,894
6169,1010
6169,1164
6169,1219
6169,1288
6169,1440
6169,1681
6169,1691
6169,1800
6169,2496
6169,2702
6169,2742
6169,2909
6169,3121
6169,3227
6169,3303
6169,3425
6169,3429
6169,3453
6169,3497
6169,3571
6169,3624
6169,3829
6169,3852
6169,3934
6169,3975
6169,4000
6169,4104
6169,4291
6169,4332
6169,4471
6169,4582
6169,4646
6169,4660
6169,4677
6169,4997
6169,5024
6169,5057
6169,5065
6169,5298
6169,5434
6169,5560
6169,5624
6169,5656
6169,5690
6169,5701
6169,6025
6169,6049
6169,6107
6169,6116
6169,6501
6169,6514
6169,6515
6169,6612
6169,7049
6169,7050
6169,7064
6169,7261
6169,7316
6169,7367
6169,7379
6169,7423
6169,7532
6169,7620
6169,7622
6170,669
6170,809
6170,2026
6170,2175
6170,2558
6170,4376
6170,4805
6170,6844
6170,7130
6170,7250
6171,1418
6171,1518
6171,1581
6171,2143
6171,2243
6171,2375
6171,3469
6171,3641
6171,4376
6171,4696
6171,4894
6171,5080
6171,5098
6171,5234
6171,5378
6171,5667
6171,5804
6171,6219
6171,7164
6172,835
6172,990
6172,1321
6172,1442
6172,1520
6172,1660
6172,1682
6172,1821
6172,2368
6172,2993
6172,3052
6172,3567
6172,3612
6172,4863
6172,5307
6172,5761
6172,5781
6172,5889
6172,5957
6172,6110
6172,6189
6172,6280
6172,6470
6172,6864
6172,6960
6172,7262
6172,7467
6172,7518
6172,7546
6172,7560
6173,237
6173,256
6173,617
6173,709
6173,778
6173,817
6173,884
6173,944
6173,1791
6173,2064
6173,3231
6173,3366
6173,4110
6173,4237
6173,4849
6173,5034
6173,5256
6173,5827
6173,5877
6173,6042
6173,6090
6173,6094
6173,6130
6173,6221
6173,7460
6174,1196
6174,6569
6174,7047
6174,7130
6175,419
6175,522
6175,739
6175,899
6175,924
6175,1002
6175,1024
6175,1082
6175,1236
6175,1517
6175,1591
6175,1744
6175,2095
6175,2117
6175,2294
6175,2309
6175,2819
6175,2887
6175,3053
6175,3123
6175,3247
6175,3257
6175,3294
6175,3438
6175,3657
6175,4013
6175,4217
6175,4345
6175,4650
6175,4812
6175,4828
6175,4848
6175,4912
6175,5133
6175,5442
6175,5568
6175,5595
6175,5932
6175,5958
6175,6289
6175,6343
6175,6353
6175,6371
6175,6759
6175,6983
6175,7276
6175,7398
6176,28
6176,107
6176,143
6176,456
6176,1185
6176,1245
6176,1280
6176,1429
6176,2113
6176,2586
6176,2738
6176,2795
6176,2801
6176,3271
6176,3277
6176,3339
6176,3856
6176,3889
6176,3983
6176,4033
6176,4940
6176,5181
6176,5317
6176,5504
6176,6382
6176,6852
6176,7020
6176,7032
6177,3856
6177,4628
6177,4906
6177,5185
6177,6270
6177,6807
6177,7190
6178,40
6178,417
6178,1026
6178,1729
6178,1904
6178,1906
6178,1984
6178,2218
6178,2277
6178,2392
6178,2546
6178,2954
6178,3901
6178,4234
6178,5101
6178,5177
6178,5947
6178,6266
6178,6647
6178,6911
6178,6912
6178,7107
6178,7109
6178,7300
6178,7389
6178,7455
6179,544
6179,707
6179,980
6179,1239
6179,1252
6179,1663
6179,3329
6179,3557
6179,3573
6179,3650
6179,3952
6179,4320
6179,4362
6179,4725
6179,4908
6179,5014
6179,5839
6179,5971
6179,6298
6179,6328
6179,6575
6179,6719
6179,6967
6179,7039
6179,7153
6179,7191
6179,7330
6179,7376
6179,7579
6180,258
6180,1548
6180,1744
6180,1899
6180,3623
6180,5311
6180,5372
6180,7311
6181,3437
6181,3949
6181,4305
6181,5521
6181,5872
6183,77
6183,89
6183,169
6183,258
6183,304
6183,319
6183,322
6183,359
6183,366
6183,369
6183,431
6183,469
6183,482
6183,593
6183,736
6183,924
6183,1018
6183,1058
6183,1165
6183,1210
6183,1268
6183,1415
6183,1447
6183,1472
6183,1485
6183,1513
6183,1545
6183,1663
6183,1684
6183,1698
6183,1723
6183,1727
6183,1738
6183,1744
6183,1796
6183,1899
6183,1907
6183,1993
6183,2106
6183,2197
6183,2198
6183,2206
6183,2239
6183,2410
6183,2540
6183,2553
6183,2689
6183,3008
6183,3051
6183,3279
6183,3377
6183,3438
6183,3446
6183,3623
6183,3648
6183,3683
6183,3859
6183,4071
6183,4074
6183,4157
6183,4188
6183,4203
6183,4241
6183,4376
6183,4415
6183,4453
6183,4531
6183,4538
6183,4578
6183,4662
6183,4688
6183,4805
6183,4806
6183,4870
6183,4934
6183,5139
6183,5214
6183,5348
6183,5365
6183,5404
6183,5415
6183,5469
6183,5493
6183,5518
6183,5714
6183,5797
6183,5799
6183,5816
6183,5833
6183,5881
6183,5979
6183,6077
6183,6082
6183,6121
6183,6152
6183,6215
6183,6330
6183,6397
6183,6414
6183,6551
6183,6614
6183,6673
6183,6678
6183,6702
6183,6707
6183,6847
6183,6887
6183,6968
6183,7010
6183,7071
6183,7097
6183,7166
6183,7170
6183,7352
6183,7353
6183,7464
6183,7511
6183,7572
6183,7577
6183,7607
6183,7619
6184,260
6184,1621
6184,3297
6184,3895
6184,4384
6184,5404
6184,5816
6185,1475
6185,1830
6185,2067
6185,2652
6185,3500
6185,3904
6185,5383
6186,2978
6186,3329
6187,373
6187,403
6187,872
6187,1107
6187,1280
6187,2830
6187,3856
6188,431
6188,593
6188,732
6188,924
6188,1058
6188,1350
6188,1421
6188,1472
6188,1663
6188,1744
6188,1796
6188,1798
6188,1899
6188,1993
6188,2013
6188,2106
6188,2198
6188,2239
6188,2553
6188,2637
6188,2832
6188,3051
6188,3459
6188,4164
6188,4350
6188,4531
6188,4578
6188,5399
6188,5404
6188,5903
6188,5982
6188,6135
6188,6156
6188,6398
6188,6673
6188,6702
6188,7021
6188,7337
6188,7464
6189,308
6189,835
6189,1189
6189,1371
6189,1418
6189,1442
6189,1660
6189,1966
6189,2066
6189,2368
6189,2907
6189,2993
6189,3433
6189,3567
6189,3578
6189,3612
6189,3856
6189,4102
6189,4670
6189,4692
6189,4805
6189,4863
6189,4987
6189,5213
6189,5234
6189,5781
6189,5981
6189,6110
6189,6172
6189,6470
6189,6675
6189,6747
6189,6864
6189,7113
6189,7164
6189,7518
6189,7590
6191,1109
6191,1534
6191,1674
6191,2709
6191,3233
6191,4804
6191,5337
6191,5802
6191,6433
6192,2209
6192,4607
6192,6435
6192,7053
6193,526
6193,576
6193,754
6193,852
6193,934
6193,1058
6193,1414
6193,1546
6193,1575
6193,1631
6193,1655
6193,1862
6193,1884
6193,1954
6193,2170
6193,2314
6193,2587
6193,2772
6193,3131
6193,3203
6193,3895
6193,4216
6193,4320
6193,4376
6193,4466
6193,4670
6193,4805
6193,5251
6193,5455
6193,5550
6193,5556
6193,6272
6193,6408
6193,6452
6193,6553
6193,6848
6193,6954
6193,7481
6193,7519
6194,208
6194,315
6194,342
6194,617
6194,884
6194,932
6194,1256
6194,1772
6194,2064
6194,2133
6194,2251
6194,3366
6194,4208
6194,4237
6194,4763
6194,4849
6194,5140
6194,5934
6194,6111
6194,6199
6194,6221
6194,6347
6194,6550
6194,6635
6194,6712
6194,6975
6194,7451
6194,7460
6194,7565
6195,980
6195,1246
6195,5743
6196,2536
6196,2945
6196,3209
6196,4672
6196,5193
6196,5719
6196,5865
6196,6569
6197,576
6197,1667
6197,1790
6197,2198
6197,3203
6197,3521
6197,3527
6197,4371
6197,4670
6197,4714
6197,4805
6197,5068
6197,6945
6197,7446
6197,7481
6198,1036
6198,1239
6198,1610
6198,1669
6198,2000
6198,2068
6198,3232
6198,3329
6198,3557
6198,3573
6198,3631
6198,3911
6198,4320
6198,4362
6198,4482
6198,4555
6198,4725
6198,5014
6198,5604
6198,5839
6198,6298
6198,6328
6198,6572
6198,6967
6198,7039
6198,7153
6198,7191
6198,7375
6198,7376
6198,7441
6198,7579
6199,126
6199,204
6199,219
6199,315
6199,554
6199,557
6199,581
6199,737
6199,815
6199,915
6199,932
6199,968
6199,1115
6199,1146
6199,1244
6199,1256
6199,1392
6199,1664
6199,1737
6199,1771
6199,1772
6199,2133
6199,2240
6199,2388
6199,2391
6199,3231
6199,3280
6199,3391
6199,3741
6199,3803
6199,3879
6199,3924
6199,4008
6199,4143
6199,4208
6199,4226
6199,4237
6199,4251
6199,4280
6199,4319
6199,4426
6199,4557
6199,4599
6199,4673
6199,4923
6199,4984
6199,5131
6199,5410
6199,5611
6199,6111
6199,6138
6199,6153
6199,6194
6199,6250
6199,6347
6199,6653
6199,7264
6199,7460
6199,7504
6199,7565
6200,256
6200,314
6200,1502
6200,1804
6200,2148
6200,3258
6200,3656
6200,4146
6200,5697
6200,5860
6200,5867
6200,6090
6200,6130
6200,6376
6200,7136
6201,193
6201,676
6201,918
6201,1057
6201,1748
6201,2074
6201,4014
6201,4053
6201,4346
6201,6097
6201,6232
6201,6501
6201,6612
6201,7064
6201,7112
6202,260
6202,1293
6202,1453
6202,2239
6202,2377
6202,2852
6202,3183
6202,3538
6202,3672
6202,3895
6202,4376
6202,4384
6202,5296
6202,5707
6202,6961
6203,1109
6203,6433
6204,354
6204,452
6204,929
6204,1114
6204,1837
6204,1968
6204,2858
6204,3110
6204,3402
6204,4119
6204,4977
6204,5021
6204,6158
6204,6292
6204,7028
6204,7301
6204,7571
6205,135
6205,507
6205,531
6205,664
6205,1015
6205,1565
6205,1756
6205,1787
6205,1822
6205,1953
6205,2035
6205,2245
6205,2282
6205,2976
6205,3094
6205,3112
6205,3417
6205,3571
6205,3603
6205,3852
6205,4242
6205,4275
6205,4291
6205,4321
6205,4325
6205,4361
6205,4471
6205,4657
6205,4720
6205,4732
6205,4843
6205,4866
6205,4907
6205,5434
6205,5548
6205,5558
6205,5592
6205,5789
6205,5854
6205,5922
6205,5960
6205,6109
6205,6120
6205,6573
6205,6819
6205,6875
6205,7034
6205,7450
6205,7497
6205,7516
6205,7562
6205,7575
6206,783
6206,1162
6206,1824
6206,3084
6206,3143
6206,4075
6206,4088
6206,5127
6206,5884
6206,5973
6206,6855
6206,7001
6206,7198
6206,7282
6207,1128
6207,1177
6207,1487
6207,2792
6207,3908
6207,4149
6207,4340
6207,4645
6207,6094
6207,7631
6208,23
6208,85
6208,201
6208,260
6208,304
6208,369
6208,593
6208,657
6208,766
6208,1113
6208,1268
6208,1287
6208,1368
6208,1453
6208,1663
6208,1665
6208,1763
6208,1798
6208,1840
6208,1907
6208,2033
6208,2039
6208,2106
6208,2198
6208,2215
6208,2239
6208,2370
6208,2377
6208,2406
6208,2549
6208,2657
6208,2661
6208,2911
6208,3039
6208,3185
6208,3226
6208,3311
6208,3538
6208,3748
6208,3895
6208,4253
6208,4376
6208,4384
6208,4392
6208,4578
6208,4680
6208,4952
6208,4983
6208,5022
6208,5278
6208,5296
6208,5404
6208,5641
6208,5649
6208,5799
6208,5816
6208,6551
6208,6582
6208,6707
6208,6760
6208,6811
6208,6843
6208,6887
6208,7280
6208,7395
6208,7535
6208,7582
6208,7607
6209,1372
6209,2462
6209,3014
6209,4805
6209,5417
6209,5501
6209,5535
6209,6293
6209,6358
6209,6845
6209,6851
6210,106
6210,143
6210,211
6210,248
6210,411
6210,456
6210,474
6210,680
6210,834
6210,1185
6210,1215
6210,1289
6210,1603
6210,1872
6210,2070
6210,2084
6210,2113
6210,2415
6210,2438
6210,2572
6210,2586
6210,2743
6210,2761
6210,2801
6210,2831
6210,3194
6210,3207
6210,3216
6210,3277
6210,3302
6210,3339
6210,3515
6210,3561
6210,3760
6210,3834
6210,3849
6210,3889
6210,3983
6210,4031
6210,4154
6210,4173
6210,4294
6210,4373
6210,4522
6210,4565
6210,4569
6210,4900
6210,4991
6210,5188
6210,5263
6210,5289
6210,5474
6210,5997
6210,6027
6210,6159
6210,6338
6210,6369
6210,6379
6210,6384
6210,6594
6210,6604
6210,7020
6210,7032
6210,7290
6210,7293
6210,7298
6210,7524
6211,105
6211,308
6211,495
6211,597
6211,714
6211,766
6211,1014
6211,1046
6211,1133
6211,1337
6211,1339
6211,1343
6211,1418
6211,1426
6211,1432
6211,1479
6211,1494
6211,1546
6211,1673
6211,1753
6211,1794
6211,1802
6211,1962
6211,2032
6211,2202
6211,2258
6211,2358
6211,2372
6211,2425
6211,2664
6211,2908
6211,2993
6211,3203
6211,3223
6211,3237
6211,3249
6211,3295
6211,3578
6211,3617
6211,3672
6211,3773
6211,3866
6211,3887
6211,3890
6211,3895
6211,3922
6211,3925
6211,4185
6211,4294
6211,4324
6211,4343
6211,4344
6211,4358
6211,4376
6211,4743
6211,4851
6211,4890
6211,5132
6211,5179
6211,5378
6211,5455
6211,5676
6211,5948
6211,6118
6211,6448
6211,6522
6211,7005
6211,7022
6211,7029
6211,7226
6211,7310
6212,57
6212,189
6212,275
6212,316
6212,328
6212,801
6212,806
6212,828
6212,909
6212,928
6212,1391
6212,1696
6212,1759
6212,1849
6212,1947
6212,1969
6212,1972
6212,1983
6212,2090
6212,2103
6212,2114
6212,2132
6212,2260
6212,2281
6212,2622
6212,2635
6212,3305
6212,3565
6212,3597
6212,3649
6212,3663
6212,3714
6212,4467
6212,4554
6212,4614
6212,4666
6212,4739
6212,5245
6212,5448
6212,5602
6212,5828
6212,5978
6212,6046
6212,6164
6212,6391
6212,6534
6212,6679
6212,6771
6212,6793
6212,6842
6212,7061
6212,7272
6212,7555
6213,7
6213,247
6213,399
6213,441
6213,935
6213,991
6213,1053
6213,1204
6213,1460
6213,1471
6213,1636
6213,1852
6213,2180
6213,2250
6213,2321
6213,2957
6213,3048
6213,3420
6213,3481
6213,3489
6213,3536
6213,3730
6213,3811
6213,3843
6213,4133
6213,4265
6213,4644
6213,4648
6213,5161
6213,5236
6213,5274
6213,5465
6213,5600
6213,5628
6213,5995
6213,6380
6213,6525
6213,6650
6213,6687
6213,6891
6213,6894
6214,190
6214,1230
6214,2515
6214,2810
6214,3740
6214,4308
6214,4750
6214,5564
6214,6277
6214,7078
6214,7419
6214,7529
6215,42
6215,258
6215,593
6215,659
6215,774
6215,924
6215,1210
6215,1357
6215,1517
6215,1698
6215,1744
6215,1899
6215,2123
6215,2206
6215,3380
6215,3438
6215,3623
6215,3720
6215,3748
6215,4164
6215,4217
6215,4241
6215,4243
6215,4755
6215,5037
6215,5048
6215,5070
6215,5372
6215,5543
6215,5734
6215,5797
6215,5903
6215,5979
6215,5982
6215,6140
6215,6183
6215,6414
6215,6492
6215,6907
6215,6930
6215,7021
6215,7181
6215,7215
6215,7289
6215,7572
6216,85
6216,260
6216,810
6216,986
6216,1058
6216,1284
6216,1293
6216,1798
6216,2143
6216,2198
6216,2215
6216,2239
6216,2657
6216,2967
6216,3183
6216,3456
6216,3748
6216,4376
6216,4384
6216,4398
6216,5296
6216,6551
6216,6702
6216,6981
6216,7067
6217,932
6217,1468
6217,1728
6217,2249
6217,2838
6217,3082
6217,3516
6217,3879
6217,4655
6217,4748
6217,5025
6217,5135
6217,5815
6217,6062
6217,6410
6218,78
6218,378
6218,825
6218,842
6218,1742
6218,1799
6218,1865
6218,2022
6218,2050
6218,2503
6218,2737
6218,3652
6218,3797
6218,3940
6218,4052
6218,4298
6218,4425
6218,4575
6218,4901
6218,5242
6218,5426
6218,5431
6218,5831
6218,6858
6218,6865
6218,6919
6218,7515
6218,7642
6218,7645
6219,696
6219,760
6219,777
6219,1518
6219,1581
6219,2032
6219,2205
6219,2243
6219,2375
6219,2650
6219,3469
6219,3548
6219,3581
6219,3641
6219,3697
6219,4198
6219,4696
6219,4894
6219,5080
6219,5098
6219,5155
6219,5234
6219,5378
6219,5667
6219,5804
6219,5820
6219,6171
6219,6464
6219,6466
6219,6880
6219,7164
6219,7247
6219,7560
6220,78
6220,206
6220,459
6220,647
6220,1313
6220,1332
6220,1694
6220,1781
6220,1937
6220,2022
6220,2139
6220,2369
6220,2503
6220,2842
6220,3288
6220,3350
6220,3416
6220,4099
6220,4175
6220,4515
6220,4675
6220,4721
6220,4911
6220,4981
6220,5005
6220,5113
6220,5242
6220,5319
6220,5416
6220,5607
6220,5681
6220,5871
6220,5954
6220,6018
6220,6132
6220,6239
6220,6273
6220,6559
6220,6865
6220,6918
6220,7249
6220,7431
6220,7484
6220,7642
6220,7645
6221,595
6221,667
6221,699
6221,745
6221,884
6221,1455
6221,1567
6221,1702
6221,1762
6221,1841
6221,1923
6221,2064
6221,2333
6221,2874
6221,3030
6221,3905
6221,4005
6221,4615
6221,4849
6221,5100
6221,5153
6221,5439
6221,5515
6221,5867
6221,6042
6221,6130
6221,6138
6221,6173
6221,6194
6221,6247
6221,6652
6221,6993
6221,7009
6221,7291
6221,7343
6221,7404
6221,7460
6222,74
6222,425
6222,561
6222,619
6222,671
6222,685
6222,746
6222,782
6222,943
6222,1562
6222,2012
6222,2073
6222,2383
6222,2395
6222,2398
6222,2548
6222,2786
6222,2843
6222,2983
6222,3504
6222,3584
6222,4151
6222,4252
6222,4353
6222,4423
6222,4478
6222,4491
6222,4585
6222,4663
6222,4681
6222,4703
6222,4708
6222,4761
6222,4884
6222,5016
6222,5072
6222,5228
6222,5230
6222,5476
6222,5489
6222,5609
6222,5718
6222,5721
6222,5751
6222,5896
6222,5920
6222,5928
6222,5935
6222,5972
6222,6168
6222,6227
6222,6609
6222,6725
6222,6924
6222,7012
6222,7110
6222,7324
6222,7426
6223,45
6223,66
6223,101
6223,530
6223,988
6223,1320
6223,1814
6223,2453
6223,3281
6223,3437
6223,3669
6223,3942
6223,4106
6223,4305
6223,4413
6223,4452
6223,4527
6223,5035
6223,5093
6223,6117
6223,6307
6223,6473
6223,6970
6223,7217
6224,3317
6224,4196
6224,5412
6225,1010
6225,1338
6225,2585
6225,3534
6225,3586
6225,4025
6225,4878
6225,5671
6225,6493
6225,6845
6225,7613
6226,615
6226,695
6226,1177
6226,1824
6226,3041
6226,3143
6226,3494
6226,4087
6226,5256
6226,6130
6226,7282
6226,7559
6226,7631
6227,481
6227,561
6227,685
6227,1223
6227,1509
6227,1562
6227,1646
6227,2073
6227,2395
6227,2499
6227,2983
6227,3180
6227,3452
6227,4244
6227,4478
6227,4663
6227,4711
6227,5489
6227,5609
6227,5974
6227,6106
6227,6168
6227,6222
6227,6488
6227,6609
6227,6625
6227,7383
6227,7489
6227,7598
6228,61
6228,240
6228,260
6228,476
6228,1414
6228,1423
6228,1686
6228,1862
6228,1941
6228,2239
6228,2510
6228,2571
6228,3070
6228,3183
6228,3277
6228,3359
6228,3459
6228,3532
6228,3698
6228,3710
6228,3912
6228,4164
6228,4267
6228,4376
6228,4384
6228,4422
6228,4458
6228,5194
6228,5398
6228,5404
6228,5641
6228,5740
6228,5813
6228,5816
6228,5987
6228,6400
6228,6540
6228,6707
6228,6911
6228,6952
6228,7147
6228,7395
6228,7481
6228,7510
6229,688
6229,782
6229,4663
6229,4884
6229,5072
6229,5737
6229,5974
6229,6488
6229,6625
6229,7383
6230,1058
6230,2155
6230,2208
6230,3540
6230,4376
6230,4805
6230,4869
6230,5251
6230,5403
6230,6339
6231,409
6231,550
6231,603
6231,948
6231,959
6231,997
6231,1533
6231,1640
6231,2109
6231,2168
6231,2181
6231,2182
6231,3601
6231,3774
6231,3788
6231,3885
6231,3988
6231,4144
6231,4727
6231,4950
6231,6144
6231,6362
6231,6561
6231,6635
6231,6718
6231,6928
6231,7126
6231,7162
6231,7165
6231,7268
6232,918
6232,6201
6232,6501
6233,2388
6233,3879
6233,7460
6234,2064
6234,4925
6234,5793
6235,111
6235,461
6235,495
6235,501
6235,766
6235,952
6235,1339
6235,1494
6235,1673
6235,1682
6235,2425
6235,2714
6235,3578
6235,4037
6235,5505
6235,5924
6235,6308
6235,6654
6235,7467
6236,593
6236,762
6236,1453
6236,2198
6236,2571
6236,4080
6236,4091
6236,4384
6236,4952
6236,5404
6236,5816
6236,6039
6236,7593
6237,72
6237,105
6237,262
6237,403
6237,471
6237,536
6237,966
6237,970
6237,1060
6237,1182
6237,1253
6237,1280
6237,1585
6237,1627
6237,1777
6237,2740
6237,3577
6237,3605
6237,3787
6237,3916
6237,3928
6237,4390
6237,4854
6237,5114
6237,5364
6237,5437
6237,5500
6237,5615
6237,5843
6237,5953
6237,5963
6237,6085
6237,6572
6237,6600
6237,6807
6238,82
6238,414
6238,840
6238,2424
6238,2467
6238,2582
6238,3308
6238,3413
6238,3432
6238,3644
6238,3752
6238,4678
6238,5687
6238,6013
6238,6254
6238,6478
6238,6541
6238,6708
6239,78
6239,206
6239,427
6239,459
6239,1313
6239,1332
6239,1694
6239,1781
6239,2022
6239,2139
6239,2369
6239,2503
6239,2737
6239,2842
6239,3288
6239,3350
6239,3416
6239,4175
6239,4515
6239,4721
6239,4901
6239,4911
6239,4981
6239,5005
6239,5113
6239,5242
6239,5319
6239,5416
6239,5431
6239,5607
6239,5655
6239,5681
6239,5871
6239,5954
6239,6018
6239,6132
6239,6220
6239,6273
6239,6559
6239,6734
6239,6865
6239,6918
6239,7431
6239,7484
6239,7642
6239,7645
6240,981
6240,6357
6241,373
6241,627
6241,640
6241,872
6241,1087
6241,1452
6241,1463
6241,1534
6241,1541
6241,1856
6241,1924
6241,2156
6241,2293
6241,2505
6241,2764
6241,3044
6241,3197
6241,3981
6241,3995
6241,4906
6241,5151
6241,5200
6241,5454
6241,5705
6241,6340
6241,6431
6241,6741
6241,6941
6241,7376
6242,85
6242,593
6242,789
6242,942
6242,1058
6242,1210
6242,1293
6242,1415
6242,1453
6242,1575
6242,2143
6242,2215
6242,2239
6242,2370
6242,2377
6242,2410
6242,2911
6242,3183
6242,3311
6242,3538
6242,3895
6242,4080
6242,4164
6242,4303
6242,4376
6242,4384
6242,4466
6242,4608
6242,4806
6242,4952
6242,5058
6242,5296
6242,5404
6242,5507
6242,5641
6242,5707
6242,5816
6242,6551
6242,6664
6242,6961
6242,6981
6242,7067
6242,7296
6242,7448
6242,7572
6242,7582
6243,8
6243,212
6243,382
6243,571
6243,1196
6243,1325
6243,1566
6243,1572
6243,1607
6243,1919
6243,1922
6243,1973
6243,2375
6243,2490
6243,2529
6243,2568
6243,2625
6243,2673
6243,2893
6243,3083
6243,3702
6243,3821
6243,3827
6243,3964
6243,4116
6243,4634
6243,4957
6243,5002
6243,6036
6243,6569
6243,6610
6243,6677
6243,6835
6243,7093
6243,7131
6243,7149
6243,7345
6244,807
6244,3518
6244,3665
6244,4518
6244,5422
6244,6536
6244,7045
6245,160
6245,402
6245,807
6245,918
6245,993
6245,1134
6245,1295
6245,1416
6245,1750
6245,2422
6245,2512
6245,2799
6245,2872
6245,3524
6245,3895
6245,4518
6245,4867
6245,5101
6245,5422
6245,6549
6245,6994
6245,7334
6245,7442
6245,7621
6246,308
6246,766
6246,858
6246,1103
6246,1163
6246,1185
6246,1280
6246,1474
6246,1494
6246,1929
6246,1962
6246,2125
6246,2138
6246,2195
6246,2239
6246,2368
6246,2781
6246,3578
6246,3672
6246,3866
6246,4040
6246,4480
6246,4831
6246,4863
6246,5041
6246,5080
6246,5378
6246,5899
6246,6012
6246,6536
6246,7112
6246,7310
6246,7467
6246,7584
6247,520
6247,595
6247,656
6247,884
6247,932
6247,1171
6247,1455
6247,1702
6247,1762
6247,1791
6247,2064
6247,2362
6247,3104
6247,4237
6247,4763
6247,4849
6247,5140
6247,5439
6247,5515
6247,5827
6247,6042
6247,6130
6247,6221
6247,6667
6247,6806
6247,6884
6247,7065
6247,7460
6248,979
6248,1200
6248,1208
6248,2167
6248,2429
6248,3200
6248,3694
6248,3921
6248,3971
6248,4134
6248,4374
6248,4597
6248,4652
6248,4815
6248,4929
6248,4996
6248,5516
6248,5900
6248,6167
6248,6326
6248,6498
6248,6742
6248,6809
6248,6862
6248,7199
6248,7439
6249,589
6249,3824
6249,4878
6249,7613
6250,186
6250,216
6250,236
6250,324
6250,335
6250,349
6250,412
6250,570
6250,698
6250,749
6250,787
6250,850
6250,914
6250,981
6250,1334
6250,1396
6250,1412
6250,1428
6250,1531
6250,1609
6250,1672
6250,1734
6250,1977
6250,2235
6250,2250
6250,2326
6250,2508
6250,2516
6250,2596
6250,2860
6250,2861
6250,2895
6250,2953
6250,2975
6250,3021
6250,3091
6250,3220
6250,3316
6250,3346
6250,3543
6250,3640
6250,3649
6250,3722
6250,3843
6250,4048
6250,4070
6250,4245
6250,4264
6250,4280
6250,4342
6250,4375
6250,4412
6250,4603
6250,4667
6250,4704
6250,4938
6250,4960
6250,4972
6250,5045
6250,5069
6250,5250
6250,5272
6250,5409
6250,5436
6250,5465
6250,5540
6250,5753
6250,5848
6250,5849
6250,5856
6250,5879
6250,6010
6250,6143
6250,6199
6250,6357
6250,6363
6250,6372
6250,6532
6250,6765
6250,6965
6250,7073
6250,7086
6250,7238
6251,1927
6251,2179
6251,2239
6251,3765
6251,6572
6251,7550
6251,7564
6252,73
6252,555
6252,1289
6252,1296
6252,1511
6252,2450
6252,2821
6252,3688
6252,5801
6253,1249
6253,1293
6253,1708
6253,2911
6253,3782
6253,3808
6253,7036
6253,7597
6254,82
6254,2424
6254,2467
6254,2851
6254,3308
6254,3413
6254,3432
6254,3752
6254,4678
6254,6013
6254,6056
6254,6238
6254,6478
6254,6695
6254,6708
6255,7
6255,158
6255,491
6255,890
6255,1213
6255,1306
6255,1411
6255,1852
6255,2054
6255,2250
6255,2504
6255,3057
6255,3164
6255,4126
6255,4133
6255,4600
6255,4639
6255,5395
6255,5599
6255,6127
6255,6871
6255,7378
6256,1647
6256,2445
6256,5234
6256,7512
6257,767
6257,1759
6257,1849
6257,2114
6257,2132
6257,2250
6257,2260
6257,2281
6257,2324
6257,2754
6257,2849
6257,3523
6257,3597
6257,3840
6257,3874
6257,4300
6257,4554
6257,4666
6257,4741
6257,4949
6257,4960
6257,5028
6257,5164
6257,5245
6257,5448
6257,5512
6257,6046
6257,6465
6257,6679
6257,7144
6257,7255
6258,88
6258,100
6258,395
6258,752
6258,761
6258,998
6258,1437
6258,1519
6258,1618
6258,1853
6258,1987
6258,2131
6258,2150
6258,2265
6258,2374
6258,2430
6258,2910
6258,3005
6258,3554
6258,3566
6258,3635
6258,3783
6258,4084
6258,4378
6258,4454
6258,4577
6258,4605
6258,5175
6258,5248
6258,6114
6258,6651
6258,6729
6259,103
6259,1293
6259,1427
6259,1778
6259,1961
6259,2239
6259,2765
6259,3183
6259,4080
6259,4174
6259,4384
6259,4952
6259,5222
6259,5261
6259,6618
6259,7599
6260,4628
6261,1177
6262,2517
6262,2554
6262,6453
6262,7055
6263,331
6263,381
6263,462
6263,846
6263,1032
6263,1183
6263,1764
6263,2000
6263,2978
6263,3329
6263,3349
6263,4078
6263,4320
6263,4482
6263,5907
6263,6325
6263,6328
6263,6491
6263,6544
6263,6684
6263,7153
6263,7375
6263,7643
6264,2239
6264,5198
6264,5545
6264,6942
6264,7300
6265,85
6265,260
6265,475
6265,735
6265,1170
6265,1293
6265,1798
6265,1833
6265,1965
6265,2106
6265,2521
6265,2671
6265,2725
6265,3408
6265,3958
6265,4167
6265,4326
6265,4737
6265,4864
6265,5641
6265,5756
6265,5859
6265,5955
6265,6551
6265,6801
6265,6906
6265,7464
6265,7537
6265,7582
6265,7603
6266,266
6266,417
6266,1026
6266,1252
6266,1729
6266,1904
6266,1984
6266,2277
6266,2392
6266,2546
6266,4234
6266,5101
6266,5177
6266,5840
6266,5947
6266,6061
6266,6178
6266,6647
6266,6911
6266,7107
6266,7109
6266,7175
6266,7360
6266,7455
6267,327
6267,452
6267,1201
6267,1490
6267,1602
6267,2203
6267,2464
6267,2693
6267,2747
6267,2936
6267,3144
6267,3522
6267,3917
6267,4550
6267,4568
6267,4749
6267,5021
6267,5353
6267,5443
6267,6455
6267,6782
6267,6833
6267,7083
6267,7148
6267,7381
6268,367
6268,824
6268,932
6268,1675
6268,2318
6268,2528
6268,3361
6268,3879
6268,4237
6268,6113
6268,7460
6269,456
6269,1076
6269,1347
6269,1353
6269,1596
6269,1610
6269,1666
6269,1905
6269,2565
6269,2738
6269,2795
6269,2871
6269,3179
6269,3339
6269,3763
6269,3816
6269,4356
6269,5661
6269,6015
6269,6119
6269,6331
6269,6572
6269,6608
6269,6726
6269,6852
6269,7365
6269,7406
6269,7526
6269,7596
6269,7633
6270,151
6270,1710
6270,2344
6270,2914
6270,3387
6270,5185
6270,5583
6270,6177
6271,2177
6271,4685
6271,5123
6271,5634
6272,116
6272,576
6272,1337
6272,1790
6272,2049
6272,2198
6272,2208
6272,2461
6272,3049
6272,3115
6272,3170
6272,3578
6272,3895
6272,4376
6272,4541
6272,4670
6272,4805
6272,5231
6272,5404
6272,6193
6272,6945
6272,7330
6272,7446
6273,78
6273,427
6273,459
6273,647
6273,1781
6273,2022
6273,2369
6273,2842
6273,3288
6273,3350
6273,3416
6273,4099
6273,4721
6273,4911
6273,4981
6273,5005
6273,5113
6273,5242
6273,5319
6273,5416
6273,5681
6273,5871
6273,6132
6273,6220
6273,6239
6273,6559
6273,6734
6273,6865
6273,6918
6273,7431
6273,7484
6273,7554
6274,621
6274,643
6274,1132
6274,1181
6274,1239
6274,1534
6274,1870
6274,2068
6274,2162
6274,2254
6274,2390
6274,2613
6274,3233
6274,3329
6274,3842
6274,3847
6274,4118
6274,4219
6274,4308
6274,4482
6274,4507
6274,4621
6274,5284
6274,6314
6274,6556
6274,6836
6274,6946
6274,7078
6274,7200
6274,7441
6274,7548
6274,7591
6275,38
6275,453
6275,529
6275,569
6275,779
6275,1309
6275,1459
6275,1558
6275,1706
6275,2189
6275,2552
6275,3032
6275,3220
6275,3570
6275,3598
6275,4342
6275,5491
6275,5662
6275,6602
6275,7368
6275,7646
6276,680
6276,1064
6276,1212
6276,1722
6276,2143
6276,2454
6276,2455
6276,2626
6276,2701
6276,2905
6276,3320
6276,3895
6276,5216
6276,5396
6276,5801
6276,5993
6276,6898
6276,6901
6277,139
6277,704
6277,1230
6277,3233
6277,3740
6277,4172
6277,4488
6277,5076
6277,5325
6277,5501
6277,5763
6277,6214
6277,6283
6277,6908
6277,7057
6277,7078
6278,19
6278,315
6278,737
6278,1772
6278,3892
6278,4208
6278,4984
6278,6111
6278,6623
6278,7565
6280,532
6280,1046
6280,1371
6280,1442
6280,1660
6280,1956
6280,2143
6280,2354
6280,3567
6280,3612
6280,5652
6280,5781
6280,5957
6280,6172
6280,6675
6280,6864
6280,7113
6280,7518
6281,705
6281,1310
6281,2901
6281,3320
6281,4302
6281,4904
6281,7323
6281,7330
6282,28
6282,72
6282,167
6282,305
6282,456
6282,803
6282,920
6282,1280
6282,1689
6282,1714
6282,1929
6282,2346
6282,2738
6282,2835
6282,2854
6282,3224
6282,3271
6282,3765
6282,4033
6282,4294
6282,4297
6282,4854
6282,5181
6282,5500
6282,6078
6282,6105
6282,6382
6282,6494
6282,6545
6282,6572
6282,6761
6282,6807
6282,6815
6282,6852
6282,7035
6282,7305
6283,429
6283,525
6283,1230
6283,2083
6283,2515
6283,2705
6283,3405
6283,3524
6283,3599
6283,3709
6283,3828
6283,4121
6283,4172
6283,5076
6283,5325
6283,5763
6283,5890
6283,6147
6283,6277
6283,6905
6283,6908
6283,6999
6283,7057
6283,7078
6284,69
6284,192
6284,220
6284,235
6284,552
6284,593
6284,599
6284,789
6284,811
6284,958
6284,1058
6284,1104
6284,1113
6284,1210
6284,1211
6284,1254
6284,1268
6284,1357
6284,1368
6284,1399
6284,1415
6284,1453
6284,1545
6284,1945
6284,1999
6284,2013
6284,2106
6284,2198
6284,2370
6284,2377
6284,2406
6284,2571
6284,2645
6284,2736
6284,2772
6284,2911
6284,3050
6284,3183
6284,3311
6284,3334
6284,3502
6284,3713
6284,3748
6284,3970
6284,4164
6284,4366
6284,4376
6284,4384
6284,4806
6284,4839
6284,4864
6284,5132
6284,5278
6284,5296
6284,5404
6284,5556
6284,5816
6284,5840
6284,5881
6284,5937
6284,6140
6284,6551
6284,6702
6284,6707
6284,7046
6284,7215
6284,7280
6284,7296
6284,7464
6284,7572
6284,7607
6285,1207
6285,1405
6285,1606
6285,1793
6285,2085
6285,2942
6285,3200
6285,3519
6285,4299
6285,4370
6285,5477
6285,5621
6285,5956
6285,6875
6285,6903
6285,7002
6285,7082
6285,7138
6285,7185
6285,7199
6286,130
6286,543
6286,815
6286,932
6286,1762
6286,1841
6286,2366
6286,2394
6286,2439
6286,2779
6286,2850
6286,3361
6286,3879
6286,4684
6286,5759
6286,6138
6286,6423
6286,6480
6286,6550
6286,7356
6286,7460
6287,2039
6287,2198
6287,2571
6287,3183
6287,4376
6287,4384
6287,4680
6287,5816
6287,6409
6287,7464
6288,481
6288,653
6288,744
6288,1223
6288,1622
6288,3180
6288,3904
6288,4244
6288,4663
6288,5750
6288,6106
6288,6488
6288,6788
6288,7024
6289,134
6289,592
6289,593
6289,739
6289,1082
6289,1194
6289,1591
6289,2095
6289,2198
6289,2556
6289,2685
6289,2778
6289,2887
6289,3243
6289,3247
6289,3657
6289,3923
6289,4082
6289,4217
6289,4345
6289,4650
6289,5133
6289,5234
6289,5293
6289,5302
6289,5372
6289,5703
6289,5958
6289,6175
6289,6343
6289,6702
6289,6759
6289,7398
6289,7601
6290,29
6290,550
6290,773
6290,2168
6290,2647
6290,3041
6290,3375
6290,3774
6290,3885
6290,3988
6290,4088
6290,4145
6290,4993
6290,5169
6290,5184
6290,6860
6290,7355
6291,1798
6291,1925
6291,2198
6291,2571
6291,3756
6291,3947
6291,4384
6291,4877
6291,5404
6291,5816
6291,7008
6291,7607
6292,281
6292,354
6292,452
6292,457
6292,547
6292,574
6292,594
6292,799
6292,929
6292,1114
6292,1199
6292,1201
6292,1203
6292,1208
6292,1231
6292,1265
6292,1300
6292,1312
6292,1571
6292,1576
6292,1602
6292,1713
6292,1754
6292,1837
6292,1971
6292,2203
6292,2278
6292,2403
6292,2578
6292,2580
6292,2642
6292,2858
6292,3110
6292,3338
6292,3402
6292,3418
6292,3556
6292,3943
6292,4119
6292,4139
6292,4166
6292,4389
6292,4568
6292,4627
6292,4977
6292,4998
6292,5021
6292,5196
6292,5233
6292,5353
6292,5712
6292,5766
6292,6011
6292,6158
6292,6204
6292,6375
6292,6659
6292,6697
6292,6863
6292,7028
6292,7148
6292,7571
6292,7625
6293,846
6293,1669
6293,1764
6293,1934
6293,2222
6293,2462
6293,2612
6293,2739
6293,3014
6293,3026
6293,3313
6293,3329
6293,3531
6293,3767
6293,4078
6293,4118
6293,4362
6293,4757
6293,5284
6293,5417
6293,5535
6293,5743
6293,5986
6293,5992
6293,6209
6293,6328
6293,6358
6293,6619
6293,6744
6293,6845
6293,6851
6293,7375
6294,2293
6294,3095
6294,3387
6294,3454
6294,4574
6294,4988
6295,1998
6295,4878
6295,4936
6295,5032
6295,6433
6295,7162
6296,71
6296,73
6296,212
6296,225
6296,283
6296,352
6296,499
6296,526
6296,551
6296,584
6296,587
6296,655
6296,728
6296,936
6296,956
6296,1287
6296,1291
6296,1493
6296,1521
6296,1739
6296,2059
6296,2198
6296,2215
6296,2325
6296,2402
6296,2525
6296,2536
6296,2567
6296,2655
6296,2856
6296,2903
6296,3083
6296,3125
6296,3134
6296,3506
6296,3559
6296,3665
6296,3702
6296,4067
6296,4384
6296,4707
6296,4811
6296,5132
6296,5641
6296,5739
6296,5775
6296,6059
6296,6408
6296,6412
6296,6538
6296,6610
6296,6715
6296,6909
6296,6920
6296,7077
6296,7131
6296,7240
6296,7322
6296,7582
6297,20
6297,92
6297,103
6297,305
6297,573
6297,607
6297,762
6297,1076
6297,1184
6297,1218
6297,1278
6297,1427
6297,1444
6297,1551
6297,1563
6297,1586
6297,1778
6297,1860
6297,2040
6297,2043
6297,2166
6297,2194
6297,2198
6297,2239
6297,2290
6297,2348
6297,2520
6297,2586
6297,2621
6297,2663
6297,3140
6297,3171
6297,3359
6297,3394
6297,3408
6297,3488
6297,3532
6297,3602
6297,3698
6297,3712
6297,3723
6297,4049
6297,4080
6297,4083
6297,4174
6297,4228
6297,4384
6297,4386
6297,4406
6297,4420
6297,4422
6297,4469
6297,4697
6297,4803
6297,4952
6297,5222
6297,5296
6297,5344
6297,5392
6297,5650
6297,5661
6297,6039
6297,6487
6297,6518
6297,6618
6297,6620
6297,6737
6297,6738
6297,6951
6297,7114
6297,7305
6297,7344
6297,7395
6297,7599
6298,846
6298,1036
6298,1246
6298,1372
6298,1669
6298,1764
6298,2000
6298,2068
6298,2222
6298,2303
6298,2612
6298,3313
6298,3329
6298,3531
6298,3557
6298,3631
6298,4178
6298,4482
6298,4725
6298,4757
6298,5417
6298,5535
6298,5743
6298,5907
6298,5986
6298,6179
6298,6198
6298,6328
6298,6619
6298,6719
6298,6851
6298,6868
6298,6946
6298,6967
6298,6986
6298,7039
6298,7153
6298,7191
6298,7375
6298,7576
6298,7579
6298,7590
6299,93
6299,1010
6299,1629
6299,2585
6299,3622
6299,4025
6299,4413
6299,4698
6299,5671
6299,6493
6299,6674
6299,7145
6300,53
6300,66
6300,101
6300,195
6300,530
6300,1035
6300,1503
6300,3352
6300,3437
6300,3735
6300,3766
6300,3980
6300,4089
6300,4209
6300,4325
6300,4646
6300,4689
6300,4961
6300,5035
6300,5260
6300,5563
6300,5677
6300,5817
6300,5946
6300,6307
6300,7200
6301,40
6301,287
6301,295
6301,456
6301,629
6301,881
6301,1064
6301,1185
6301,1722
6301,2113
6301,2118
6301,2145
6301,2257
6301,2586
6301,2626
6301,2795
6301,3339
6301,3382
6301,3854
6301,3990
6301,4006
6301,4049
6301,4174
6301,4301
6301,4569
6301,4719
6301,4735
6301,4892
6301,4940
6301,4982
6301,5022
6301,5368
6301,5511
6301,5936
6301,5993
6301,6379
6301,6588
6301,7032
6301,7330
6301,7409
6302,4461
6302,5183
6302,7087
6303,85
6303,304
6303,593
6303,762
6303,789
6303,1293
6303,1453
6303,1472
6303,1708
6303,2013
6303,2207
6303,2370
6303,2377
6303,2911
6303,3183
6303,3311
6303,3748
6303,4384
6303,5160
6303,5707
6303,5881
6303,6551
6303,6760
6303,6984
6303,7036
6303,7597
6304,361
6304,577
6304,826
6304,873
6304,1998
6304,2025
6304,2252
6304,2619
6304,2724
6304,3208
6304,3813
6304,4520
6304,4878
6304,5322
6304,5988
6304,6469
6304,6694
6304,7034
6304,7132
6304,7329
6304,7647
6305,764
6305,954
6305,2295
6305,2385
6305,2927
6305,3578
6305,3817
6305,4489
6305,5354
6305,6864
6305,7481
6307,45
6307,347
6307,704
6307,1190
6307,1219
6307,1248
6307,1535
6307,1814
6307,1816
6307,1951
6307,1955
6307,2160
6307,2840
6307,2963
6307,3121
6307,3142
6307,3244
6307,3437
6307,3461
6307,3533
6307,3642
6307,3819
6307,3829
6307,3975
6307,4193
6307,4209
6307,4260
6307,4424
6307,4452
6307,5690
6307,5817
6307,5826
6307,6117
6307,6223
6307,6300
6307,6316
6307,6415
6307,6554
6307,6808
6307,7049
6307,7064
6307,7112
6307,7237
6307,7287
6307,7292
6307,7482
6307,7594
6308,305
6308,461
6308,495
6308,535
6308,766
6308,1030
6308,1619
6308,1990
6308,2198
6308,2372
6308,2392
6308,2425
6308,3079
6308,3098
6308,3330
6308,3370
6308,3373
6308,3518
6308,3578
6308,3607
6308,3866
6308,3895
6308,4054
6308,4890
6308,5179
6308,5455
6308,6098
6308,6235
6308,6581
6308,6770
6308,6847
6308,7067
6308,7171
6308,7269
6309,432
6309,495
6309,532
6309,766
6309,1007
6309,1058
6309,1442
6309,1494
6309,1660
6309,2198
6309,2239
6309,2354
6309,2368
6309,3359
6309,3578
6309,3695
6309,3890
6309,4042
6309,4054
6309,4376
6309,4450
6309,4522
6309,4805
6309,5179
6309,5404
6309,5435
6309,5505
6309,5652
6309,5839
6309,6098
6309,6397
6309,6437
6309,6581
6309,6675
6309,6680
6309,7054
6309,7467
6310,2205
6310,5204
6310,6328
6311,147
6311,221
6311,398
6311,425
6311,444
6311,481
6311,510
6311,561
6311,578
6311,618
6311,685
6311,688
6311,690
6311,782
6311,992
6311,1086
6311,1096
6311,1223
6311,1292
6311,1466
6311,1509
6311,1529
6311,1646
6311,1683
6311,1858
6311,2012
6311,2067
6311,2073
6311,2259
6311,2361
6311,2395
6311,2398
6311,2444
6311,2449
6311,2468
6311,2489
6311,2491
6311,2548
6311,2786
6311,2805
6311,2843
6311,2873
6311,2983
6311,3211
6311,3255
6311,3393
6311,3399
6311,3411
6311,3449
6311,3452
6311,3479
6311,4117
6311,4123
6311,4244
6311,4252
6311,4353
6311,4423
6311,4478
6311,4491
6311,4494
6311,4498
6311,4524
6311,4607
6311,4659
6311,4663
6311,4681
6311,4703
6311,4708
6311,4711
6311,4761
6311,4873
6311,4884
6311,5072
6311,5228
6311,5270
6311,5345
6311,5357
6311,5405
6311,5489
6311,5573
6311,5609
6311,5718
6311,5737
6311,5751
6311,5896
6311,5908
6311,5972
6311,6083
6311,6168
6311,6496
6311,6508
6311,6725
6311,7015
6311,7024
6311,7110
6311,7263
6311,7324
6311,7426
6311,7444
6311,7490
6311,7502
6311,7531
6311,7598
6312,310
6312,2867
6312,3085
6312,3400
6312,3490
6312,3865
6312,4200
6312,4410
6312,4752
6312,6367
6313,77
6313,304
6313,321
6313,593
6313,711
6313,780
6313,813
6313,951
6313,1050
6313,1058
6313,1113
6313,1178
6313,1210
6313,1330
6313,1357
6313,1414
6313,1415
6313,1453
6313,1472
6313,1524
6313,1796
6313,1798
6313,1907
6313,1959
6313,1999
6313,2106
6313,2124
6313,2129
6313,2198
6313,2239
6313,2310
6313,2370
6313,2571
6313,2575
6313,3225
6313,3226
6313,3510
6313,3538
6313,3593
6313,3693
6313,3748
6313,4086
6313,4147
6313,4210
6313,4253
6313,4376
6313,4384
6313,4535
6313,4680
6313,4806
6313,4864
6313,5015
6313,5048
6313,5132
6313,5286
6313,5404
6313,5689
6313,5732
6313,5799
6313,5881
6313,5955
6313,6039
6313,6098
6313,6484
6313,6537
6313,6551
6313,6678
6313,6702
6313,6707
6313,7071
6313,7401
6313,7464
6313,7501
6313,7535
6313,7537
6313,7572
6313,7582
6313,7607
6314,223
6314,621
6314,1134
6314,1166
6314,1275
6314,1359
6314,1750
6314,2068
6314,2505
6314,2524
6314,2546
6314,2695
6314,2795
6314,3154
6314,3490
6314,3557
6314,3770
6314,3847
6314,4118
6314,4200
6314,4362
6314,4410
6314,4725
6314,4783
6314,4922
6314,5014
6314,5172
6314,5367
6314,5387
6314,5458
6314,5901
6314,6274
6314,6647
6314,7066
6314,7153
6314,7175
6314,7267
6315,23
6315,89
6315,169
6315,369
6315,482
6315,593
6315,1058
6315,1254
6315,1357
6315,1415
6315,1513
6315,1663
6315,1684
6315,1705
6315,1738
6315,1744
6315,1796
6315,1798
6315,1899
6315,2102
6315,2106
6315,2198
6315,2239
6315,2380
6315,2553
6315,2571
6315,2637
6315,2981
6315,3051
6315,3074
6315,3311
6315,3377
6315,3446
6315,3623
6315,3648
6315,4161
6315,4164
6315,4243
6315,4376
6315,4578
6315,4641
6315,5042
6315,5070
6315,5139
6315,5241
6315,5328
6315,5372
6315,5404
6315,5415
6315,5495
6315,5649
6315,5707
6315,5799
6315,5816
6315,5881
6315,5979
6315,5982
6315,6082
6315,6397
6315,6414
6315,6551
6315,6597
6315,6678
6315,6692
6315,6702
6315,7003
6315,7010
6315,7021
6315,7103
6315,7247
6315,7320
6315,7353
6315,7369
6315,7395
6315,7428
6315,7477
6315,7572
6315,7607
6316,53
6316,242
6316,665
6316,1035
6316,1515
6316,2347
6316,2353
6316,2379
6316,3244
6316,4238
6316,4646
6316,4786
6316,5382
6316,5402
6316,5821
6316,6307
6316,7155
6316,7221
6316,7508
6317,3200
6317,4597
6317,4929
6317,6167
6317,7199
6317,7326
6318,1261
6318,3222
6318,3227
6318,4628
6318,4906
6318,4922
6318,5458
6319,369
6319,593
6319,2365
6319,4384
6319,6702
6319,7568
6320,2111
6320,5063
6320,6458
6320,6481
6320,7250
6321,42
6321,593
6321,1178
6321,1415
6321,1899
6321,2198
6321,2868
6321,3693
6321,4071
6321,4662
6321,5042
6321,5048
6321,5070
6321,5398
6321,5404
6321,5816
6321,5881
6321,6551
6321,6887
6321,7501
6322,258
6322,593
6322,2198
6322,3185
6322,3277
6322,4578
6322,5797
6322,6678
6322,6702
6322,7395
6323,485
6323,1457
6323,1458
6323,6450
6323,6807
6324,56
6324,135
6324,664
6324,1015
6324,1242
6324,1288
6324,1440
6324,1543
6324,1565
6324,1822
6324,1953
6324,2035
6324,2282
6324,2297
6324,2815
6324,2836
6324,3094
6324,3852
6324,4104
6324,4275
6324,4291
6324,4332
6324,4471
6324,4677
6324,4720
6324,4866
6324,4997
6324,5024
6324,5086
6324,5434
6324,5548
6324,5789
6324,6573
6324,6755
6324,6819
6324,7034
6324,7450
6324,7475
6324,7497
6324,7620
6325,835
6325,1000
6325,1678
6325,2317
6325,2684
6325,3103
6325,3331
6325,4116
6325,5014
6325,5040
6325,6263
6325,6750
6325,6911
6325,6942
6325,7523
6326,140
6326,1398
6326,1451
6326,1547
6326,2167
6326,2178
6326,2429
6326,3192
6326,3200
6326,3639
6326,3679
6326,3694
6326,3696
6326,3971
6326,4018
6326,4134
6326,4374
6326,4597
6326,4652
6326,4815
6326,4929
6326,4996
6326,5900
6326,6167
6326,6248
6326,6809
6326,6820
6326,6862
6326,7199
6326,7358
6326,7439
6327,2198
6327,2571
6327,4164
6327,4579
6327,4680
6327,5132
6327,5251
6327,5404
6327,6702
6327,7280
6328,86
6328,246
6328,331
6328,462
6328,544
6328,585
6328,769
6328,777
6328,846
6328,980
6328,1032
6328,1036
6328,1198
6328,1297
6328,1359
6328,1522
6328,1669
6328,1764
6328,1904
6328,2000
6328,2210
6328,2214
6328,2222
6328,2612
6328,2739
6328,3026
6328,3040
6328,3313
6328,3329
6328,3336
6328,3469
6328,3531
6328,3557
6328,3618
6328,3631
6328,3911
6328,3913
6328,4027
6328,4178
6328,4320
6328,4362
6328,4482
6328,4555
6328,4725
6328,4757
6328,4824
6328,4904
6328,4908
6328,4986
6328,5014
6328,5091
6328,5301
6328,5604
6328,5630
6328,5743
6328,5907
6328,5971
6328,5986
6328,5992
6328,6179
6328,6198
6328,6263
6328,6293
6328,6298
6328,6310
6328,6370
6328,6460
6328,6491
6328,6619
6328,6633
6328,6777
6328,6851
6328,6868
6328,6967
6328,7039
6328,7045
6328,7153
6328,7191
6328,7193
6328,7195
6328,7200
6328,7288
6328,7375
6328,7376
6328,7576
6328,7579
6329,957
6329,1773
6329,2149
6329,2416
6329,3154
6329,3267
6329,3630
6329,7244
6329,7281
6330,24
6330,319
6330,593
6330,1513
6330,2198
6330,2239
6330,3152
6330,3946
6330,4380
6330,4578
6330,4641
6330,4805
6330,5441
6330,5469
6330,5903
6330,6183
6330,6678
6330,6702
6330,7247
6330,7395
6330,7610
6331,766
6331,780
6331,970
6331,1353
6331,1377
6331,1444
6331,1472
6331,1596
6331,1610
6331,1961
6331,1981
6331,2239
6331,3171
6331,3310
6331,3532
6331,3578
6331,3671
6331,3698
6331,4253
6331,4422
6331,5412
6331,5461
6331,5585
6331,6085
6331,6269
6331,6572
6331,6726
6331,7054
6331,7395
6331,7510
6331,7596
6332,5424
6332,6655
6332,6897
6333,409
6333,2837
6333,3755
6333,5829
6333,6718
6334,3117
6334,6139
6335,85
6335,258
6335,593
6335,789
6335,904
6335,1058
6335,1350
6335,1453
6335,1744
6335,1798
6335,1899
6335,1999
6335,2106
6335,2198
6335,2396
6335,2406
6335,3183
6335,3623
6335,3748
6335,4164
6335,4217
6335,4243
6335,4376
6335,4384
6335,4538
6335,4870
6335,5132
6335,5160
6335,5296
6335,5404
6335,5799
6335,5816
6335,6551
6335,6673
6335,6692
6335,6702
6335,6850
6335,6968
6335,7021
6335,7071
6335,7181
6335,7280
6335,7582
6335,7607
6336,526
6336,2988
6336,3989
6336,6481
6337,150
6337,1338
6337,2083
6337,2585
6337,3038
6337,3354
6337,3993
6337,4025
6337,5358
6337,5671
6337,6051
6337,6606
6337,6674
6337,6845
6337,6991
6338,28
6338,143
6338,306
6338,456
6338,920
6338,1185
6338,1212
6338,1280
6338,1417
6338,1429
6338,1579
6338,1929
6338,2201
6338,2244
6338,2415
6338,2586
6338,2738
6338,2761
6338,3271
6338,3359
6338,3856
6338,4021
6338,4033
6338,4373
6338,5209
6338,5343
6338,5496
6338,5504
6338,5708
6338,6015
6338,6210
6338,6756
6338,6807
6338,6852
6338,7373
6339,934
6339,1185
6339,1655
6339,1695
6339,2155
6339,2208
6339,2863
6339,3260
6339,3378
6339,3540
6339,3793
6339,3883
6339,4094
6339,4869
6339,4913
6339,5403
6339,5796
6339,6230
6340,627
6340,650
6340,1710
6340,1924
6340,2344
6340,3095
6340,3698
6340,4891
6340,5265
6340,5454
6340,6241
6340,6606
6340,7305
6341,162
6341,305
6341,1961
6341,2304
6341,2996
6341,2998
6341,3139
6341,3507
6341,3600
6341,3716
6341,3802
6341,4187
6341,4440
6341,5156
6341,5173
6341,6783
6341,7184
6342,42
6342,1058
6342,1744
6342,1796
6342,2198
6342,2239
6342,3623
6342,3748
6342,4805
6342,5404
6342,5415
6342,5881
6342,6414
6342,6847
6343,419
6343,522
6343,739
6343,899
6343,1002
6343,1024
6343,1082
6343,1236
6343,1591
6343,2095
6343,2117
6343,2294
6343,2309
6343,2685
6343,2778
6343,2819
6343,2887
6343,3247
6343,3257
6343,3807
6343,3923
6343,4013
6343,4217
6343,4345
6343,4650
6343,4791
6343,4812
6343,4828
6343,4848
6343,5061
6343,5133
6343,5327
6343,5568
6343,5595
6343,5932
6343,5958
6343,6175
6343,6289
6343,6371
6343,6759
6343,6983
6343,7398
6344,933
6344,1065
6344,2148
6344,6130
6345,28
6345,269
6345,276
6345,947
6345,1344
6345,1561
6345,1744
6345,1782
6345,2198
6345,2239
6345,2502
6345,2649
6345,2950
6345,3049
6345,3070
6345,3152
6345,3277
6345,3670
6345,4196
6345,4337
6345,4522
6345,4948
6345,5007
6345,5167
6345,5412
6345,5518
6345,5844
6345,5949
6345,6064
6345,7167
6345,7247
6345,7289
6345,7395
6346,407
6346,1180
6346,1314
6346,1393
6346,3148
6346,3877
6346,4063
6346,4432
6346,4437
6346,4690
6346,4841
6346,4898
6346,5159
6346,5207
6346,5570
6346,5767
6346,6053
6346,6826
6346,6869
6346,6995
6346,7074
6346,7168
6346,7183
6346,7495
6347,122
6347,126
6347,204
6347,208
6347,219
6347,315
6347,554
6347,580
6347,581
6347,700
6347,737
6347,824
6347,915
6347,932
6347,968
6347,1099
6347,1115
6347,1124
6347,1244
6347,1256
6347,1262
6347,1392
6347,1664
6347,1737
6347,1772
6347,1841
6347,1920
6347,2079
6347,2133
6347,2140
6347,2318
6347,2388
6347,2391
6347,2528
6347,3391
6347,3569
6347,3741
6347,3879
6347,3892
6347,3939
6347,4005
6347,4143
6347,4208
6347,4226
6347,4237
6347,4251
6347,4426
6347,4599
6347,4849
6347,4923
6347,4974
6347,4984
6347,5131
6347,5271
6347,5410
6347,5439
6347,5611
6347,6111
6347,6138
6347,6153
6347,6194
6347,6199
6347,6480
6347,6623
6347,6653
6347,6975
6347,7264
6347,7285
6347,7314
6347,7347
6347,7460
6347,7565
6348,71
6348,85
6348,212
6348,526
6348,584
6348,683
6348,724
6348,921
6348,1196
6348,1287
6348,1293
6348,1330
6348,1518
6348,1521
6348,1716
6348,1733
6348,2215
6348,2703
6348,2903
6348,2945
6348,3506
6348,3559
6348,4067
6348,4086
6348,4153
6348,4384
6348,4811
6348,4917
6348,5120
6348,5174
6348,6409
6348,6412
6348,6610
6348,6699
6348,6909
6348,7077
6348,7569
6349,3437
6349,4106
6349,4305
6349,4628
6349,5185
6350,1401
6350,3744
6351,514
6351,4762
6352,31
6352,101
6352,530
6352,1248
6352,2165
6352,2662
6352,2833
6352,3239
6352,3437
6352,3461
6352,3633
6352,3729
6352,3819
6352,3869
6352,3949
6352,4106
6352,4305
6352,4665
6352,4935
6352,5035
6352,5794
6352,5872
6352,6554
6352,6813
6352,7538
6352,7594
6353,26
6353,446
6353,739
6353,770
6353,1418
6353,2095
6353,2198
6353,2556
6353,2685
6353,2887
6353,3294
6353,3657
6353,3923
6353,4082
6353,4217
6353,4345
6353,4791
6353,5234
6353,5597
6353,6054
6353,6175
6353,6371
6353,6847
6353,7276
6353,7283
6353,7289
6353,7601
6354,41
6354,42
6354,76
6354,115
6354,138
6354,260
6354,552
6354,593
6354,638
6354,731
6354,836
6354,847
6354,869
6354,1058
6354,1108
6354,1165
6354,1210
6354,1254
6354,1316
6354,1357
6354,1370
6354,1399
6354,1421
6354,1481
6354,1491
6354,1695
6354,1797
6354,1854
6354,1862
6354,1905
6354,1959
6354,2104
6354,2115
6354,2170
6354,2198
6354,2205
6354,2229
6354,2239
6354,2267
6354,2334
6354,2370
6354,2410
6354,2440
6354,2587
6354,2637
6354,2645
6354,2663
6354,2736
6354,2738
6354,2881
6354,2913
6354,2981
6354,3049
6354,3051
6354,3152
6354,3160
6354,3178
6354,3234
6354,3279
6354,3384
6354,3403
6354,3623
6354,3659
6354,3697
6354,3704
6354,3718
6354,3748
6354,3750
6354,3867
6354,4028
6354,4160
6354,4164
6354,4294
6354,4376
6354,4570
6354,4573
6354,4578
6354,4642
6354,4670
6354,4771
6354,4805
6354,4827
6354,4857
6354,5037
6354,5048
6354,5070
6354,5108
6354,5132
6354,5195
6354,5208
6354,5234
6354,5258
6354,5296
6354,5404
6354,5415
6354,5531
6354,5559
6354,5649
6354,5651
6354,5707
6354,5833
6354,5888
6354,5937
6354,6075
6354,6140
6354,6634
6354,6707
6354,6723
6354,6847
6354,6968
6354,7003
6354,7021
6354,7070
6354,7079
6354,7091
6354,7159
6354,7266
6354,7289
6354,7369
6354,7440
6354,7467
6354,7572
6354,7573
6355,237
6355,615
6355,1061
6355,1438
6355,2168
6355,2850
6355,2874
6355,3041
6355,3375
6355,3494
6355,3915
6355,4292
6355,4993
6355,5419
6355,5553
6355,6796
6356,190
6356,3485
6356,4172
6356,5076
6356,5763
6356,6908
6356,7078
6357,7
6357,10
6357,275
6357,324
6357,335
6357,349
6357,570
6357,605
6357,698
6357,749
6357,981
6357,1041
6357,1088
6357,1264
6357,1309
6357,1334
6357,1364
6357,1396
6357,1412
6357,1428
6357,1457
6357,1531
6357,1609
6357,1616
6357,1648
6357,1696
6357,1736
6357,1785
6357,1827
6357,1881
6357,1969
6357,1977
6357,1980
6357,2046
6357,2090
6357,2134
6357,2139
6357,2189
6357,2250
6357,2260
6357,2326
6357,2337
6357,2419
6357,2435
6357,2446
6357,2508
6357,2596
6357,2623
6357,2728
6357,2777
6357,2861
6357,3091
6357,3102
6357,3316
6357,3415
6357,3543
6357,3583
6357,3640
6357,3678
6357,3711
6357,3714
6357,3717
6357,3749
6357,3843
6357,3856
6357,3992
6357,4038
6357,4265
6357,4342
6357,4403
6357,4467
6357,4509
6357,4667
6357,4704
6357,4723
6357,4728
6357,4740
6357,4829
6357,4905
6357,4960
6357,4992
6357,5045
6357,5069
6357,5110
6357,5250
6357,5341
6357,5509
6357,5540
6357,5691
6357,5753
6357,5848
6357,5852
6357,5868
6357,5879
6357,5882
6357,5929
6357,5939
6357,6007
6357,6010
6357,6143
6357,6240
6357,6250
6357,6502
6357,6557
6357,6628
6357,6665
6357,6876
6357,7122
6357,7238
6357,7308
6357,7348
6357,7437
6357,7458
6357,7513
6358,462
6358,585
6358,1032
6358,1198
6358,1372
6358,1745
6358,1764
6358,1802
6358,1893
6358,2222
6358,2612
6358,2977
6358,3014
6358,3125
6358,3260
6358,3313
6358,3329
6358,3492
6358,3557
6358,4362
6358,4482
6358,4757
6358,5417
6358,5743
6358,5749
6358,5948
6358,5986
6358,6209
6358,6293
6358,6491
6358,6619
6358,6719
6358,6851
6358,6868
6358,6967
6358,6986
6358,7153
6358,7375
6359,1155
6360,4007
6360,4209
6361,169
6361,183
6361,534
6361,593
6361,722
6361,1226
6361,1723
6361,1744
6361,1796
6361,1805
6361,1942
6361,1993
6361,2198
6361,2206
6361,2380
6361,2485
6361,2553
6361,3034
6361,3051
6361,3138
6361,3623
6361,3648
6361,3721
6361,4023
6361,4484
6361,4538
6361,4573
6361,4590
6361,4641
6361,4669
6361,4774
6361,4941
6361,5241
6361,5359
6361,5488
6361,5543
6361,5734
6361,6414
6361,6597
6361,6669
6361,6673
6361,6702
6361,6849
6361,6968
6361,6978
6361,7215
6361,7337
6361,7477
6361,7577
6362,256
6362,520
6362,778
6362,948
6362,2064
6362,3104
6362,3447
6362,4814
6362,4978
6362,5793
6362,6130
6362,6231
6362,6598
6362,7055
6362,7162
6362,7264
6363,236
6363,324
6363,412
6363,749
6363,850
6363,1282
6363,1396
6363,1412
6363,1531
6363,1609
6363,1648
6363,1969
6363,1977
6363,2090
6363,2508
6363,2516
6363,2596
6363,2728
6363,2822
6363,2975
6363,3316
6363,3722
6363,4070
6363,4264
6363,4667
6363,4673
6363,4960
6363,4972
6363,5045
6363,5069
6363,5250
6363,5448
6363,5465
6363,5848
6363,5849
6363,5856
6363,5879
6363,5906
6363,6007
6363,6010
6363,6046
6363,6250
6363,6372
6363,6532
6363,6670
6363,7073
6363,7238
6364,271
6364,286
6364,300
6364,623
6364,2082
6364,2141
6364,3945
6364,4377
6364,5244
6365,672
6365,1260
6365,2828
6365,4805
6365,5546
6365,6897
6366,131
6366,257
6366,886
6366,1638
6366,2788
6366,4655
6366,6410
6366,6816
6366,7342
6366,7609
6367,310
6367,356
6367,370
6367,586
6367,1701
6367,2221
6367,2546
6367,2712
6367,2867
6367,3009
6367,3136
6367,3173
6367,3400
6367,3490
6367,3496
6367,3690
6367,3770
6367,3826
6367,4200
6367,4383
6367,4410
6367,4752
6367,4783
6367,5367
6367,5387
6367,5901
6367,6312
6367,7175
6367,7360
6368,910
6369,107
6369,217
6369,411
6369,456
6369,834
6369,964
6369,1139
6369,1212
6369,1315
6369,1361
6369,1472
6369,1603
6369,1725
6369,2062
6369,2084
6369,2211
6369,2239
6369,2588
6369,2648
6369,2678
6369,2701
6369,3013
6369,3194
6369,3224
6369,3515
6369,3559
6369,3878
6369,4031
6369,4098
6369,4259
6369,4294
6369,4376
6369,4569
6369,4719
6369,4745
6369,4940
6369,5188
6369,5216
6369,5321
6369,5368
6369,5433
6369,5614
6369,5953
6369,5997
6369,6079
6369,6119
6369,6210
6369,6411
6369,6417
6369,6511
6369,6563
6369,6733
6369,6898
6369,7072
6369,7128
6369,7196
6369,7359
6369,7556
6370,846
6370,4320
6370,4725
6370,6328
6370,7375
6371,26
6371,419
6371,522
6371,739
6371,1002
6371,1024
6371,1236
6371,1591
6371,2095
6371,2117
6371,2309
6371,2556
6371,2819
6371,2887
6371,3053
6371,3123
6371,3257
6371,3807
6371,3923
6371,4217
6371,4650
6371,4812
6371,4828
6371,4848
6371,4912
6371,5061
6371,5133
6371,5327
6371,5568
6371,5595
6371,6175
6371,6343
6371,6353
6371,6759
6371,6887
6371,6983
6371,7398
6372,324
6372,1412
6372,1609
6372,1977
6372,2187
6372,2508
6372,2596
6372,3021
6372,3316
6372,3640
6372,4070
6372,4412
6372,4667
6372,4883
6372,5045
6372,5250
6372,5272
6372,5436
6372,5465
6372,5856
6372,6250
6372,6363
6372,6532
6372,6765
6372,6965
6372,7073
6373,593
6373,963
6373,5979
6373,6702
6373,6849
6373,7413
6374,932
6374,1237
6374,1392
6374,2399
6374,2528
6374,2538
6374,3201
6374,3361
6374,3572
6374,4237
6374,4399
6374,4861
6374,5124
6374,5279
6374,5762
6374,6138
6374,7405
6375,281
6375,348
6375,354
6375,452
6375,547
6375,594
6375,624
6375,635
6375,792
6375,823
6375,929
6375,1025
6375,1147
6375,1201
6375,1203
6375,1208
6375,1231
6375,1265
6375,1312
6375,1366
6375,1462
6375,1542
6375,1754
6375,1837
6375,1968
6375,1971
6375,2203
6375,2278
6375,2403
6375,2578
6375,2580
6375,2642
6375,2716
6375,2841
6375,2846
6375,2858
6375,3254
6375,3286
6375,3402
6375,3522
6375,3943
6375,4011
6375,4036
6375,4119
6375,4132
6375,4139
6375,4166
6375,4481
6375,4568
6375,4977
6375,4998
6375,5021
6375,5055
6375,5073
6375,5196
6375,5233
6375,5246
6375,5353
6375,5590
6375,5712
6375,6011
6375,6158
6375,6292
6375,6455
6375,6498
6375,6659
6375,6697
6375,6710
6375,6863
6375,6883
6375,6938
6375,6949
6375,7028
6375,7148
6375,7301
6375,7533
6375,7625
6376,256
6376,314
6376,695
6376,708
6376,740
6376,1065
6376,1234
6376,1446
6376,1502
6376,1617
6376,1804
6376,1808
6376,1909
6376,2792
6376,3127
6376,3424
6376,3656
6376,4145
6376,4146
6376,4943
6376,5153
6376,5169
6376,5237
6376,5697
6376,5867
6376,6090
6376,6130
6376,6138
6376,6200
6376,6396
6376,6652
6376,6671
6376,6806
6376,7136
6376,7208
6377,1363
6377,1410
6377,1438
6377,4581
6377,6425
6377,7460
6378,88
6378,100
6378,395
6378,613
6378,896
6378,1052
6378,1143
6378,1181
6378,1362
6378,1496
6378,1832
6378,2041
6378,3344
6378,3767
6378,3778
6378,3956
6378,4189
6378,4378
6378,4451
6378,4501
6378,4577
6378,4687
6378,4817
6378,5009
6378,5226
6378,6041
6378,6048
6378,6748
6378,7304
6379,106
6379,211
6379,248
6379,471
6379,680
6379,1409
6379,1722
6379,2070
6379,2084
6379,2626
6379,2672
6379,3194
6379,3339
6379,4031
6379,4173
6379,4569
6379,4991
6379,5433
6379,5474
6379,5997
6379,6210
6379,6301
6379,7032
6379,7293
6380,7
6380,247
6380,399
6380,441
6380,853
6380,991
6380,1053
6380,1204
6380,1460
6380,1852
6380,2046
6380,2180
6380,2255
6380,2321
6380,3048
6380,3204
6380,3315
6380,3420
6380,3489
6380,3536
6380,3730
6380,3806
6380,3811
6380,3843
6380,4035
6380,4265
6380,4623
6380,5161
6380,5600
6380,5915
6380,5977
6380,6213
6380,6525
6380,6650
6380,6687
6380,6894
6381,24
6381,28
6381,261
6381,319
6381,455
6381,456
6381,522
6381,593
6381,629
6381,633
6381,868
6381,1002
6381,1415
6381,1467
6381,1472
6381,1723
6381,1838
6381,1899
6381,2095
6381,2198
6381,2239
6381,2553
6381,3020
6381,3050
6381,3152
6381,3277
6381,3578
6381,3648
6381,3856
6381,3946
6381,3947
6381,4024
6381,4067
6381,4376
6381,4380
6381,4422
6381,4483
6381,4522
6381,4641
6381,4680
6381,4805
6381,5006
6381,5132
6381,5234
6381,5324
6381,5372
6381,5493
6381,5799
6381,6484
6381,6678
6381,6702
6381,6707
6381,6807
6381,6904
6381,7003
6381,7097
6381,7247
6381,7395
6381,7464
6381,7477
6381,7572
6381,7607
6382,105
6382,456
6382,756
6382,835
6382,1034
6382,1280
6382,1429
6382,1707
6382,2239
6382,2286
6382,2447
6382,3224
6382,3578
6382,3856
6382,6176
6382,6282
6383,767
6383,1732
6383,1867
6383,2114
6383,2192
6383,2250
6383,2260
6383,2281
6383,2324
6383,2327
6383,2754
6383,2822
6383,3090
6383,3523
6383,4236
6383,4300
6383,4566
6383,4666
6383,4728
6383,4949
6383,5164
6383,5245
6383,5448
6383,5497
6383,5512
6383,6465
6383,6552
6383,6679
6383,7013
6383,7014
6383,7060
6383,7258
6383,7407
6384,28
6384,3889
6384,6210
6384,7293
6385,284
6385,983
6385,1233
6385,2757
6385,3563
6385,6653
6385,6657
6386,864
6386,1188
6386,1388
6386,2223
6386,2355
6386,2879
6386,2898
6386,3260
6386,3793
6386,4040
6386,4094
6386,4913
6386,5574
6386,5771
6386,5912
6386,6856
6387,3491
6387,3544
6387,6138
6387,7208
6388,438
6388,526
6388,669
6388,922
6388,971
6388,1019
6388,1568
6388,1645
6388,2005
6388,2093
6388,2198
6388,2376
6388,2581
6388,2904
6388,2917
6388,2935
6388,3273
6388,3510
6388,4116
6388,4442
6388,4653
6388,4715
6388,4754
6388,4805
6388,4858
6388,4989
6388,5064
6388,5193
6388,5234
6388,5264
6388,5335
6388,5340
6388,5453
6388,5544
6388,5719
6388,6038
6388,6464
6388,6512
6388,6569
6388,6570
6388,6668
6388,6909
6388,7130
6388,7135
6388,7233
6388,7250
6388,7312
6389,217
6389,456
6389,526
6389,964
6389,1245
6389,2084
6389,2198
6389,2586
6389,3585
6389,4098
6389,4719
6389,5001
6389,5368
6389,5807
6389,5997
6389,6761
6389,7035
6390,158
6390,491
6390,645
6390,1306
6390,2054
6390,2504
6390,3562
6390,4363
6390,5395
6390,5599
6390,7457
6391,189
6391,275
6391,328
6391,801
6391,1122
6391,1696
6391,1759
6391,1849
6391,1969
6391,2250
6391,2260
6391,2281
6391,2324
6391,2327
6391,2474
6391,2622
6391,2754
6391,3305
6391,3874
6391,4312
6391,4467
6391,4666
6391,4739
6391,4960
6391,5245
6391,6212
6391,6679
6391,6842
6392,1541
6392,1674
6392,1943
6392,2585
6392,3267
6392,3525
6392,4486
6392,5922
6392,6005
6392,6509
6392,7281
6393,45
6393,210
6393,5616
6393,6433
6394,1141
6394,1283
6394,2862
6394,4124
6394,4643
6394,4888
6394,7115
6395,73
6395,198
6395,304
6395,551
6395,919
6395,1293
6395,1682
6395,1896
6395,2143
6395,2215
6395,2299
6395,2529
6395,2993
6395,3330
6395,3503
6395,3559
6395,3607
6395,3895
6395,3959
6395,4037
6395,4097
6395,4153
6395,4384
6395,4469
6395,4490
6395,4584
6395,4801
6395,4952
6395,4987
6395,5218
6395,5420
6395,5464
6395,5467
6395,5513
6395,5650
6395,5676
6395,6086
6395,6105
6395,6411
6395,6412
6395,6660
6395,6828
6395,7067
6395,7131
6395,7196
6395,7269
6395,7296
6395,7330
6395,7468
6396,120
6396,121
6396,355
6396,656
6396,817
6396,1065
6396,1128
6396,1791
6396,1808
6396,1903
6396,1909
6396,2064
6396,2774
6396,4087
6396,4849
6396,5092
6396,5515
6396,5618
6396,5697
6396,5793
6396,5827
6396,5867
6396,6090
6396,6094
6396,6130
6396,6138
6396,6376
6396,6635
6396,6671
6396,6681
6396,7055
6396,7275
6397,89
6397,258
6397,369
6397,593
6397,633
6397,1513
6397,1663
6397,1738
6397,1782
6397,1796
6397,1798
6397,2106
6397,2198
6397,2239
6397,3185
6397,3277
6397,3359
6397,3419
6397,4184
6397,4243
6397,4352
6397,4522
6397,4578
6397,4641
6397,4928
6397,5042
6397,5213
6397,5296
6397,5372
6397,5799
6397,6183
6397,6309
6397,6315
6397,6409
6397,6551
6397,6702
6397,7280
6397,7353
6397,7395
6397,7464
6397,7607
6398,431
6398,482
6398,593
6398,1663
6398,1684
6398,1744
6398,1796
6398,2812
6398,3051
6398,3623
6398,4023
6398,4074
6398,5139
6398,5669
6398,5979
6398,6188
6398,6414
6398,7353
6399,3040
6399,5869
6399,7414
6400,85
6400,192
6400,260
6400,320
6400,369
6400,593
6400,762
6400,774
6400,789
6400,1058
6400,1210
6400,1268
6400,1284
6400,1293
6400,1415
6400,1453
6400,1634
6400,1663
6400,2060
6400,2129
6400,2198
6400,2370
6400,2377
6400,2410
6400,2571
6400,3068
6400,3183
6400,3538
6400,3693
6400,3748
6400,3996
6400,4071
6400,4080
6400,4164
6400,4376
6400,4384
6400,4466
6400,4608
6400,4806
6400,4864
6400,5194
6400,5286
6400,5296
6400,5344
6400,5404
6400,5490
6400,5641
6400,5649
6400,5707
6400,5714
6400,5740
6400,5816
6400,5881
6400,6228
6400,6540
6400,6551
6400,6618
6400,6702
6400,6707
6400,7003
6400,7046
6400,7071
6400,7147
6400,7471
6400,7520
6400,7572
6400,7582
6401,122
6401,187
6401,409
6401,1055
6401,1841
6401,1920
6401,2109
6401,2409
6401,3028
6401,3231
6401,3747
6401,3801
6401,4512
6401,4896
6401,4945
6401,4980
6401,5829
6401,6550
6401,6635
6401,6791
6401,6948
6401,6975
6401,7126
6402,249
6402,1807
6402,2168
6402,2534
6402,2874
6402,5803
6402,7108
6402,7449
6403,211
6403,217
6403,248
6403,269
6403,680
6403,1034
6403,1098
6403,1228
6403,1429
6403,1561
6403,1603
6403,1782
6403,1862
6403,1872
6403,2070
6403,2198
6403,2201
6403,2239
6403,2572
6403,2588
6403,2801
6403,2820
6403,3224
6403,3277
6403,3359
6403,3561
6403,3578
6403,3585
6403,3591
6403,3612
6403,3710
6403,3849
6403,4031
6403,4373
6403,4376
6403,4422
6403,4522
6403,4565
6403,4805
6403,4822
6403,4870
6403,5001
6403,5188
6403,5474
6403,5504
6403,5674
6403,5839
6403,5997
6403,6887
6403,6947
6403,7072
6403,7290
6403,7293
6403,7298
6403,7305
6403,7357
6403,7395
6404,595
6404,667
6404,745
6404,1455
6404,1909
6404,2333
6404,2792
6404,4615
6404,6130
6404,6652
6404,6884
6404,6993
6404,7133
6404,7291
6405,2616
6405,4205
6405,4818
6405,4837
6405,7256
6406,518
6406,582
6406,1108
6406,1344
6406,1561
6406,2239
6406,2287
6406,2342
6406,3070
6406,3080
6406,3152
6406,3710
6406,4159
6406,4182
6406,4458
6406,4746
6406,4771
6406,5007
6406,5056
6406,5412
6406,5764
6406,7127
6407,89
6407,369
6407,593
6407,1210
6407,1663
6407,1723
6407,1744
6407,2198
6407,4384
6407,4578
6407,5982
6407,6414
6407,6673
6407,6678
6407,6702
6407,6706
6407,7280
6408,410
6408,526
6408,683
6408,724
6408,808
6408,911
6408,1196
6408,1291
6408,1317
6408,1340
6408,1382
6408,1518
6408,1601
6408,1642
6408,1655
6408,1733
6408,1919
6408,2026
6408,2111
6408,2122
6408,2175
6408,2186
6408,2273
6408,2404
6408,2423
6408,2461
6408,2536
6408,2558
6408,2632
6408,2798
6408,2856
6408,2945
6408,2987
6408,3078
6408,3114
6408,3496
6408,3506
6408,3510
6408,3539
6408,3725
6408,3784
6408,3902
6408,3985
6408,4057
6408,4067
6408,4206
6408,4304
6408,4541
6408,4624
6408,5170
6408,5231
6408,5264
6408,5301
6408,5312
6408,5648
6408,5832
6408,6036
6408,6193
6408,6296
6408,6512
6408,6547
6408,6569
6408,6630
6408,6672
6408,6699
6408,6713
6408,6715
6408,6769
6408,6909
6408,6922
6408,7077
6408,7135
6408,7322
6408,7328
6408,7512
6408,7608
6409,113
6409,152
6409,201
6409,266
6409,358
6409,446
6409,456
6409,502
6409,538
6409,593
6409,711
6409,770
6409,780
6409,836
6409,905
6409,1058
6409,1093
6409,1097
6409,1165
6409,1170
6409,1330
6409,1351
6409,1432
6409,1453
6409,1472
6409,1652
6409,1744
6409,1875
6409,1915
6409,1927
6409,2039
6409,2089
6409,2198
6409,2205
6409,2206
6409,2239
6409,2294
6409,2310
6409,2334
6409,2377
6409,2406
6409,2471
6409,2513
6409,2521
6409,2571
6409,2587
6409,2649
6409,2730
6409,2855
6409,2913
6409,2972
6409,3049
6409,3050
6409,3074
6409,3081
6409,3138
6409,3190
6409,3206
6409,3269
6409,3322
6409,3373
6409,3384
6409,3438
6409,3542
6409,3578
6409,3692
6409,3720
6409,3844
6409,3855
6409,4095
6409,4109
6409,4161
6409,4164
6409,4278
6409,4296
6409,4376
6409,4384
6409,4573
6409,4680
6409,4805
6409,5091
6409,5097
6409,5132
6409,5148
6409,5234
6409,5258
6409,5286
6409,5350
6409,5386
6409,5446
6409,5470
6409,5543
6409,5669
6409,5740
6409,5853
6409,5904
6409,5936
6409,6004
6409,6022
6409,6066
6409,6287
6409,6348
6409,6397
6409,6649
6409,6702
6409,6705
6409,6740
6409,6759
6409,6777
6409,6907
6409,6980
6409,7091
6409,7096
6409,7127
6409,7174
6409,7203
6409,7215
6409,7239
6409,7276
6409,7277
6409,7288
6409,7339
6409,7527
6409,7604
6410,83
6410,231
6410,4221
6410,4561
6410,6148
6410,6217
6410,6366
6410,6425
6410,6816
6410,7356
6411,20
6411,73
6411,137
6411,305
6411,551
6411,803
6411,1831
6411,1877
6411,1958
6411,2071
6411,2164
6411,2332
6411,2384
6411,2835
6411,3042
6411,3212
6411,3359
6411,3664
6411,3698
6411,3723
6411,4141
6411,4163
6411,4168
6411,4309
6411,4479
6411,5445
6411,5513
6411,5650
6411,6001
6411,6078
6411,6369
6411,6395
6411,6494
6411,6545
6411,6815
6411,7196
6411,7305
6411,7468
6412,71
6412,73
6412,283
6412,287
6412,382
6412,526
6412,584
6412,628
6412,655
6412,683
6412,724
6412,748
6412,921
6412,936
6412,1090
6412,1287
6412,1291
6412,1293
6412,1521
6412,1549
6412,1624
6412,1716
6412,1733
6412,1922
6412,1958
6412,1978
6412,2059
6412,2113
6412,2186
6412,2215
6412,2232
6412,2299
6412,2325
6412,2363
6412,2402
6412,2525
6412,2529
6412,2579
6412,2617
6412,2673
6412,2703
6412,2903
6412,2945
6412,3062
6412,3125
6412,3190
6412,3406
6412,3506
6412,3510
6412,3513
6412,3520
6412,3539
6412,3559
6412,3702
6412,3762
6412,3898
6412,4050
6412,4067
6412,4153
6412,4177
6412,4220
6412,4233
6412,4313
6412,4384
6412,4584
6412,4811
6412,4892
6412,4893
6412,4917
6412,4919
6412,5120
6412,5126
6412,5132
6412,5218
6412,5373
6412,5464
6412,5513
6412,5518
6412,5665
6412,5722
6412,5775
6412,5798
6412,5851
6412,5917
6412,6001
6412,6026
6412,6036
6412,6059
6412,6296
6412,6348
6412,6395
6412,6427
6412,6537
6412,6547
6412,6588
6412,6610
6412,6660
6412,6677
6412,6713
6412,6909
6412,6920
6412,6966
6412,7006
6412,7102
6412,7131
6412,7149
6412,7187
6412,7197
6412,7296
6412,7322
6412,7331
6412,7569
6413,479
6413,2198
6413,3748
6413,4164
6413,6825
6413,7582
6414,24
6414,28
6414,33
6414,42
6414,61
6414,76
6414,77
6414,89
6414,169
6414,183
6414,233
6414,258
6414,267
6414,322
6414,358
6414,366
6414,392
6414,455
6414,522
6414,534
6414,593
6414,599
6414,622
6414,632
6414,633
6414,659
6414,710
6414,722
6414,731
6414,732
6414,774
6414,795
6414,818
6414,836
6414,838
6414,865
6414,868
6414,900
6414,906
6414,924
6414,945
6414,963
6414,1018
6414,1100
6414,1102
6414,1127
6414,1210
6414,1214
6414,1226
6414,1280
6414,1294
6414,1350
6414,1357
6414,1399
6414,1421
6414,1447
6414,1491
6414,1498
6414,1513
6414,1517
6414,1538
6414,1639
6414,1663
6414,1671
6414,1684
6414,1723
6414,1727
6414,1738
6414,1744
6414,1763
6414,1792
6414,1796
6414,1797
6414,1798
6414,1805
6414,1838
6414,1875
6414,1899
6414,1942
6414,1993
6414,1997
6414,2102
6414,2115
6414,2124
6414,2198
6414,2206
6414,2229
6414,2239
6414,2307
6414,2340
6414,2380
6414,2396
6414,2406
6414,2432
6414,2541
6414,2553
6414,2575
6414,2615
6414,2637
6414,2645
6414,2736
6414,2812
6414,2832
6414,2882
6414,2906
6414,2981
6414,3001
6414,3008
6414,3020
6414,3051
6414,3061
6414,3074
6414,3149
6414,3160
6414,3184
6414,3237
6414,3274
6414,3279
6414,3353
6414,3363
6414,3403
6414,3419
6414,3438
6414,3446
6414,3514
6414,3623
6414,3648
6414,3713
6414,3758
6414,3782
6414,3799
6414,3856
6414,3876
6414,3897
6414,3946
6414,3951
6414,3987
6414,4012
6414,4023
6414,4024
6414,4074
6414,4100
6414,4127
6414,4161
6414,4176
6414,4182
6414,4184
6414,4188
6414,4210
6414,4243
6414,4350
6414,4376
6414,4388
6414,4408
6414,4463
6414,4479
6414,4484
6414,4510
6414,4531
6414,4538
6414,4546
6414,4578
6414,4586
6414,4588
6414,4590
6414,4594
6414,4638
6414,4641
6414,4662
6414,4669
6414,4682
6414,4685
6414,4688
6414,4695
6414,4712
6414,4734
6414,4771
6414,4774
6414,4805
6414,4816
6414,4857
6414,4870
6414,4934
6414,4941
6414,4946
6414,4979
6414,5013
6414,5015
6414,5037
6414,5042
6414,5048
6414,5050
6414,5070
6414,5105
6414,5108
6414,5136
6414,5148
6414,5155
6414,5160
6414,5199
6414,5201
6414,5203
6414,5214
6414,5241
6414,5251
6414,5255
6414,5290
6414,5316
6414,5330
6414,5348
6414,5359
6414,5365
6414,5372
6414,5385
6414,5399
6414,5404
6414,5415
6414,5441
6414,5488
6414,5493
6414,5518
6414,5538
6414,5567
6414,5584
6414,5703
6414,5744
6414,5782
6414,5797
6414,5799
6414,5833
6414,5878
6414,5881
6414,5903
6414,5937
6414,5966
6414,5979
6414,5982
6414,6024
6414,6047
6414,6054
6414,6066
6414,6067
6414,6077
6414,6135
6414,6152
6414,6156
6414,6183
6414,6215
6414,6315
6414,6342
6414,6361
6414,6398
6414,6407
6414,6597
6414,6634
6414,6669
6414,6673
6414,6678
6414,6692
6414,6702
6414,6723
6414,6731
6414,6754
6414,6787
6414,6807
6414,6847
6414,6849
6414,6850
6414,6880
6414,6887
6414,6907
6414,6921
6414,6930
6414,6968
6414,6978
6414,7003
6414,7010
6414,7021
6414,7036
6414,7085
6414,7091
6414,7097
6414,7103
6414,7105
6414,7166
6414,7203
6414,7266
6414,7289
6414,7294
6414,7302
6414,7311
6414,7337
6414,7352
6414,7413
6414,7428
6414,7440
6414,7464
6414,7477
6414,7511
6414,7536
6414,7540
6414,7568
6414,7577
6414,7607
6415,35
6415,44
6415,202
6415,929
6415,1033
6415,1553
6415,1576
6415,1844
6415,2020
6415,2088
6415,2188
6415,3244
6415,3321
6415,3541
6415,3556
6415,3568
6415,3694
6415,3857
6415,4389
6415,4396
6415,4468
6415,5892
6415,6307
6415,6697
6415,6762
6415,7358
6415,7499
6415,7571
6416,517
6416,749
6416,828
6416,1037
6416,1122
6416,1360
6416,1434
6416,1531
6416,1648
6416,1696
6416,1759
6416,2019
6416,2090
6416,2098
6416,2132
6416,2187
6416,2250
6416,2260
6416,2324
6416,2596
6416,2822
6416,3065
6416,3116
6416,3316
6416,3722
6416,4236
6416,4412
6416,4704
6416,4739
6416,4758
6416,4960
6416,5028
6416,5164
6416,5245
6416,5512
6416,5692
6416,6143
6416,6164
6416,6502
6416,6842
6416,7073
6417,1
6417,40
6417,143
6417,161
6417,456
6417,483
6417,490
6417,629
6417,881
6417,1066
6417,1194
6417,1486
6417,2113
6417,2145
6417,2298
6417,2415
6417,2626
6417,2648
6417,2809
6417,3077
6417,3339
6417,3503
6417,3990
6417,4173
6417,4259
6417,4735
6417,4940
6417,4952
6417,4987
6417,5022
6417,5216
6417,6369
6417,6452
6417,6588
6417,7032
6417,7330
6417,7359
6418,160
6418,1012
6418,1255
6418,1385
6418,1403
6418,1480
6418,1816
6418,2077
6418,2293
6418,2379
6418,2709
6418,3168
6418,3197
6418,3676
6418,3814
6418,3902
6418,4019
6418,4051
6418,4260
6418,4804
6418,5400
6418,5802
6418,6509
6418,6739
6418,7442
6419,709
6419,884
6419,977
6419,1903
6419,2064
6419,3231
6419,4087
6419,4925
6419,5092
6419,5523
6419,5618
6419,5675
6419,5793
6419,5877
6419,5884
6419,6130
6419,6671
6420,301
6420,764
6420,954
6420,1653
6420,2016
6420,2293
6420,3244
6420,3358
6420,3809
6420,4054
6420,4486
6420,4762
6420,4810
6420,4906
6420,5899
6420,6481
6421,3043
6421,5870
6422,111
6422,495
6422,985
6422,1513
6422,1905
6422,1990
6422,2239
6422,2629
6422,3405
6422,3532
6422,3654
6422,3739
6422,4185
6422,4562
6422,5150
6422,7134
6422,7332
6423,17
6423,656
6423,740
6423,817
6423,884
6423,932
6423,933
6423,982
6423,1065
6423,1256
6423,1567
6423,1737
6423,1791
6423,1909
6423,2168
6423,2350
6423,3431
6423,3684
6423,3879
6423,4110
6423,4146
6423,4237
6423,4763
6423,4800
6423,4943
6423,5140
6423,5421
6423,5515
6423,5827
6423,6113
6423,6286
6423,6550
6423,6561
6423,6635
6423,7037
6423,7275
6423,7343
6423,7355
6423,7460
6423,7491
6424,3
6424,358
6424,552
6424,1284
6424,1382
6424,1744
6424,1875
6424,2198
6424,2334
6424,3049
6424,4116
6424,4805
6424,5132
6424,5209
6424,5888
6424,7096
6425,83
6425,886
6425,1237
6425,1363
6425,1410
6425,1438
6425,1533
6425,4581
6425,6377
6425,6410
6425,6635
6425,6816
6426,705
6426,2901
6426,3503
6426,4674
6426,5993
6426,6030
6427,71
6427,212
6427,283
6427,382
6427,584
6427,683
6427,724
6427,1287
6427,1521
6427,1810
6427,1922
6427,2059
6427,2186
6427,2215
6427,2325
6427,2673
6427,2945
6427,3062
6427,3083
6427,3506
6427,3539
6427,3559
6427,3574
6427,3762
6427,4153
6427,4584
6427,4811
6427,4893
6427,5120
6427,5722
6427,5798
6427,5851
6427,5917
6427,6026
6427,6059
6427,6070
6427,6412
6427,6610
6427,6677
6427,6713
6427,6909
6427,6920
6427,6966
6427,7131
6427,7322
6427,7422
6427,7569
6428,83
6428,222
6428,1055
6428,1124
6428,1433
6428,1676
6428,1823
6428,1920
6428,2409
6428,2710
6428,2720
6428,3231
6428,3747
6428,3801
6428,4237
6428,4980
6428,5421
6428,6791
6428,7243
6428,7356
6429,67
6429,545
6429,827
6429,872
6429,941
6429,988
6429,1051
6429,1331
6429,1534
6429,1536
6429,2051
6429,2496
6429,2830
6429,3396
6429,4501
6429,4587
6429,4628
6429,4810
6429,4875
6429,5035
6429,5238
6429,5326
6429,5746
6429,5838
6429,6031
6429,6773
6429,6817
6429,7620
6430,341
6430,526
6430,552
6430,1047
6430,1361
6430,1472
6430,2461
6430,3114
6430,4067
6430,4376
6430,4806
6430,5404
6430,5641
6430,6047
6430,6909
6431,373
6431,545
6431,1075
6431,1270
6431,1534
6431,3534
6431,4033
6431,4656
6431,5314
6431,6084
6431,6241
6431,6896
6431,7169
6431,7386
6432,52
6432,385
6432,2051
6432,2876
6432,3244
6432,3248
6432,3437
6432,4209
6432,4646
6432,4875
6432,5684
6432,6463
6432,6823
6432,7026
6432,7041
6432,7620
6433,28
6433,43
6433,108
6433,148
6433,160
6433,227
6433,325
6433,364
6433,384
6433,394
6433,402
6433,621
6433,630
6433,676
6433,765
6433,791
6433,859
6433,887
6433,918
6433,962
6433,972
6433,1048
6433,1087
6433,1109
6433,1142
6433,1166
6433,1175
6433,1217
6433,1248
6433,1255
6433,1295
6433,1386
6433,1403
6433,1497
6433,1503
6433,1534
6433,1626
6433,1674
6433,1856
6433,1946
6433,1952
6433,1963
6433,2077
6433,2083
6433,2121
6433,2224
6433,2236
6433,2319
6433,2338
6433,2416
6433,2417
6433,2436
6433,2477
6433,2498
6433,2505
6433,2512
6433,2523
6433,2607
6433,2695
6433,2749
6433,2799
6433,2963
6433,2966
6433,2984
6433,3205
6433,3229
6433,3233
6433,3400
6433,3409
6433,3429
6433,3453
6433,3495
6433,3524
6433,3533
6433,3645
6433,3690
6433,3705
6433,3777
6433,3792
6433,3823
6433,3828
6433,3847
6433,3914
6433,3934
6433,3995
6433,4108
6433,4239
6433,4272
6433,4361
6433,4449
6433,4495
6433,4520
6433,4560
6433,4625
6433,4628
6433,4705
6433,4742
6433,4878
6433,4926
6433,5065
6433,5137
6433,5284
6433,5318
6433,5331
6433,5423
6433,5482
6433,5514
6433,5517
6433,5616
6433,5617
6433,5624
6433,5638
6433,5690
6433,5701
6433,5725
6433,5802
6433,5826
6433,5885
6433,5887
6433,5988
6433,6005
6433,6191
6433,6203
6433,6295
6433,6393
6433,6469
6433,6501
6433,6583
6433,6656
6433,6739
6433,6755
6433,6757
6433,6795
6433,6886
6433,6888
6433,7030
6433,7129
6433,7237
6433,7367
6433,7386
6433,7507
6433,7613
6433,7618
6433,7639
6433,7641
6434,258
6434,1377
6434,1444
6434,1494
6434,1941
6434,2106
6434,2143
6434,2198
6434,2239
6434,3532
6434,3557
6434,4230
6434,5372
6434,6437
6434,6704
6434,7054
6434,7067
6434,7628
6435,6192
6435,7053
6436,195
6436,200
6436,586
6436,873
6436,1338
6436,1441
6436,1496
6436,1556
6436,2041
6436,2121
6436,2136
6436,2315
6436,2422
6436,2497
6436,2803
6436,3086
6436,3244
6436,3467
6436,3630
6436,3647
6436,4209
6436,4225
6436,4232
6436,4239
6436,4410
6436,4628
6436,4939
6436,5440
6436,6501
6436,6807
6436,6817
6437,27
6437,61
6437,259
6437,432
6437,450
6437,495
6437,766
6437,1094
6437,1106
6437,1112
6437,1239
6437,1321
6437,1377
6437,1444
6437,1494
6437,1700
6437,1941
6437,1956
6437,1991
6437,2198
6437,2212
6437,2239
6437,2348
6437,2354
6437,2384
6437,2418
6437,2614
6437,2750
6437,2767
6437,3171
6437,3225
6437,3277
6437,3359
6437,3532
6437,4041
6437,4154
6437,4230
6437,4422
6437,4682
6437,5392
6437,5412
6437,5435
6437,5534
6437,5652
6437,5781
6437,5987
6437,6098
6437,6309
6437,6434
6437,6485
6437,6527
6437,6704
6437,6880
6437,7054
6437,7067
6437,7290
6437,7330
6437,7344
6437,7395
6437,7548
6437,7592
6437,7628
6438,558
6438,1829
6438,2385
6438,2686
6438,3387
6438,3817
6438,4489
6438,4805
6438,4842
6438,5142
6438,5682
6438,7467
6439,1293
6439,2679
6439,3748
6439,3895
6439,4384
6439,6690
6439,7067
6440,1133
6440,1189
6440,1289
6440,1361
6440,3574
6440,3878
6440,5845
6440,6624
6441,214
6441,993
6441,6549
6442,850
6442,914
6442,1969
6442,2975
6442,4667
6442,4960
6442,7238
6443,2051
6443,3175
6443,4875
6443,7434
6444,5484
6444,5634
6444,5664
6445,669
6445,2111
6445,5063
6445,6569
6445,6909
6445,7250
6446,2239
6446,3451
6446,4116
6446,6703
6447,143
6447,226
6447,590
6447,629
6447,875
6447,1776
6447,1975
6447,2043
6447,2145
6447,2626
6447,3532
6447,4422
6447,4987
6447,5936
6447,5993
6447,6063
6447,6578
6447,6775
6447,6854
6447,6901
6447,7032
6447,7290
6447,7330
6447,7510
6448,143
6448,501
6448,597
6448,766
6448,1069
6448,1794
6448,1802
6448,2239
6448,2375
6448,2427
6448,3578
6448,3866
6448,4223
6448,4851
6448,4863
6448,5150
6448,5455
6448,5676
6448,5772
6448,5948
6448,5949
6448,6098
6448,6211
6448,6887
6448,7022
6448,7467
6449,5
6449,77
6449,89
6449,98
6449,152
6449,183
6449,192
6449,254
6449,258
6449,260
6449,304
6449,369
6449,392
6449,431
6449,479
6449,482
6449,593
6449,770
6449,774
6449,789
6449,811
6449,1011
6449,1058
6449,1169
6449,1210
6449,1226
6449,1254
6449,1415
6449,1447
6449,1453
6449,1663
6449,1668
6449,1712
6449,1796
6449,1798
6449,1907
6449,1959
6449,2106
6449,2198
6449,2239
6449,2313
6449,2406
6449,2571
6449,2801
6449,2855
6449,3050
6449,3183
6449,3185
6449,3748
6449,3895
6449,4164
6449,4184
6449,4210
6449,4355
6449,4376
6449,4384
6449,4768
6449,4805
6449,4806
6449,5015
6449,5037
6449,5132
6449,5234
6449,5251
6449,5296
6449,5385
6449,5404
6449,5707
6449,5714
6449,5734
6449,5756
6449,5797
6449,5816
6449,5881
6449,6140
6449,6484
6449,6551
6449,6597
6449,6701
6449,6702
6449,6707
6449,6774
6449,6801
6449,7003
6449,7036
6449,7071
6449,7085
6449,7170
6449,7174
6449,7296
6449,7369
6449,7395
6449,7464
6449,7568
6449,7572
6449,7573
6449,7607
6450,456
6450,485
6450,751
6450,931
6450,1280
6450,1347
6450,1353
6450,1429
6450,1457
6450,1458
6450,1610
6450,1633
6450,1714
6450,1905
6450,1930
6450,1981
6450,2198
6450,2561
6450,2565
6450,2871
6450,3035
6450,3359
6450,3605
6450,3763
6450,3787
6450,3969
6450,4033
6450,4103
6450,4152
6450,5343
6450,5498
6450,6323
6450,6572
6450,6726
6450,6807
6450,7305
6450,7526
6450,7596
6451,20
6451,40
6451,73
6451,269
6451,305
6451,456
6451,474
6451,1113
6451,1184
6451,1185
6451,1453
6451,1603
6451,1938
6451,2198
6451,2205
6451,2239
6451,2250
6451,2332
6451,2586
6451,2738
6451,2801
6451,3073
6451,3224
6451,3469
6451,3689
6451,4080
6451,4157
6451,4301
6451,4302
6451,4373
6451,4422
6451,4479
6451,4729
6451,4918
6451,4940
6451,4958
6451,5001
6451,5070
6451,5082
6451,5132
6451,5346
6451,5445
6451,5772
6451,5807
6451,5993
6451,6001
6451,6078
6451,6579
6451,6618
6451,6761
6451,6904
6451,7072
6451,7330
6451,7395
6451,7481
6452,51
6452,106
6452,107
6452,217
6452,248
6452,490
6452,911
6452,964
6452,1139
6452,1287
6452,1296
6452,1722
6452,2001
6452,2062
6452,2113
6452,2198
6452,2588
6452,2648
6452,2954
6452,3013
6452,3351
6452,4031
6452,4259
6452,4490
6452,4745
6452,5010
6452,5216
6452,5321
6452,5368
6452,5420
6452,5433
6452,6119
6452,6193
6452,6417
6452,6563
6452,6624
6452,6721
6452,6733
6452,6740
6452,6878
6452,7128
6452,7359
6452,7556
6453,1162
6453,1487
6453,1593
6453,1903
6453,2439
6453,3210
6453,3424
6453,3988
6453,4149
6453,4287
6453,4813
6453,4993
6453,5256
6453,5267
6453,5591
6453,5736
6453,6094
6453,6262
6453,7343
6453,7631
6454,1183
6454,1657
6454,2121
6454,4314
6454,5598
6454,6684
6454,7579
6455,68
6455,281
6455,327
6455,354
6455,451
6455,452
6455,547
6455,792
6455,1147
6455,1154
6455,1168
6455,1201
6455,1231
6455,1387
6455,1542
6455,1557
6455,1602
6455,1605
6455,1779
6455,1837
6455,1968
6455,1971
6455,2203
6455,2580
6455,2696
6455,2716
6455,2919
6455,2936
6455,2937
6455,3286
6455,3301
6455,3390
6455,3505
6455,3522
6455,3917
6455,4036
6455,4166
6455,4481
6455,4550
6455,4568
6455,4927
6455,5021
6455,5149
6455,5196
6455,5246
6455,5259
6455,5353
6455,6267
6455,6375
6455,6638
6455,6710
6455,6782
6455,6833
6455,6883
6455,7083
6455,7148
6455,7301
6455,7533
6455,7567
6456,371
6456,798
6456,1085
6456,3200
6456,4134
6456,4339
6456,6167
6456,6809
6456,7199
6457,1678
6457,2239
6458,139
6458,395
6458,438
6458,526
6458,631
6458,669
6458,808
6458,971
6458,1196
6458,1429
6458,1810
6458,2111
6458,2462
6458,2581
6458,2800
6458,2904
6458,2917
6458,3443
6458,4116
6458,4486
6458,4754
6458,4805
6458,5063
6458,5115
6458,5428
6458,5899
6458,6320
6458,6569
6458,6856
6458,6909
6458,7112
6458,7250
6459,1290
6459,1760
6459,2135
6459,2880
6459,7418
6460,160
6460,331
6460,807
6460,918
6460,1950
6460,2872
6460,3524
6460,3824
6460,4362
6460,4518
6460,4867
6460,4878
6460,5318
6460,5422
6460,5458
6460,5604
6460,6328
6460,6493
6460,6501
6460,6821
6460,6886
6460,7455
6460,7498
6460,7621
6461,23
6461,814
6461,1798
6461,1902
6461,2106
6461,3093
6461,4213
6461,6702
6462,89
6462,103
6462,240
6462,616
6462,762
6462,1545
6462,1690
6462,1735
6462,1798
6462,1945
6462,1991
6462,2106
6462,2290
6462,2883
6462,3408
6462,3459
6462,3532
6462,3734
6462,4083
6462,4384
6462,4420
6462,4803
6462,4806
6462,4952
6462,5222
6462,5296
6462,5471
6462,5649
6462,5756
6462,5816
6462,6121
6462,6487
6462,6551
6462,6618
6462,6646
6462,6707
6462,6738
6462,7254
6462,7487
6462,7535
6462,7607
6463,2184
6463,2968
6463,3137
6463,3248
6463,3437
6463,4341
6463,4810
6463,5684
6463,5746
6463,6432
6463,7545
6463,7620
6464,352
6464,526
6464,552
6464,669
6464,760
6464,836
6464,1058
6464,1210
6464,1518
6464,1581
6464,1645
6464,1650
6464,1744
6464,2059
6464,2093
6464,2198
6464,2205
6464,2470
6464,2487
6464,2553
6464,2558
6464,2650
6464,2871
6464,3049
6464,3234
6464,3270
6464,3469
6464,3510
6464,3641
6464,3697
6464,3761
6464,3784
6464,4116
6464,4198
6464,4376
6464,4696
6464,4722
6464,4746
6464,4805
6464,4957
6464,5155
6464,5234
6464,5264
6464,5335
6464,5415
6464,5667
6464,5708
6464,6064
6464,6219
6464,6388
6464,6466
6464,6672
6464,6909
6464,7003
6464,7560
6465,174
6465,189
6465,442
6465,516
6465,517
6465,541
6465,767
6465,928
6465,1016
6465,1054
6465,1346
6465,1504
6465,1685
6465,1709
6465,1717
6465,1867
6465,2099
6465,2114
6465,2132
6465,2250
6465,2260
6465,2324
6465,2389
6465,2474
6465,2609
6465,2635
6465,2643
6465,2754
6465,2822
6465,2854
6465,2861
6465,3006
6465,3090
6465,3116
6465,3217
6465,3291
6465,3305
6465,3316
6465,3324
6465,3392
6465,3401
6465,3523
6465,3529
6465,3558
6465,3805
6465,3820
6465,3825
6465,3874
6465,4256
6465,4264
6465,4496
6465,4566
6465,4666
6465,4751
6465,4949
6465,4956
6465,4960
6465,5164
6465,5497
6465,5588
6465,5825
6465,6091
6465,6124
6465,6257
6465,6383
6465,6479
6465,6520
6465,6648
6465,6666
6465,6913
6465,6997
6465,7013
6465,7014
6465,7060
6465,7118
6465,7124
6465,7144
6465,7272
6465,7366
6465,7407
6465,7470
6465,7630
6465,7648
6466,683
6466,696
6466,777
6466,1418
6466,1453
6466,1581
6466,2205
6466,2375
6466,2487
6466,3183
6466,3270
6466,3469
6466,3542
6466,3559
6466,3641
6466,3784
6466,4067
6466,4384
6466,4696
6466,5080
6466,5098
6466,5234
6466,6219
6466,6464
6466,6769
6466,6880
6466,7102
6466,7164
6466,7289
6466,7296
6467,1561
6467,3152
6467,5083
6468,61
6468,89
6468,258
6468,553
6468,593
6468,732
6468,780
6468,789
6468,1081
6468,1113
6468,1249
6468,1708
6468,1711
6468,1738
6468,1746
6468,2039
6468,2106
6468,2198
6468,2239
6468,2313
6468,2571
6468,2614
6468,2913
6468,3152
6468,3359
6468,3428
6468,3502
6468,3698
6468,3808
6468,4384
6468,4415
6468,4453
6468,4641
6468,4680
6468,4778
6468,4983
6468,5404
6468,5707
6468,5740
6468,5799
6468,5816
6468,6077
6468,6551
6468,6646
6468,6702
6468,6723
6468,6887
6468,7036
6468,7395
6468,7410
6468,7597
6468,7617
6469,268
6469,361
6469,805
6469,2769
6469,3244
6469,3735
6469,4172
6469,4646
6469,4810
6469,6304
6469,6433
6469,6768
6469,7034
6469,7081
6469,7475
6469,7620
6470,835
6470,990
6470,1225
6470,1442
6470,1520
6470,1660
6470,1821
6470,1979
6470,2199
6470,2368
6470,2589
6470,2993
6470,3052
6470,3567
6470,3612
6470,3732
6470,3887
6470,4989
6470,5213
6470,5589
6470,5893
6470,6172
6470,6189
6470,6960
6470,6980
6470,7113
6470,7125
6470,7262
6470,7309
6470,7518
6470,7546
6471,1008
6471,1235
6471,1530
6471,1755
6471,1878
6471,2082
6471,2464
6471,2865
6471,3285
6471,3728
6471,3986
6471,4717
6471,5770
6471,5792
6471,5837
6471,6857
6471,6885
6471,7242
6472,133
6472,406
6472,671
6472,703
6472,1015
6472,1693
6472,3094
6472,3647
6472,3852
6472,3914
6472,4122
6472,4275
6472,4677
6472,4720
6472,4997
6472,5922
6472,6573
6472,6776
6472,7450
6472,7620
6473,549
6473,988
6473,2236
6473,2422
6473,2680
6473,2872
6473,3233
6473,3662
6473,4239
6473,4521
6473,4628
6473,5802
6473,6117
6473,6223
6473,7621
6474,41
6474,967
6474,1058
6474,2558
6474,3962
6474,4376
6474,4805
6475,28
6475,593
6475,622
6475,1744
6475,1797
6475,2198
6475,2239
6475,2406
6475,2553
6475,2615
6475,2634
6475,3049
6475,3704
6475,3799
6475,4188
6475,4376
6475,4578
6475,4594
6475,4805
6475,4816
6475,4954
6475,5013
6475,5255
6475,5328
6475,5415
6475,5441
6475,5584
6475,5937
6475,5982
6475,6669
6475,6673
6475,6702
6475,6807
6475,7003
6475,7266
6475,7464
6476,467
6476,2091
6476,6154
6477,2360
6477,4922
6478,82
6478,2424
6478,2467
6478,3308
6478,3432
6478,3644
6478,3752
6478,3764
6478,4678
6478,6013
6478,6056
6478,6238
6478,6254
6478,6695
6478,6708
6479,340
6479,478
6479,512
6479,1243
6479,1389
6479,1827
6479,2180
6479,2192
6479,2250
6479,2324
6479,2854
6479,3024
6479,3164
6479,3315
6479,3326
6479,3371
6479,4274
6479,4334
6479,4960
6479,5066
6479,5628
6479,5755
6479,6099
6479,6465
6479,7032
6480,126
6480,740
6480,884
6480,932
6480,968
6480,1065
6480,1256
6480,1392
6480,1737
6480,1791
6480,1841
6480,1920
6480,2064
6480,2133
6480,2292
6480,2318
6480,2391
6480,2528
6480,2779
6480,3879
6480,4208
6480,4237
6480,4516
6480,4748
6480,4763
6480,4925
6480,4945
6480,5027
6480,5162
6480,5829
6480,6042
6480,6130
6480,6286
6480,6347
6480,6635
6480,6873
6480,7275
6480,7285
6480,7460
6480,7491
6481,301
6481,429
6481,438
6481,631
6481,669
6481,684
6481,896
6481,1027
6481,1280
6481,1362
6481,1429
6481,1589
6481,2041
6481,2111
6481,2288
6481,2740
6481,2917
6481,3265
6481,3358
6481,3385
6481,3387
6481,3443
6481,3510
6481,3725
6481,3742
6481,3956
6481,3964
6481,3989
6481,4121
6481,4486
6481,4754
6481,5063
6481,5335
6481,5428
6481,5539
6481,5899
6481,6320
6481,6336
6481,6420
6481,6569
6481,6897
6481,6909
6481,7112
6481,7179
6481,7250
6481,7304
6481,7313
6481,7328
6481,7341
6482,256
6482,695
6482,740
6482,1065
6482,1446
6482,1617
6482,1804
6482,1903
6482,2148
6482,3530
6482,4146
6482,4800
6482,4943
6482,5169
6482,6090
6482,6130
6483,5558
6484,61
6484,260
6484,304
6484,479
6484,584
6484,593
6484,766
6484,770
6484,1058
6484,1210
6484,1293
6484,1415
6484,1453
6484,1575
6484,1634
6484,1684
6484,1712
6484,1723
6484,1798
6484,2030
6484,2198
6484,2239
6484,2380
6484,2553
6484,2571
6484,2575
6484,2945
6484,3183
6484,3713
6484,3947
6484,4086
6484,4164
6484,4210
6484,4376
6484,4384
6484,4538
6484,4669
6484,4805
6484,4806
6484,5132
6484,5201
6484,5404
6484,5538
6484,5756
6484,5979
6484,5982
6484,6313
6484,6381
6484,6449
6484,6551
6484,6673
6484,6702
6484,6707
6484,6774
6484,6787
6484,6933
6484,7003
6484,7071
6484,7252
6484,7280
6484,7464
6484,7568
6484,7572
6484,7582
6484,7607
6485,260
6485,1700
6485,2384
6485,3152
6485,3171
6485,3277
6485,3359
6485,3895
6485,6437
6485,7344
6485,7395
6486,576
6486,1790
6486,2049
6486,2461
6486,3115
6486,3469
6486,4376
6486,4541
6486,4670
6486,4805
6486,6945
6486,7116
6487,103
6487,240
6487,903
6487,1040
6487,1218
6487,1268
6487,1444
6487,1540
6487,1735
6487,1862
6487,1991
6487,2106
6487,2194
6487,2239
6487,2620
6487,3171
6487,3408
6487,3608
6487,4080
6487,4174
6487,4230
6487,4355
6487,4384
6487,4420
6487,4474
6487,4877
6487,4952
6487,5039
6487,5095
6487,5222
6487,5404
6487,5707
6487,5740
6487,5799
6487,5816
6487,6121
6487,6297
6487,6462
6487,6551
6487,6618
6487,6658
6487,7008
6487,7114
6487,7501
6487,7535
6487,7593
6488,147
6488,179
6488,221
6488,263
6488,298
6488,398
6488,444
6488,481
6488,510
6488,609
6488,618
6488,653
6488,663
6488,671
6488,679
6488,688
6488,744
6488,782
6488,812
6488,837
6488,855
6488,969
6488,992
6488,1086
6488,1096
6488,1292
6488,1365
6488,1466
6488,1475
6488,1477
6488,1529
6488,1555
6488,1562
6488,1622
6488,1637
6488,1683
6488,1889
6488,1917
6488,1944
6488,2012
6488,2067
6488,2073
6488,2176
6488,2238
6488,2259
6488,2352
6488,2361
6488,2383
6488,2395
6488,2444
6488,2449
6488,2468
6488,2489
6488,2499
6488,2548
6488,2658
6488,2786
6488,2827
6488,2843
6488,2853
6488,2873
6488,2896
6488,2926
6488,3047
6488,3180
6488,3211
6488,3393
6488,3399
6488,3411
6488,3435
6488,3441
6488,3449
6488,3452
6488,3479
6488,3500
6488,3504
6488,3584
6488,3737
6488,4081
6488,4117
6488,4123
6488,4151
6488,4179
6488,4244
6488,4252
6488,4310
6488,4353
6488,4411
6488,4423
6488,4459
6488,4475
6488,4478
6488,4487
6488,4491
6488,4494
6488,4498
6488,4524
6488,4585
6488,4604
6488,4607
6488,4663
6488,4681
6488,4703
6488,4708
6488,4761
6488,4873
6488,4884
6488,4886
6488,4921
6488,4968
6488,5016
6488,5038
6488,5072
6488,5138
6488,5228
6488,5270
6488,5345
6488,5357
6488,5405
6488,5476
6488,5489
6488,5573
6488,5609
6488,5718
6488,5721
6488,5737
6488,5750
6488,5751
6488,5784
6488,5896
6488,6033
6488,6083
6488,6092
6488,6103
6488,6106
6488,6168
6488,6227
6488,6229
6488,6288
6488,6496
6488,6508
6488,6709
6488,6788
6488,6829
6488,6924
6488,6972
6488,7012
6488,7015
6488,7016
6488,7024
6488,7110
6488,7214
6488,7218
6488,7263
6488,7324
6488,7361
6488,7383
6488,7444
6488,7502
6488,7531
6488,7598
6489,103
6489,762
6489,1444
6489,1586
6489,1961
6489,2198
6489,2239
6489,2520
6489,3698
6489,4952
6489,6039
6489,6702
6489,7395
6490,149
6490,305
6490,881
6490,1586
6490,2071
6490,2198
6490,2239
6490,3359
6490,3591
6490,3698
6490,3891
6490,4054
6490,4422
6490,4479
6490,4522
6490,4952
6490,6707
6491,331
6491,462
6491,1032
6491,1132
6491,1522
6491,1688
6491,1934
6491,2254
6491,2978
6491,3349
6491,4078
6491,4362
6491,4482
6491,4824
6491,6263
6491,6328
6491,6358
6491,7153
6491,7200
6492,69
6492,98
6492,260
6492,261
6492,304
6492,345
6492,479
6492,484
6492,593
6492,727
6492,762
6492,795
6492,868
6492,869
6492,951
6492,1058
6492,1067
6492,1210
6492,1211
6492,1293
6492,1370
6492,1415
6492,1431
6492,1485
6492,1592
6492,1634
6492,1663
6492,1668
6492,1712
6492,1798
6492,1833
6492,1842
6492,1908
6492,1959
6492,2010
6492,2048
6492,2107
6492,2115
6492,2128
6492,2129
6492,2198
6492,2521
6492,2571
6492,2592
6492,2600
6492,2659
6492,2671
6492,2921
6492,2981
6492,3132
6492,3172
6492,3235
6492,3347
6492,3357
6492,3363
6492,3403
6492,3456
6492,3548
6492,3646
6492,3693
6492,3748
6492,3756
6492,3782
6492,3897
6492,3951
6492,3958
6492,4090
6492,4164
6492,4210
6492,4257
6492,4303
6492,4352
6492,4376
6492,4384
6492,4392
6492,4608
6492,4616
6492,4630
6492,4642
6492,4787
6492,4806
6492,4816
6492,4847
6492,4877
6492,5054
6492,5070
6492,5344
6492,5404
6492,5468
6492,5518
6492,5612
6492,5646
6492,5679
6492,5707
6492,5740
6492,5816
6492,5859
6492,5881
6492,5976
6492,6100
6492,6215
6492,6540
6492,6551
6492,6702
6492,6801
6492,6804
6492,6843
6492,6877
6492,7003
6492,7023
6492,7071
6492,7166
6492,7210
6492,7464
6492,7465
6492,7553
6492,7568
6492,7572
6492,7607
6493,139
6493,195
6493,202
6493,634
6493,764
6493,896
6493,994
6493,1068
6493,1338
6493,1534
6493,1560
6493,2052
6493,2293
6493,2422
6493,2505
6493,2585
6493,2646
6493,2662
6493,2803
6493,3197
6493,3244
6493,4025
6493,4362
6493,4628
6493,4880
6493,4906
6493,5454
6493,5458
6493,5664
6493,5918
6493,6051
6493,6225
6493,6299
6493,6460
6493,6549
6493,6606
6493,6821
6494,162
6494,229
6494,305
6494,803
6494,1707
6494,2198
6494,2751
6494,3224
6494,3698
6494,4015
6494,4433
6494,5146
6494,5305
6494,5467
6494,5614
6494,6282
6494,6411
6494,7305
6495,941
6495,3244
6495,4025
6495,4906
6496,481
6496,1223
6496,1529
6496,1622
6496,2259
6496,3733
6496,4117
6496,4244
6496,4411
6496,4485
6496,4498
6496,4663
6496,4711
6496,6311
6496,6488
6496,7016
6496,7383
6496,7598
6497,89
6497,258
6497,369
6497,593
6497,633
6497,1206
6497,1663
6497,1798
6497,2198
6497,2239
6497,3105
6497,3185
6497,3277
6497,4928
6497,6551
6497,6673
6497,6702
6497,6887
6497,7097
6497,7280
6497,7353
6497,7395
6497,7440
6497,7464
6497,7607
6498,238
6498,348
6498,396
6498,406
6498,452
6498,546
6498,547
6498,565
6498,574
6498,594
6498,624
6498,799
6498,823
6498,929
6498,1025
6498,1033
6498,1201
6498,1203
6498,1208
6498,1231
6498,1265
6498,1342
6498,1366
6498,1369
6498,1384
6498,1387
6498,1462
6498,1779
6498,1837
6498,1968
6498,1971
6498,2020
6498,2105
6498,2278
6498,2403
6498,2442
6498,2578
6498,2580
6498,2642
6498,2687
6498,2802
6498,2841
6498,2858
6498,3029
6498,3055
6498,3110
6498,3338
6498,3390
6498,3402
6498,3505
6498,3517
6498,3522
6498,3535
6498,3611
6498,3694
6498,3769
6498,3943
6498,4036
6498,4059
6498,4119
6498,4132
6498,4139
6498,4166
6498,4396
6498,4444
6498,4481
6498,4977
6498,5055
6498,5073
6498,5096
6498,5112
6498,5196
6498,5233
6498,5246
6498,5590
6498,5695
6498,5891
6498,5900
6498,5956
6498,6011
6498,6158
6498,6248
6498,6375
6498,6659
6498,6697
6498,6798
6498,6883
6498,6932
6498,6938
6498,6943
6498,6963
6498,6977
6498,7028
6498,7040
6498,7148
6498,7199
6498,7301
6498,7350
6498,7571
6498,7625
6500,42
6500,593
6500,1178
6500,2239
6500,3438
6500,4164
6500,5372
6500,5404
6500,5412
6500,5903
6501,202
6501,918
6501,988
6501,1117
6501,1454
6501,1556
6501,1748
6501,1906
6501,2121
6501,2422
6501,2436
6501,2803
6501,3239
6501,3467
6501,3669
6501,3674
6501,4232
6501,4283
6501,4628
6501,4646
6501,4880
6501,5035
6501,5423
6501,5456
6501,5713
6501,5885
6501,6169
6501,6201
6501,6232
6501,6433
6501,6436
6501,6460
6501,7112
6501,7360
6501,7417
6501,7641
6502,442
6502,516
6502,517
6502,649
6502,749
6502,755
6502,767
6502,786
6502,1016
6502,1272
6502,1434
6502,1759
6502,1766
6502,1863
6502,2006
6502,2019
6502,2098
6502,2099
6502,2114
6502,2260
6502,2312
6502,2419
6502,2681
6502,2717
6502,2806
6502,2822
6502,2925
6502,3065
6502,3356
6502,3628
6502,3820
6502,3840
6502,3874
6502,4554
6502,4619
6502,4666
6502,4676
6502,4704
6502,4728
6502,4741
6502,4751
6502,4758
6502,4949
6502,4956
6502,4960
6502,5329
6502,5529
6502,5653
6502,5692
6502,6104
6502,6164
6502,6357
6502,6416
6502,6679
6502,6772
6502,6784
6502,6997
6502,7060
6502,7255
6502,7284
6502,7348
6502,7402
6502,7470
6502,7566
6503,532
6503,1726
6503,1901
6503,2198
6503,3040
6503,3864
6503,4672
6503,5652
6503,5865
6503,5869
6503,6747
6503,7269
6504,108
6504,150
6504,289
6504,322
6504,403
6504,545
6504,650
6504,1009
6504,1051
6504,1057
6504,1075
6504,1107
6504,1403
6504,1500
6504,1691
6504,2034
6504,2074
6504,2135
6504,2136
6504,2315
6504,2416
6504,2422
6504,2606
6504,2875
6504,3038
6504,3186
6504,3327
6504,3344
6504,3354
6504,3387
6504,3534
6504,3622
6504,3746
6504,3792
6504,3823
6504,3975
6504,3993
6504,4346
6504,4533
6504,4649
6504,4656
6504,4705
6504,4810
6504,5026
6504,5151
6504,5238
6504,5314
6504,5358
6504,5466
6504,5583
6504,5723
6504,5746
6504,5841
6504,6136
6504,6606
6504,6674
6504,6991
6504,7049
6504,7064
6504,7386
6504,7442
6505,593
6505,1058
6505,1663
6505,1684
6505,1744
6505,1899
6505,2198
6505,3692
6505,4578
6505,5037
6505,5255
6505,5296
6505,5404
6505,6702
6505,6830
6505,7280
6506,533
6506,1524
6506,2047
6506,2205
6506,4217
6506,6917
6506,7276
6507,258
6507,369
6507,1293
6507,1453
6507,1663
6507,2039
6507,2215
6507,2377
6507,2911
6507,3183
6507,3408
6507,3698
6507,3895
6507,4376
6507,4384
6507,4578
6507,5296
6507,5404
6507,5816
6507,6760
6507,7067
6507,7296
6507,7535
6507,7572
6507,7607
6508,147
6508,481
6508,561
6508,837
6508,1223
6508,1509
6508,1622
6508,1646
6508,1683
6508,2137
6508,2468
6508,2499
6508,2896
6508,3180
6508,3211
6508,3452
6508,3733
6508,3904
6508,4123
6508,4191
6508,4244
6508,4411
6508,4475
6508,4485
6508,4498
6508,4524
6508,4663
6508,4681
6508,5270
6508,5737
6508,5750
6508,5974
6508,6103
6508,6106
6508,6311
6508,6488
6508,6788
6508,6829
6508,6924
6508,7016
6508,7383
6508,7489
6508,7598
6509,53
6509,197
6509,362
6509,364
6509,454
6509,1480
6509,1515
6509,1629
6509,2224
6509,2347
6509,2473
6509,2523
6509,2680
6509,2840
6509,3046
6509,3219
6509,3525
6509,3957
6509,4646
6509,4804
6509,4994
6509,5517
6509,5802
6509,5894
6509,6392
6509,6418
6509,7145
6509,7155
6510,23
6510,89
6510,103
6510,421
6510,789
6510,810
6510,904
6510,1011
6510,1453
6510,1478
6510,1545
6510,1624
6510,1798
6510,2106
6510,2194
6510,2911
6510,3025
6510,3357
6510,3538
6510,3895
6510,4286
6510,4376
6510,4384
6510,4864
6510,4865
6510,4952
6510,5296
6510,6707
6510,6760
6510,7067
6510,7464
6510,7535
6510,7607
6511,40
6511,137
6511,305
6511,456
6511,616
6511,1185
6511,1347
6511,1586
6511,1757
6511,1877
6511,2146
6511,2164
6511,2565
6511,2663
6511,2738
6511,3339
6511,3359
6511,3591
6511,3698
6511,4173
6511,4422
6511,5513
6511,5984
6511,6369
6511,7032
6512,30
6512,203
6512,499
6512,526
6512,669
6512,808
6512,1058
6512,1084
6512,1291
6512,1601
6512,1645
6512,1761
6512,2026
6512,2111
6512,2234
6512,2279
6512,2402
6512,2567
6512,2732
6512,3443
6512,3457
6512,3510
6512,3725
6512,3742
6512,3962
6512,3964
6512,4115
6512,4116
6512,4503
6512,4573
6512,4609
6512,4805
6512,4957
6512,4990
6512,5115
6512,5170
6512,5264
6512,5335
6512,5739
6512,6036
6512,6388
6512,6408
6512,6569
6512,6572
6512,6630
6512,6715
6512,6909
6512,7077
6512,7130
6512,7135
6512,7250
6512,7318
6513,73
6513,660
6513,1238
6513,1261
6513,1464
6513,1943
6513,2149
6513,3998
6513,4255
6513,4462
6513,5071
6513,5460
6513,5550
6513,6142
6513,6572
6513,6721
6513,7087
6513,7244
6513,7414
6514,193
6514,347
6514,531
6514,577
6514,637
6514,734
6514,805
6514,1043
6514,1288
6514,1440
6514,2184
6514,2245
6514,2282
6514,2297
6514,3094
6514,3222
6514,3303
6514,3571
6514,3735
6514,3829
6514,3968
6514,3972
6514,4000
6514,4104
6514,4275
6514,4332
6514,4646
6514,4677
6514,4720
6514,4850
6514,4997
6514,5024
6514,5434
6514,5558
6514,5624
6514,5631
6514,5656
6514,5861
6514,6025
6514,6049
6514,6169
6514,6573
6514,6577
6514,6612
6514,7051
6514,7261
6514,7316
6514,7450
6514,7497
6514,7562
6514,7606
6514,7620
6515,588
6515,941
6515,1049
6515,1123
6515,1164
6515,1565
6515,1936
6515,2496
6515,3107
6515,3244
6515,3396
6515,3437
6515,3735
6515,4646
6515,5260
6515,5326
6515,5414
6515,5684
6515,6087
6515,6169
6515,6768
6515,7081
6515,7095
6515,7575
6515,7620
6516,621
6516,1166
6516,2386
6516,2583
6516,3524
6516,3824
6516,3942
6516,4118
6516,4878
6516,5026
6516,5172
6516,5458
6516,5680
6516,6886
6517,1035
6517,4108
6518,551
6518,762
6518,881
6518,1239
6518,1296
6518,1444
6518,1976
6518,2158
6518,2239
6518,2299
6518,3171
6518,3226
6518,3330
6518,3532
6518,3895
6518,4080
6518,4952
6518,5412
6518,5816
6518,6297
6518,6646
6518,7269
6518,7289
6518,7330
6518,7510
6518,7535
6519,316
6519,661
6519,928
6519,1264
6519,1272
6519,1391
6519,1630
6519,1685
6519,1709
6519,1803
6519,1983
6519,2281
6519,2387
6519,2768
6519,3272
6519,3324
6519,4300
6519,4539
6519,4666
6519,4739
6519,5555
6519,5588
6519,6046
6519,6679
6519,7061
6519,7566
6519,7630
6520,1531
6520,1732
6520,1759
6520,1827
6520,1849
6520,1867
6520,1969
6520,2037
6520,2099
6520,2114
6520,2250
6520,2260
6520,2281
6520,2324
6520,2327
6520,2474
6520,2754
6520,2822
6520,3006
6520,3371
6520,3528
6520,4056
6520,4236
6520,4256
6520,4300
6520,4312
6520,4539
6520,4666
6520,4739
6520,4949
6520,4960
6520,5028
6520,5245
6520,5512
6520,6046
6520,6465
6520,6552
6520,6679
6520,6842
6520,7014
6520,7124
6521,1270
6521,5506
6521,6549
6522,91
6522,911
6522,953
6522,1030
6522,1069
6522,1094
6522,1337
6522,1426
6522,1493
6522,1739
6522,1978
6522,2418
6522,2427
6522,2783
6522,3250
6522,3455
6522,3607
6522,3671
6522,3821
6522,3925
6522,3927
6522,4042
6522,4358
6522,4519
6522,4707
6522,4902
6522,5179
6522,5785
6522,5917
6522,5987
6522,6059
6522,6118
6522,6128
6522,6211
6522,6547
6522,6770
6522,6872
6522,6920
6522,7054
6522,7480
6523,66
6523,199
6523,365
6523,791
6523,1072
6523,1251
6523,1681
6523,1939
6523,1951
6523,2003
6523,2083
6523,2891
6523,3872
6523,3884
6523,3960
6523,4689
6523,5043
6523,5119
6523,5310
6523,5337
6523,5382
6523,5684
6523,5970
6523,6089
6523,6585
6523,6814
6523,7081
6523,7237
6523,7618
6524,249
6524,355
6524,1149
6524,1692
6524,2168
6524,2217
6524,2413
6524,2534
6524,2874
6524,3135
6524,4005
6524,4202
6524,4322
6524,5803
6524,6144
6524,7108
6524,7449
6525,7
6525,247
6525,337
6525,399
6525,441
6525,890
6525,935
6525,991
6525,1204
6525,1460
6525,1852
6525,2180
6525,2255
6525,2321
6525,2957
6525,3048
6525,3204
6525,3420
6525,3481
6525,3489
6525,3536
6525,3730
6525,3806
6525,3811
6525,3843
6525,4126
6525,4224
6525,4265
6525,4623
6525,4897
6525,5161
6525,5274
6525,5600
6525,5915
6525,5977
6525,5995
6525,6081
6525,6151
6525,6213
6525,6380
6525,6650
6525,6687
6525,6894
6526,24
6526,89
6526,261
6526,319
6526,484
6526,593
6526,622
6526,633
6526,868
6526,947
6526,1058
6526,1081
6526,1100
6526,1206
6526,1467
6526,1561
6526,1663
6526,1746
6526,1838
6526,2102
6526,2198
6526,2239
6526,2614
6526,2832
6526,3020
6526,3152
6526,3277
6526,3578
6526,3856
6526,3946
6526,4127
6526,4380
6526,4522
6526,4588
6526,4630
6526,4641
6526,4642
6526,4670
6526,4682
6526,4768
6526,4805
6526,4870
6526,5006
6526,5013
6526,5050
6526,5054
6526,5132
6526,5234
6526,5324
6526,5372
6526,5392
6526,5441
6526,5493
6526,5518
6526,5584
6526,5679
6526,5799
6526,6551
6526,6678
6526,6702
6526,6707
6526,7003
6526,7150
6526,7247
6526,7395
6526,7477
6527,1108
6527,1427
6527,1444
6527,1658
6527,1961
6527,2198
6527,2239
6527,3152
6527,3277
6527,3394
6527,3532
6527,3698
6527,3710
6527,4080
6527,4422
6527,4522
6527,4952
6527,5007
6527,5412
6527,6437
6527,7395
6527,7599
6528,261
6528,593
6528,2198
6528,4805
6528,5734
6528,6673
6528,6702
6529,368
6529,608
6529,798
6529,1398
6529,1547
6529,1719
6529,2167
6529,2351
6529,3200
6529,3639
6529,3679
6529,3694
6529,3696
6529,3921
6529,3971
6529,4134
6529,4339
6529,4794
6529,4929
6529,4996
6529,5450
6529,5683
6529,5905
6529,6167
6529,6543
6529,6809
6529,6820
6529,7199
6529,7315
6529,7358
6530,2388
6530,4237
6530,4399
6530,7460
6531,308
6531,766
6531,1339
6531,1817
6531,3295
6531,3578
6531,4447
6531,4851
6531,5998
6531,6764
6531,7269
6531,7478
6532,216
6532,324
6532,749
6532,828
6532,1157
6532,1243
6532,1412
6532,1648
6532,1732
6532,1743
6532,1759
6532,1811
6532,1977
6532,2090
6532,2250
6532,2260
6532,2324
6532,2508
6532,2516
6532,2849
6532,2975
6532,3830
6532,4412
6532,4883
6532,4960
6532,5028
6532,5045
6532,5069
6532,5250
6532,5272
6532,5465
6532,5848
6532,5879
6532,6250
6532,6363
6532,6372
6532,6670
6532,7073
6532,7122
6534,189
6534,275
6534,316
6534,328
6534,463
6534,516
6534,801
6534,828
6534,1391
6534,1696
6534,1732
6534,1766
6534,1849
6534,1864
6534,1947
6534,1969
6534,2090
6534,2114
6534,2260
6534,2281
6534,2387
6534,2622
6534,2635
6534,2768
6534,3090
6534,3324
6534,3597
6534,4281
6534,4300
6534,4614
6534,4666
6534,4739
6534,4759
6534,4881
6534,5245
6534,5448
6534,6046
6534,6212
6534,6679
6534,6793
6534,7061
6535,234
6535,2688
6535,6782
6536,91
6536,807
6536,1029
6536,1291
6536,1932
6536,1950
6536,2016
6536,2169
6536,2214
6536,2425
6536,2522
6536,2570
6536,3223
6536,3397
6536,3635
6536,3665
6536,3793
6536,3866
6536,4054
6536,4094
6536,4518
6536,4577
6536,5422
6536,5492
6536,5680
6536,6244
6536,6246
6536,6651
6536,7045
6537,60
6537,85
6537,89
6537,291
6537,304
6537,317
6537,479
6537,552
6537,593
6537,762
6537,789
6537,795
6537,1011
6537,1106
6537,1210
6537,1293
6537,1368
6537,1414
6537,1453
6537,1478
6537,1663
6537,1971
6537,1999
6537,2198
6537,2275
6537,2370
6537,2659
6537,2883
6537,2956
6537,2967
6537,3370
6537,3693
6537,3748
6537,3762
6537,3895
6537,4147
6537,4184
6537,4376
6537,4384
6537,4422
6537,4952
6537,5132
6537,5404
6537,5455
6537,5626
6537,5707
6537,5799
6537,5979
6537,6098
6537,6313
6537,6412
6537,6551
6537,6638
6537,6702
6537,6707
6537,6731
6537,6906
6537,7071
6537,7296
6537,7465
6537,7535
6537,7537
6537,7582
6538,526
6538,1291
6538,2903
6538,3062
6538,3578
6538,3631
6538,4041
6538,4067
6538,4153
6538,5373
6538,5664
6538,5839
6538,5851
6538,6296
6538,6909
6538,7067
6539,164
6540,23
6540,260
6540,369
6540,552
6540,593
6540,841
6540,951
6540,1058
6540,1210
6540,1293
6540,1415
6540,1545
6540,1575
6540,1621
6540,1663
6540,1684
6540,1738
6540,1798
6540,1959
6540,2106
6540,2198
6540,2239
6540,2339
6540,2370
6540,2377
6540,2571
6540,3070
6540,3362
6540,3459
6540,3693
6540,3748
6540,3758
6540,3895
6540,4080
6540,4157
6540,4184
6540,4376
6540,4384
6540,4392
6540,4787
6540,4805
6540,4806
6540,4846
6540,5251
6540,5286
6540,5404
6540,5415
6540,5641
6540,5707
6540,5881
6540,6228
6540,6400
6540,6492
6540,6551
6540,6702
6540,6707
6540,6890
6540,6933
6540,6990
6540,7003
6540,7023
6540,7044
6540,7071
6540,7105
6540,7231
6540,7296
6540,7353
6540,7395
6540,7464
6540,7487
6540,7535
6540,7572
6541,82
6541,2424
6541,3308
6541,3432
6541,4678
6541,6013
6541,6238
6541,6708
6542,2863
6542,2898
6542,3793
6542,4094
6542,4654
6542,4799
6542,4913
6542,5777
6542,5912
6543,1207
6543,1307
6543,1352
6543,1405
6543,1606
6543,1793
6543,2069
6543,2085
6543,2242
6543,2466
6543,2942
6543,3033
6543,3200
6543,3390
6543,3519
6543,4079
6543,4299
6543,4339
6543,4794
6543,5096
6543,5477
6543,5481
6543,5621
6543,5956
6543,6023
6543,6080
6543,6150
6543,6529
6543,6875
6543,6903
6543,7002
6543,7082
6543,7138
6543,7185
6543,7199
6543,7425
6543,7429
6544,544
6544,585
6544,1239
6544,1265
6544,2000
6544,3313
6544,3329
6544,3368
6544,3557
6544,3913
6544,3952
6544,4118
6544,4362
6544,5839
6544,5992
6544,6263
6544,6868
6544,7441
6545,162
6545,229
6545,305
6545,780
6545,1586
6545,1961
6545,2198
6545,2201
6545,2239
6545,2751
6545,3359
6545,3600
6545,3698
6545,3716
6545,3802
6545,4015
6545,4433
6545,4522
6545,5031
6545,5146
6545,5305
6545,5420
6545,6078
6545,6282
6545,6411
6545,7196
6545,7305
6545,7374
6545,7592
6546,47
6546,334
6546,2295
6546,2714
6546,3195
6546,3745
6546,4338
6546,7456
6547,8
6547,71
6547,352
6547,526
6547,728
6547,754
6547,785
6547,911
6547,936
6547,956
6547,1064
6547,1176
6547,1196
6547,1203
6547,1291
6547,1493
6547,1495
6547,1521
6547,1739
6547,1926
6547,2122
6547,2170
6547,2349
6547,2404
6547,2415
6547,2418
6547,2525
6547,2529
6547,2536
6547,2567
6547,2755
6547,2856
6547,2945
6547,3134
6547,3246
6547,3250
6547,3270
6547,3404
6547,3510
6547,3520
6547,3559
6547,3784
6547,3821
6547,3990
6547,4067
6547,4301
6547,4500
6547,4707
6547,4940
6547,5144
6547,5373
6547,5375
6547,5722
6547,5775
6547,5813
6547,5869
6547,6029
6547,6036
6547,6047
6547,6067
6547,6118
6547,6408
6547,6412
6547,6522
6547,6565
6547,6610
6547,6630
6547,6668
6547,6841
6547,6872
6547,6909
6547,7054
6547,7077
6547,7240
6547,7322
6547,7468
6547,7608
6548,159
6548,329
6548,429
6548,523
6548,548
6548,638
6548,648
6548,1175
6548,1252
6548,1394
6548,1436
6548,1618
6548,1731
6548,2081
6548,2213
6548,2527
6548,2574
6548,2631
6548,2997
6548,3351
6548,3709
6548,4255
6548,4462
6548,4823
6548,5183
6548,5315
6548,5379
6548,5499
6548,5550
6548,5571
6548,5778
6548,6123
6548,6142
6548,6558
6548,6721
6548,7087
6548,7267
6548,7414
6549,160
6549,214
6549,549
6549,791
6549,918
6549,993
6549,1130
6549,1134
6549,1175
6549,1253
6549,1295
6549,1403
6549,1416
6549,1750
6549,2014
6549,2160
6549,2165
6549,2799
6549,2872
6549,3159
6549,3327
6549,3467
6549,3674
6549,3869
6549,4361
6549,4633
6549,4867
6549,5400
6549,5423
6549,5616
6549,5723
6549,6245
6549,6441
6549,6493
6549,6521
6549,6994
6549,7334
6549,7382
6549,7442
6549,7621
6550,96
6550,130
6550,177
6550,219
6550,315
6550,409
6550,550
6550,773
6550,815
6550,824
6550,932
6550,997
6550,1115
6550,1262
6550,1303
6550,1772
6550,1835
6550,2140
6550,2168
6550,2181
6550,2182
6550,2350
6550,2388
6550,2394
6550,2456
6550,2528
6550,2605
6550,2726
6550,2779
6550,2790
6550,2850
6550,2943
6550,2949
6550,3231
6550,3258
6550,3361
6550,3366
6550,3601
6550,3684
6550,3774
6550,3801
6550,3879
6550,3885
6550,3988
6550,4144
6550,4208
6550,4271
6550,4443
6550,4599
6550,4615
6550,4647
6550,4684
6550,4748
6550,4896
6550,4950
6550,5011
6550,5025
6550,5027
6550,5030
6550,5140
6550,5163
6550,5279
6550,5439
6550,5537
6550,5547
6550,5759
6550,5762
6550,5934
6550,6111
6550,6138
6550,6194
6550,6286
6550,6401
6550,6423
6550,6718
6550,6928
6550,6935
6550,6937
6550,6948
6550,7011
6550,7165
6550,7405
6550,7460
6551,23
6551,27
6551,69
6551,77
6551,89
6551,124
6551,152
6551,192
6551,201
6551,213
6551,220
6551,235
6551,240
6551,258
6551,259
6551,260
6551,269
6551,293
6551,304
6551,318
6551,346
6551,353
6551,359
6551,366
6551,369
6551,375
6551,415
6551,421
6551,431
6551,446
6551,449
6551,455
6551,469
6551,475
6551,479
6551,482
6551,522
6551,538
6551,542
6551,553
6551,562
6551,566
6551,568
6551,593
6551,599
6551,626
6551,632
6551,633
6551,687
6551,693
6551,711
6551,726
6551,727
6551,731
6551,735
6551,762
6551,774
6551,789
6551,795
6551,811
6551,813
6551,814
6551,841
6551,863
6551,869
6551,903
6551,904
6551,916
6551,939
6551,942
6551,951
6551,955
6551,958
6551,1011
6551,1018
6551,1058
6551,1067
6551,1094
6551,1097
6551,1105
6551,1106
6551,1113
6551,1152
6551,1165
6551,1170
6551,1178
6551,1210
6551,1211
6551,1218
6551,1249
6551,1254
6551,1268
6551,1285
6551,1293
6551,1330
6551,1368
6551,1370
6551,1399
6551,1415
6551,1421
6551,1430
6551,1431
6551,1447
6551,1453
6551,1467
6551,1478
6551,1485
6551,1492
6551,1540
6551,1545
6551,1621
6551,1624
6551,1634
6551,1661
6551,1663
6551,1665
6551,1668
6551,1671
6551,1684
6551,1690
6551,1711
6551,1712
6551,1723
6551,1727
6551,1735
6551,1775
6551,1784
6551,1798
6551,1805
6551,1833
6551,1840
6551,1842
6551,1847
6551,1860
6551,1880
6551,1902
6551,1907
6551,1941
6551,1942
6551,1945
6551,1959
6551,1965
6551,1991
6551,1993
6551,1999
6551,2010
6551,2013
6551,2017
6551,2030
6551,2033
6551,2039
6551,2087
6551,2106
6551,2115
6551,2129
6551,2159
6551,2166
6551,2194
6551,2198
6551,2239
6551,2290
6551,2302
6551,2313
6551,2320
6551,2339
6551,2340
6551,2377
6551,2380
6551,2406
6551,2441
6551,2471
6551,2476
6551,2479
6551,2521
6551,2541
6551,2549
6551,2571
6551,2573
6551,2587
6551,2600
6551,2614
6551,2617
6551,2649
6551,2661
6551,2668
6551,2671
6551,2711
6551,2719
6551,2725
6551,2730
6551,2744
6551,2745
6551,2755
6551,2765
6551,2808
6551,2855
6551,2882
6551,2888
6551,2911
6551,2931
6551,2956
6551,2961
6551,3008
6551,3025
6551,3039
6551,3066
6551,3093
6551,3096
6551,3140
6551,3184
6551,3185
6551,3188
6551,3190
6551,3196
6551,3221
6551,3225
6551,3226
6551,3251
6551,3264
6551,3284
6551,3289
6551,3297
6551,3298
6551,3311
6551,3334
6551,3347
6551,3353
6551,3357
6551,3362
6551,3363
6551,3370
6551,3373
6551,3377
6551,3384
6551,3403
6551,3406
6551,3408
6551,3428
6551,3446
6551,3459
6551,3476
6551,3493
6551,3502
6551,3538
6551,3547
6551,3593
6551,3616
6551,3620
6551,3646
6551,3659
6551,3692
6551,3693
6551,3720
6551,3734
6551,3748
6551,3756
6551,3762
6551,3804
6551,3808
6551,3834
6551,3844
6551,3859
6551,3882
6551,3898
6551,3910
6551,3926
6551,3927
6551,3930
6551,3948
6551,3954
6551,3958
6551,3970
6551,4017
6551,4023
6551,4055
6551,4071
6551,4074
6551,4083
6551,4090
6551,4095
6551,4097
6551,4114
6551,4154
6551,4157
6551,4162
6551,4167
6551,4174
6551,4177
6551,4184
6551,4188
6551,4190
6551,4203
6551,4210
6551,4233
6551,4241
6551,4249
6551,4253
6551,4262
6551,4286
6551,4290
6551,4303
6551,4313
6551,4326
6551,4355
6551,4376
6551,4384
6551,4402
6551,4420
6551,4453
6551,4454
6551,4463
6551,4466
6551,4474
6551,4483
6551,4510
6551,4523
6551,4525
6551,4535
6551,4556
6551,4570
6551,4578
6551,4579
6551,4594
6551,4608
6551,4616
6551,4642
6551,4658
6551,4662
6551,4669
6551,4672
6551,4680
6551,4682
6551,4706
6551,4737
6551,4768
6551,4782
6551,4785
6551,4787
6551,4801
6551,4803
6551,4806
6551,4839
6551,4864
6551,4871
6551,4928
6551,4934
6551,4952
6551,4971
6551,4982
6551,5008
6551,5037
6551,5095
6551,5099
6551,5111
6551,5139
6551,5199
6551,5214
6551,5222
6551,5224
6551,5259
6551,5261
6551,5278
6551,5286
6551,5296
6551,5302
6551,5330
6551,5344
6551,5365
6551,5392
6551,5404
6551,5463
6551,5464
6551,5468
6551,5471
6551,5495
6551,5507
6551,5518
6551,5525
6551,5543
6551,5552
6551,5557
6551,5576
6551,5593
6551,5612
6551,5623
6551,5626
6551,5637
6551,5641
6551,5646
6551,5649
6551,5651
6551,5669
6551,5689
6551,5707
6551,5714
6551,5730
6551,5732
6551,5740
6551,5744
6551,5756
6551,5772
6551,5797
6551,5799
6551,5808
6551,5816
6551,5855
6551,5859
6551,5937
6551,5945
6551,5952
6551,5955
6551,5961
6551,5975
6551,5976
6551,6016
6551,6021
6551,6024
6551,6069
6551,6075
6551,6077
6551,6082
6551,6121
6551,6183
6551,6208
6551,6216
6551,6242
6551,6265
6551,6284
6551,6303
6551,6313
6551,6315
6551,6321
6551,6335
6551,6397
6551,6400
6551,6449
6551,6462
6551,6468
6551,6484
6551,6487
6551,6492
6551,6497
6551,6526
6551,6537
6551,6540
6551,6562
6551,6576
6551,6582
6551,6631
6551,6646
6551,6678
6551,6688
6551,6692
6551,6702
6551,6704
6551,6705
6551,6706
6551,6707
6551,6714
6551,6760
6551,6787
6551,6802
6551,6810
6551,6848
6551,6849
6551,6850
6551,6887
6551,6889
6551,6890
6551,6892
6551,6895
6551,6906
6551,6933
6551,6971
6551,6981
6551,6984
6551,7003
6551,7008
6551,7010
6551,7044
6551,7046
6551,7071
6551,7101
6551,7103
6551,7105
6551,7114
6551,7150
6551,7166
6551,7170
6551,7174
6551,7182
6551,7192
6551,7197
6551,7247
6551,7280
6551,7289
6551,7339
6551,7353
6551,7385
6551,7395
6551,7410
6551,7428
6551,7465
6551,7487
6551,7501
6551,7534
6551,7535
6551,7537
6551,7539
6551,7580
6551,7582
6551,7599
6551,7607
6551,7610
6551,7617
6551,7628
6552,174
6552,517
6552,541
6552,882
6552,1272
6552,1280
6552,1531
6552,1709
6552,1732
6552,1734
6552,1759
6552,1766
6552,1983
6552,2099
6552,2250
6552,2324
6552,2419
6552,2754
6552,2822
6552,2854
6552,2861
6552,3006
6552,3024
6552,3291
6552,3371
6552,3401
6552,3529
6552,3840
6552,3874
6552,4038
6552,4236
6552,4264
6552,4312
6552,4566
6552,4758
6552,5028
6552,5164
6552,5245
6552,5692
6552,5882
6552,6099
6552,6143
6552,6383
6552,6520
6552,6842
6552,7013
6552,7014
6552,7060
6552,7124
6552,7144
6552,7272
6552,7366
6553,85
6553,235
6553,260
6553,304
6553,552
6553,576
6553,593
6553,1210
6553,1357
6553,1368
6553,1414
6553,1453
6553,1572
6553,1575
6553,1631
6553,1884
6553,1959
6553,2106
6553,2198
6553,2370
6553,2522
6553,2855
6553,3183
6553,3334
6553,3710
6553,3748
6553,4109
6553,4164
6553,4216
6553,4376
6553,4384
6553,4466
6553,4680
6553,4714
6553,5037
6553,5132
6553,5212
6553,5296
6553,5304
6553,5351
6553,5404
6553,5707
6553,5881
6553,5987
6553,6193
6553,6707
6553,6954
6553,7151
6553,7277
6553,7553
6553,7572
6553,7582
6553,7612
6554,202
6554,1454
6554,1952
6554,2165
6554,2453
6554,2833
6554,3227
6554,3281
6554,3437
6554,3442
6554,3461
6554,3496
6554,3662
6554,3949
6554,4106
6554,4305
6554,4935
6554,5074
6554,5521
6554,5633
6554,5794
6554,5817
6554,5872
6554,6307
6554,6352
6554,6735
6554,6970
6554,7287
6554,7538
6555,128
6555,252
6555,564
6555,908
6555,1300
6555,1358
6555,1550
6555,2027
6555,2044
6555,2094
6555,2263
6555,2378
6555,2707
6555,2944
6555,3161
6555,3365
6555,3418
6555,3478
6555,4277
6555,4327
6555,4430
6555,4769
6555,4882
6555,5192
6555,5486
6555,5625
6555,5636
6555,5933
6555,6955
6555,7094
6555,7393
6556,67
6556,93
6556,150
6556,195
6556,200
6556,496
6556,650
6556,878
6556,1340
6556,1403
6556,1560
6556,1625
6556,1964
6556,1989
6556,2293
6556,2316
6556,2646
6556,2662
6556,2709
6556,2803
6556,3154
6556,3197
6556,3267
6556,3327
6556,3343
6556,3344
6556,3496
6556,3902
6556,4051
6556,4451
6556,4501
6556,4665
6556,4804
6556,5440
6556,5466
6556,5644
6556,5913
6556,6274
6556,6817
6556,6845
6556,7019
6556,7427
6557,10
6557,349
6557,641
6557,1041
6557,1264
6557,1736
6557,1881
6557,1969
6557,2337
6557,2435
6557,3415
6557,3678
6557,3749
6557,3992
6557,4723
6557,4829
6557,5110
6557,5341
6557,5509
6557,5512
6557,5868
6557,5929
6557,6357
6557,7348
6557,7458
6557,7513
6558,223
6558,329
6558,429
6558,747
6558,1252
6558,1261
6558,1275
6558,1335
6558,1394
6558,1478
6558,1731
6558,1904
6558,1984
6558,2081
6558,2213
6558,2218
6558,2392
6558,2527
6558,2574
6558,3240
6558,3351
6558,3566
6558,3781
6558,4255
6558,4282
6558,4404
6558,4518
6558,4767
6558,4987
6558,5550
6558,5571
6558,5638
6558,6123
6558,6548
6558,6721
6559,78
6559,206
6559,401
6559,459
6559,1332
6559,1694
6559,1781
6559,2022
6559,2050
6559,2139
6559,2369
6559,2472
6559,2503
6559,2842
6559,3288
6559,3350
6559,3416
6559,4099
6559,4515
6559,4911
6559,4981
6559,5113
6559,5252
6559,5416
6559,5607
6559,5681
6559,5871
6559,5954
6559,6018
6559,6220
6559,6239
6559,6273
6559,6858
6559,6865
6559,6918
6559,7484
6559,7642
6559,7645
6560,593
6560,1798
6560,2239
6560,2993
6560,3330
6560,3359
6560,3532
6560,3866
6560,3895
6560,3959
6560,4223
6560,4384
6560,4670
6560,7415
6560,7464
6561,208
6561,603
6561,959
6561,1303
6561,1640
6561,3788
6561,3885
6561,3988
6561,4088
6561,4615
6561,4896
6561,5934
6561,6231
6561,6423
6561,6635
6561,7126
6562,23
6562,85
6562,260
6562,304
6562,593
6562,726
6562,1058
6562,1210
6562,1268
6562,1293
6562,1415
6562,1453
6562,1621
6562,1798
6562,1840
6562,1862
6562,1959
6562,2033
6562,2106
6562,2198
6562,2377
6562,2586
6562,3538
6562,3698
6562,3748
6562,4257
6562,4350
6562,4376
6562,4384
6562,4392
6562,4806
6562,5296
6562,5404
6562,5412
6562,5415
6562,5707
6562,5740
6562,5816
6562,6156
6562,6551
6562,7353
6562,7464
6562,7572
6563,1
6563,40
6563,73
6563,137
6563,143
6563,456
6563,490
6563,1121
6563,1185
6563,1296
6563,1820
6563,1904
6563,2011
6563,2298
6563,2611
6563,2626
6563,2648
6563,2678
6563,2809
6563,3013
6563,3503
6563,4173
6563,4301
6563,4735
6563,4940
6563,5541
6563,5984
6563,6369
6563,6452
6563,6588
6563,7032
6563,7128
6563,7330
6563,7550
6565,521
6565,724
6565,785
6565,1069
6565,1337
6565,1388
6565,1493
6565,1549
6565,1608
6565,1978
6565,2202
6565,2418
6565,2525
6565,3250
6565,3296
6565,3925
6565,3927
6565,4358
6565,4584
6565,4902
6565,5373
6565,5771
6565,5785
6565,5851
6565,5917
6565,5987
6565,6036
6565,6059
6565,6118
6565,6128
6565,6547
6565,6920
6565,7054
6565,7480
6565,7635
6566,77
6566,593
6566,1763
6566,2198
6566,3185
6566,3859
6566,4402
6566,4510
6566,6702
6566,7150
6567,481
6567,4047
6567,4244
6567,4485
6567,4604
6567,6106
6567,7024
6568,946
6568,1280
6568,3419
6568,5708
6569,15
6569,30
6569,352
6569,438
6569,526
6569,600
6569,669
6569,775
6569,808
6569,809
6569,892
6569,911
6569,922
6569,971
6569,994
6569,1084
6569,1196
6569,1291
6569,1919
6569,1973
6569,2026
6569,2041
6569,2059
6569,2092
6569,2111
6569,2273
6569,2279
6569,2363
6569,2402
6569,2404
6569,2529
6569,2536
6569,2581
6569,2673
6569,2856
6569,2904
6569,2920
6569,2965
6569,3078
6569,3250
6569,3270
6569,3271
6569,3385
6569,3443
6569,3457
6569,3587
6569,3702
6569,3725
6569,3786
6569,3839
6569,3896
6569,3962
6569,3964
6569,4069
6569,4115
6569,4116
6569,4206
6569,4442
6569,4629
6569,4653
6569,4747
6569,4754
6569,4917
6569,4989
6569,4990
6569,5002
6569,5063
6569,5115
6569,5170
6569,5264
6569,5295
6569,5335
6569,5384
6569,5428
6569,5445
6569,5544
6569,5739
6569,6036
6569,6038
6569,6131
6569,6174
6569,6196
6569,6243
6569,6388
6569,6408
6569,6445
6569,6458
6569,6481
6569,6512
6569,6630
6569,6715
6569,6909
6569,6916
6569,7047
6569,7077
6569,7130
6569,7250
6569,7312
6569,7322
6569,7328
6569,7459
6569,7512
6569,7608
6570,835
6570,1514
6570,1645
6570,1769
6570,1915
6570,2066
6570,2093
6570,2368
6570,3273
6570,3331
6570,3433
6570,4116
6570,5079
6570,5083
6570,5213
6570,5264
6570,5335
6570,5544
6570,5545
6570,5889
6570,6038
6570,6131
6570,6388
6570,6668
6570,7312
6570,7318
6571,1295
6571,2283
6571,2872
6571,5633
6572,28
6572,40
6572,72
6572,127
6572,149
6572,162
6572,197
6572,287
6572,305
6572,456
6572,471
6572,485
6572,536
6572,573
6572,575
6572,643
6572,750
6572,851
6572,920
6572,931
6572,952
6572,966
6572,970
6572,1060
6572,1174
6572,1182
6572,1183
6572,1185
6572,1253
6572,1270
6572,1280
6572,1285
6572,1347
6572,1353
6572,1429
6572,1457
6572,1495
6572,1534
6572,1544
6572,1563
6572,1596
6572,1610
6572,1627
6572,1633
6572,1666
6572,1689
6572,1714
6572,1777
6572,1820
6572,1904
6572,1905
6572,1930
6572,1961
6572,1981
6572,2117
6572,2179
6572,2250
6572,2488
6572,2547
6572,2561
6572,2565
6572,2613
6572,2626
6572,2746
6572,2795
6572,2801
6572,2871
6572,2908
6572,2941
6572,3022
6572,3035
6572,3054
6572,3109
6572,3179
6572,3256
6572,3269
6572,3271
6572,3310
6572,3339
6572,3473
6572,3531
6572,3577
6572,3605
6572,3654
6572,3685
6572,3697
6572,3698
6572,3712
6572,3744
6572,3750
6572,3763
6572,3765
6572,3787
6572,3789
6572,3816
6572,3832
6572,3916
6572,3928
6572,3969
6572,4033
6572,4103
6572,4173
6572,4185
6572,4187
6572,4217
6572,4294
6572,4295
6572,4373
6572,4386
6572,4390
6572,4407
6572,4436
6572,4464
6572,4909
6572,4959
6572,5191
6572,5364
6572,5402
6572,5433
6572,5437
6572,5454
6572,5461
6572,5504
6572,5615
6572,5654
6572,5661
6572,5694
6572,5843
6572,5949
6572,5953
6572,5963
6572,6015
6572,6079
6572,6085
6572,6105
6572,6119
6572,6134
6572,6198
6572,6237
6572,6251
6572,6269
6572,6282
6572,6331
6572,6450
6572,6512
6572,6513
6572,6579
6572,6600
6572,6629
6572,6722
6572,6726
6572,6730
6572,6784
6572,6807
6572,6911
6572,6996
6572,7184
6572,7351
6572,7365
6572,7406
6572,7409
6572,7503
6572,7526
6572,7550
6572,7596
6572,7633
6572,7639
6573,681
6573,845
6573,1015
6573,1565
6573,2053
6573,2100
6573,2976
6573,3094
6573,3156
6573,3175
6573,3191
6573,3735
6573,4242
6573,4258
6573,4275
6573,4429
6573,5020
6573,5086
6573,5582
6573,5720
6573,6050
6573,6205
6573,6324
6573,6472
6573,6514
6573,7497
6573,7575
6573,7620
6574,1293
6574,3025
6574,4080
6574,4157
6574,4384
6574,4865
6574,4952
6574,5816
6574,6039
6574,6738
6574,7599
6575,769
6575,1359
6575,2000
6575,2210
6575,2613
6575,2741
6575,2795
6575,3329
6575,3368
6575,3557
6575,4482
6575,4555
6575,4725
6575,5014
6575,5604
6575,5971
6575,6179
6575,6967
6575,7039
6575,7153
6575,7191
6575,7193
6575,7375
6575,7376
6575,7579
6576,1058
6576,1908
6576,2198
6576,2848
6576,3311
6576,3748
6576,4113
6576,4164
6576,4376
6576,5404
6576,6551
6576,7320
6576,7582
6577,385
6577,1035
6577,1419
6577,2100
6577,2184
6577,2245
6577,2293
6577,3094
6577,3156
6577,3437
6577,3661
6577,3735
6577,3968
6577,4209
6577,4736
6577,5684
6577,6087
6577,6514
6577,6818
6577,7620
6578,875
6578,1444
6578,1663
6578,2239
6578,2406
6578,2750
6578,3183
6578,3277
6578,3532
6578,3607
6578,4285
6578,4680
6578,4952
6578,6447
6578,6707
6578,7247
6578,7330
6578,7357
6578,7599
6578,7628
6579,269
6579,839
6579,930
6579,1058
6579,1284
6579,2198
6579,2239
6579,4080
6579,4376
6579,5531
6579,6451
6579,6572
6581,62
6581,432
6581,583
6581,625
6581,766
6581,771
6581,1069
6581,1091
6581,1094
6581,1339
6581,1418
6581,1499
6581,1794
6581,1802
6581,2143
6581,2563
6581,2977
6581,2993
6581,3330
6581,3607
6581,3671
6581,3691
6581,3887
6581,3895
6581,4037
6581,4054
6581,4109
6581,4223
6581,4349
6581,4764
6581,4890
6581,5749
6581,5795
6581,5941
6581,5998
6581,6098
6581,6308
6581,6309
6581,7067
6581,7171
6581,7222
6581,7269
6581,7478
6581,7480
6581,7603
6582,188
6582,258
6582,593
6582,1268
6582,1686
6582,1782
6582,2198
6582,2239
6582,2510
6582,2981
6582,3152
6582,3183
6582,3277
6582,3359
6582,3364
6582,3428
6582,3594
6582,3710
6582,3912
6582,4154
6582,4267
6582,4337
6582,4384
6582,4522
6582,4578
6582,5039
6582,5222
6582,5404
6582,5554
6582,5707
6582,5740
6582,5816
6582,6039
6582,6208
6582,6551
6582,6620
6582,6702
6582,6890
6582,7071
6582,7395
6582,7535
6583,46
6583,242
6583,496
6583,941
6583,1035
6583,1534
6583,1556
6583,2293
6583,2379
6583,3086
6583,3107
6583,3227
6583,3352
6583,3437
6583,3571
6583,3949
6583,3953
6583,4065
6583,4089
6583,4238
6583,4689
6583,4738
6583,4935
6583,4961
6583,5035
6583,5391
6583,5414
6583,5563
6583,5684
6583,6433
6583,6682
6583,6768
6583,6813
6583,7041
6583,7155
6583,7205
6583,7292
6583,7620
6584,821
6584,1058
6584,2803
6584,3753
6584,4376
6584,4562
6584,4670
6584,4805
6584,7481
6585,791
6585,1681
6585,3707
6585,5043
6585,5970
6585,6523
6585,7237
6586,1961
6586,2304
6586,2844
6586,3369
6586,3600
6586,5483
6587,19
6587,563
6587,3236
6587,3741
6587,3924
6587,4008
6587,4351
6587,4357
6587,4726
6587,5380
6587,5754
6587,7565
6588,39
6588,75
6588,103
6588,106
6588,107
6588,217
6588,490
6588,551
6588,680
6588,705
6588,780
6588,875
6588,964
6588,1011
6588,1189
6588,1215
6588,1293
6588,1315
6588,1453
6588,1472
6588,1478
6588,1479
6588,1610
6588,1612
6588,1663
6588,1722
6588,1862
6588,1894
6588,2021
6588,2086
6588,2113
6588,2198
6588,2205
6588,2211
6588,2299
6588,2610
6588,2901
6588,2905
6588,2959
6588,2977
6588,3037
6588,3051
6588,3320
6588,3503
6588,3515
6588,3532
6588,3561
6588,3643
6588,3868
6588,3891
6588,3895
6588,4054
6588,4097
6588,4186
6588,4259
6588,4302
6588,4376
6588,4384
6588,4469
6588,4490
6588,4674
6588,4719
6588,4952
6588,5111
6588,5132
6588,5188
6588,5218
6588,5263
6588,5296
6588,5396
6588,5676
6588,5707
6588,5801
6588,5864
6588,6001
6588,6063
6588,6096
6588,6301
6588,6412
6588,6417
6588,6563
6588,6660
6588,6878
6588,6898
6588,6901
6588,7067
6588,7102
6588,7128
6588,7330
6588,7359
6588,7395
6588,7556
6588,7589
6589,1239
6589,2000
6589,3573
6589,4725
6589,4908
6589,5534
6589,6719
6589,7548
6590,223
6590,1174
6590,1252
6590,1335
6590,2081
6590,3333
6590,3351
6590,3494
6590,3566
6590,3744
6590,3969
6590,4282
6590,5506
6590,5550
6590,5571
6590,6123
6590,7295
6591,2976
6591,3175
6591,4866
6591,6819
6591,6979
6591,7575
6591,7620
6592,552
6592,638
6592,654
6592,761
6592,924
6592,1052
6592,1063
6592,1143
6592,1181
6592,1597
6592,1796
6592,2049
6592,2104
6592,2198
6592,2374
6592,2431
6592,2440
6592,2558
6592,2793
6592,2884
6592,3005
6592,3049
6592,3202
6592,3213
6592,3549
6592,3783
6592,3800
6592,3907
6592,4148
6592,4268
6592,4378
6592,4451
6592,4592
6592,4687
6592,4805
6592,4817
6592,5004
6592,5068
6592,5108
6592,5155
6592,5226
6592,5234
6592,5313
6592,5559
6592,5678
6592,6729
6592,7116
6592,7391
6592,7552
6593,485
6593,573
6593,751
6593,920
6593,1076
6593,1125
6593,1347
6593,1457
6593,1714
6593,1905
6593,2163
6593,2565
6593,2835
6593,3042
6593,3473
6593,3600
6593,3744
6593,4103
6593,4295
6593,5191
6593,5209
6593,5498
6593,6730
6593,6852
6593,7173
6593,7526
6594,106
6594,211
6594,248
6594,456
6594,680
6594,1189
6594,1315
6594,1603
6594,1975
6594,2146
6594,2586
6594,3194
6594,3359
6594,3532
6594,3849
6594,4384
6594,4422
6594,4626
6594,4918
6594,5111
6594,5188
6594,5404
6594,6210
6594,6775
6594,6878
6594,7032
6594,7395
6594,7510
6595,268
6595,361
6595,805
6595,2769
6596,309
6596,593
6596,868
6596,2000
6596,2198
6596,4230
6596,4243
6596,4943
6596,5324
6597,85
6597,183
6597,260
6597,369
6597,431
6597,552
6597,593
6597,599
6597,924
6597,1097
6597,1226
6597,1421
6597,1513
6597,1796
6597,1798
6597,1805
6597,1899
6597,1993
6597,2198
6597,2239
6597,2313
6597,2340
6597,2380
6597,2553
6597,2575
6597,2981
6597,3039
6597,3051
6597,3138
6597,3623
6597,3659
6597,3721
6597,3748
6597,4376
6597,4402
6597,4465
6597,4526
6597,4538
6597,4669
6597,4805
6597,4806
6597,4870
6597,5042
6597,5139
6597,5234
6597,5359
6597,5404
6597,5415
6597,5799
6597,5816
6597,5966
6597,5979
6597,5982
6597,6315
6597,6361
6597,6414
6597,6449
6597,6673
6597,6702
6597,6707
6597,7003
6597,7085
6597,7231
6597,7464
6597,7568
6597,7582
6597,7607
6598,520
6598,778
6598,1455
6598,1537
6598,1762
6598,1995
6598,2333
6598,2590
6598,2943
6598,3084
6598,3104
6598,3258
6598,4145
6598,4951
6598,4978
6598,5927
6598,6130
6598,6362
6598,7291
6599,150
6599,241
6599,1338
6599,1403
6599,1450
6599,2052
6599,2315
6599,2539
6599,2709
6599,3107
6599,3197
6599,3615
6599,4051
6599,5047
6599,5802
6599,6957
6599,7427
6599,7442
6600,28
6600,920
6600,971
6600,1111
6600,1185
6600,1280
6600,1347
6600,1429
6600,1457
6600,1579
6600,1666
6600,1777
6600,1905
6600,2163
6600,2244
6600,2581
6600,2804
6600,2871
6600,3054
6600,3271
6600,3335
6600,3577
6600,4033
6600,4100
6600,4103
6600,4173
6600,4754
6600,5114
6600,5209
6600,5343
6600,5364
6600,5437
6600,5496
6600,5708
6600,6237
6600,6572
6600,6807
6600,6844
6600,7526
6601,758
6601,995
6601,1488
6601,1604
6601,3376
6601,3516
6601,3563
6601,3880
6601,3941
6601,4280
6601,4673
6601,5686
6601,6163
6601,6653
6601,7236
6602,38
6602,453
6602,569
6602,779
6602,1459
6602,2189
6602,2552
6602,3032
6602,3570
6602,5662
6602,6275
6602,6965
6602,7368
6603,174
6603,649
6603,2098
6603,2389
6603,3217
6603,3392
6603,3558
6603,4300
6603,5588
6603,5828
6603,6648
6603,7060
6603,7124
6604,48
6604,258
6604,411
6604,604
6604,1098
6604,1872
6604,2198
6604,2239
6604,2572
6604,2820
6604,3277
6604,3561
6604,3578
6604,4522
6604,4682
6604,4822
6604,5404
6604,5474
6604,6210
6604,6707
6604,7357
6604,7395
6604,7510
6605,2451
6606,93
6606,373
6606,496
6606,872
6606,1107
6606,1338
6606,1381
6606,1443
6606,1534
6606,1541
6606,1964
6606,2254
6606,2422
6606,2505
6606,2585
6606,2646
6606,2803
6606,2875
6606,3145
6606,3355
6606,3525
6606,4025
6606,4328
6606,4501
6606,4810
6606,4906
6606,5454
6606,6051
6606,6337
6606,6340
6606,6493
6606,6504
6606,6633
6606,6813
6606,6817
6606,7427
6606,7473
6607,491
6607,645
6607,890
6607,1053
6607,1213
6607,1306
6607,1411
6607,1852
6607,1895
6607,2054
6607,2180
6607,2250
6607,2321
6607,2504
6607,3057
6607,3315
6607,3843
6607,4126
6607,4133
6607,4640
6607,5395
6607,5427
6607,5599
6607,6127
6607,6151
6607,6650
6607,6763
6607,6764
6607,6871
6607,7306
6608,139
6608,1280
6608,2252
6608,2705
6608,6269
6608,7251
6608,7329
6608,7332
6609,74
6609,221
6609,398
6609,425
6609,481
6609,510
6609,561
6609,578
6609,609
6609,618
6609,619
6609,663
6609,671
6609,685
6609,746
6609,782
6609,943
6609,1223
6609,1292
6609,1365
6609,1509
6609,1529
6609,1562
6609,1858
6609,1917
6609,2012
6609,2073
6609,2238
6609,2383
6609,2395
6609,2398
6609,2444
6609,2449
6609,2491
6609,2548
6609,2786
6609,2805
6609,2843
6609,2873
6609,2983
6609,3211
6609,3255
6609,3393
6609,3399
6609,3449
6609,3452
6609,3479
6609,3504
6609,3584
6609,4117
6609,4151
6609,4252
6609,4310
6609,4353
6609,4423
6609,4478
6609,4491
6609,4585
6609,4663
6609,4703
6609,4708
6609,4761
6609,4884
6609,5016
6609,5072
6609,5228
6609,5230
6609,5270
6609,5357
6609,5489
6609,5609
6609,5718
6609,5721
6609,5751
6609,5896
6609,5920
6609,5928
6609,5935
6609,5972
6609,6083
6609,6168
6609,6222
6609,6227
6609,6625
6609,6725
6609,6924
6609,6972
6609,7015
6609,7218
6609,7324
6609,7426
6609,7444
6609,7489
6609,7502
6610,73
6610,212
6610,225
6610,260
6610,283
6610,526
6610,551
6610,584
6610,628
6610,683
6610,724
6610,748
6610,921
6610,936
6610,956
6610,1291
6610,1521
6610,1551
6610,1716
6610,1733
6610,1922
6610,1978
6610,2172
6610,2215
6610,2525
6610,2632
6610,2703
6610,2903
6610,2945
6610,3062
6610,3078
6610,3404
6610,3506
6610,3510
6610,3513
6610,3559
6610,3821
6610,3920
6610,3978
6610,4067
6610,4153
6610,4605
6610,4653
6610,4707
6610,4811
6610,4917
6610,5174
6610,5722
6610,5775
6610,5798
6610,6029
6610,6036
6610,6059
6610,6243
6610,6296
6610,6348
6610,6412
6610,6427
6610,6547
6610,6699
6610,6909
6610,6920
6610,7047
6610,7077
6610,7131
6611,85
6611,721
6611,2455
6611,2544
6611,2948
6611,3330
6611,4384
6611,5000
6611,6030
6612,193
6612,209
6612,524
6612,734
6612,3121
6612,3586
6612,3735
6612,4235
6612,4689
6612,4786
6612,5337
6612,5656
6612,6169
6612,6201
6612,6514
6612,6768
6612,7050
6612,7316
6612,7532
6612,7620
6613,435
6613,593
6613,2198
6613,3132
6613,5552
6613,6959
6614,269
6614,319
6614,593
6614,633
6614,1513
6614,2197
6614,2198
6614,2239
6614,2826
6614,3277
6614,3359
6614,3670
6614,3856
6614,3893
6614,3946
6614,4380
6614,4415
6614,4522
6614,5412
6614,5799
6614,6183
6614,6702
6614,6707
6614,6807
6614,7247
6614,7395
6615,304
6615,1961
6615,2239
6615,3302
6615,4282
6615,5643
6615,5790
6615,5999
6616,414
6616,1632
6616,1765
6616,1839
6616,2467
6616,3752
6616,3764
6616,6056
6616,6057
6616,7189
6617,881
6617,1406
6617,2846
6617,3895
6617,4384
6617,4481
6617,4952
6617,5745
6617,6743
6617,6803
6617,7102
6617,7330
6618,85
6618,103
6618,149
6618,201
6618,500
6618,607
6618,727
6618,762
6618,789
6618,795
6618,903
6618,904
6618,942
6618,958
6618,1076
6618,1170
6618,1218
6618,1268
6618,1427
6618,1444
6618,1453
6618,1478
6618,1540
6618,1563
6618,1586
6618,1621
6618,1735
6618,1778
6618,1860
6618,1935
6618,2033
6618,2040
6618,2086
6618,2120
6618,2129
6618,2166
6618,2194
6618,2239
6618,2290
6618,2320
6618,2334
6618,2339
6618,2377
6618,2520
6618,2617
6618,2620
6618,2765
6618,2770
6618,2911
6618,3025
6618,3070
6618,3171
6618,3183
6618,3370
6618,3394
6618,3408
6618,3546
6618,3574
6618,3602
6618,3606
6618,3698
6618,3734
6618,3895
6618,4080
6618,4083
6618,4091
6618,4174
6618,4184
6618,4196
6618,4233
6618,4286
6618,4366
6618,4376
6618,4384
6618,4402
6618,4420
6618,4469
6618,4525
6618,4549
6618,4724
6618,4785
6618,4801
6618,4803
6618,4806
6618,4865
6618,4952
6618,4983
6618,5212
6618,5222
6618,5259
6618,5261
6618,5296
6618,5351
6618,5459
6618,5471
6618,5490
6618,5507
6618,5525
6618,5661
6618,5689
6618,5816
6618,5941
6618,5945
6618,5952
6618,5975
6618,6039
6618,6075
6618,6259
6618,6297
6618,6400
6618,6451
6618,6462
6618,6487
6618,6693
6618,6738
6618,6760
6618,6802
6618,6810
6618,6981
6618,7101
6618,7252
6618,7331
6618,7385
6618,7465
6618,7580
6618,7599
6619,331
6619,462
6619,846
6619,1036
6619,1252
6619,1261
6619,1764
6619,3521
6619,4320
6619,4362
6619,5301
6619,5604
6619,5839
6619,5907
6619,5992
6619,6293
6619,6298
6619,6328
6619,6358
6619,6868
6619,7039
6619,7153
6619,7375
6619,7576
6620,305
6620,1586
6620,1757
6620,1961
6620,2198
6620,2239
6620,2565
6620,2586
6620,2663
6620,3277
6620,3359
6620,3698
6620,3891
6620,4422
6620,4479
6620,4768
6620,4952
6620,6078
6620,6297
6620,6582
6620,7091
6620,7330
6620,7395
6621,195
6621,394
6621,549
6621,941
6621,1248
6621,1416
6621,2014
6621,2078
6621,2422
6621,2512
6621,2585
6621,3154
6621,3168
6621,3267
6621,3729
6621,3819
6621,3869
6621,3949
6621,4361
6621,4405
6621,4521
6621,4665
6621,4738
6621,4867
6621,4906
6621,5221
6621,5872
6621,6031
6622,824
6622,932
6622,1115
6622,3736
6622,4237
6622,7141
6622,7264
6622,7460
6623,4
6623,19
6623,204
6623,273
6623,279
6623,315
6623,332
6623,342
6623,420
6623,557
6623,563
6623,580
6623,581
6623,620
6623,737
6623,871
6623,965
6623,999
6623,1146
6623,1324
6623,1392
6623,1587
6623,1664
6623,1772
6623,1818
6623,1914
6623,2133
6623,2168
6623,2264
6623,2382
6623,2426
6623,2654
6623,2756
6623,2813
6623,3016
6623,3151
6623,3236
6623,3458
6623,3741
6623,3845
6623,3881
6623,3892
6623,3915
6623,3924
6623,3997
6623,4008
6623,4125
6623,4143
6623,4171
6623,4181
6623,4208
6623,4226
6623,4280
6623,4351
6623,4357
6623,4391
6623,4414
6623,4492
6623,4557
6623,4673
6623,4726
6623,4789
6623,4802
6623,4899
6623,5030
6623,5094
6623,5131
6623,5300
6623,5361
6623,5380
6623,5444
6623,5587
6623,5747
6623,5876
6623,5914
6623,6006
6623,6088
6623,6125
6623,6278
6623,6347
6623,6653
6623,6712
6623,6874
6623,7157
6623,7271
6623,7451
6623,7541
6623,7565
6624,73
6624,92
6624,149
6624,502
6624,555
6624,1129
6624,1189
6624,1296
6624,1572
6624,1580
6624,1647
6624,1910
6624,2290
6624,2371
6624,2434
6624,2809
6624,2954
6624,3394
6624,3427
6624,3688
6624,3760
6624,3832
6624,4046
6624,4356
6624,4384
6624,4422
6624,4724
6624,4879
6624,4892
6624,5091
6624,5839
6624,5952
6624,6027
6624,6440
6624,6452
6624,6740
6624,6904
6624,7134
6624,7195
6624,7239
6624,7252
6625,221
6625,298
6625,425
6625,510
6625,561
6625,578
6625,609
6625,618
6625,619
6625,671
6625,685
6625,688
6625,746
6625,782
6625,901
6625,992
6625,1365
6625,1477
6625,1509
6625,1555
6625,1562
6625,1858
6625,2012
6625,2073
6625,2361
6625,2395
6625,2398
6625,2444
6625,2449
6625,2489
6625,2491
6625,2548
6625,2786
6625,2843
6625,2873
6625,2926
6625,2983
6625,3211
6625,3255
6625,3393
6625,3399
6625,3411
6625,3449
6625,3452
6625,3479
6625,3504
6625,3584
6625,3984
6625,4117
6625,4151
6625,4252
6625,4310
6625,4353
6625,4423
6625,4478
6625,4491
6625,4585
6625,4607
6625,4659
6625,4703
6625,4708
6625,4761
6625,4884
6625,4921
6625,4968
6625,5016
6625,5072
6625,5228
6625,5230
6625,5345
6625,5357
6625,5405
6625,5476
6625,5489
6625,5609
6625,5718
6625,5721
6625,5737
6625,5751
6625,5784
6625,5896
6625,5920
6625,5972
6625,6083
6625,6168
6625,6227
6625,6229
6625,6609
6625,6709
6625,6725
6625,7110
6625,7218
6625,7259
6625,7263
6625,7324
6625,7383
6625,7426
6625,7444
6625,7469
6625,7490
6625,7531
6626,1472
6627,28
6627,146
6627,1362
6627,1987
6627,2239
6627,3554
6627,3778
6627,3856
6627,4378
6627,4551
6627,4817
6627,7169
6627,7304
6628,10
6628,1041
6628,1736
6628,1881
6628,1980
6628,2337
6628,2435
6628,2623
6628,3583
6628,3678
6628,3749
6628,3992
6628,4509
6628,4723
6628,4992
6628,5110
6628,5929
6628,6357
6628,7308
6628,7348
6629,930
6629,1076
6629,1078
6629,1905
6629,2244
6629,2565
6629,3109
6629,3473
6629,3724
6629,3744
6629,3969
6629,4033
6629,4103
6629,4295
6629,4407
6629,5661
6629,6572
6629,6920
6629,7173
6630,41
6630,352
6630,526
6630,785
6630,808
6630,911
6630,994
6630,1196
6630,1291
6630,1581
6630,1750
6630,1810
6630,1919
6630,1967
6630,2059
6630,2111
6630,2529
6630,2536
6630,2801
6630,2945
6630,3078
6630,3270
6630,3328
6630,3443
6630,3457
6630,3506
6630,3510
6630,3896
6630,4067
6630,4069
6630,4173
6630,4241
6630,4362
6630,4500
6630,5115
6630,5388
6630,5556
6630,5813
6630,5992
6630,6005
6630,6036
6630,6067
6630,6408
6630,6512
6630,6547
6630,6569
6630,6715
6630,6909
6630,7322
6630,7512
6630,7560
6630,7576
6630,7608
6631,593
6631,762
6631,1492
6631,2198
6631,2239
6631,2979
6631,3171
6631,3594
6631,4706
6631,4806
6631,5404
6631,5707
6631,5816
6631,6039
6631,6121
6631,6551
6631,7071
6631,7395
6632,1767
6632,4729
6632,5503
6633,650
6633,1338
6633,1534
6633,2585
6633,5314
6633,6328
6633,6606
6634,89
6634,258
6634,322
6634,366
6634,369
6634,593
6634,1210
6634,1513
6634,1723
6634,1738
6634,1744
6634,1796
6634,1798
6634,1899
6634,2198
6634,2239
6634,2541
6634,2553
6634,2689
6634,3051
6634,3359
6634,3623
6634,4415
6634,4453
6634,4578
6634,4641
6634,5042
6634,5707
6634,5903
6634,5979
6634,6354
6634,6414
6634,6692
6634,6702
6634,6707
6634,7010
6634,7337
6634,7353
6634,7540
6634,7607
6635,208
6635,409
6635,550
6635,603
6635,699
6635,773
6635,948
6635,959
6635,1162
6635,1303
6635,1323
6635,1537
6635,1640
6635,1728
6635,1823
6635,1828
6635,1841
6635,2109
6635,2168
6635,2182
6635,2196
6635,2439
6635,2534
6635,2788
6635,2790
6635,2850
6635,2943
6635,3041
6635,3266
6635,3366
6635,3375
6635,3474
6635,3601
6635,3684
6635,3774
6635,3788
6635,3885
6635,3988
6635,4005
6635,4599
6635,4610
6635,4615
6635,4727
6635,4896
6635,4950
6635,4984
6635,4993
6635,5162
6635,5429
6635,5815
6635,5884
6635,5934
6635,6144
6635,6194
6635,6231
6635,6396
6635,6401
6635,6423
6635,6425
6635,6480
6635,6561
6635,6718
6635,6855
6635,6928
6635,6937
6635,7009
6635,7126
6635,7165
6635,7268
6635,7282
6635,7530
6636,576
6636,1317
6636,2170
6636,2461
6636,3115
6636,4067
6636,4376
6636,4541
6636,4805
6636,5132
6636,5312
6637,498
6637,984
6637,4254
6638,281
6638,304
6638,354
6638,452
6638,593
6638,766
6638,1147
6638,1168
6638,1201
6638,1415
6638,1472
6638,1524
6638,1754
6638,1837
6638,1971
6638,1999
6638,2198
6638,2203
6638,2531
6638,2580
6638,2913
6638,3171
6638,3370
6638,3402
6638,3418
6638,3438
6638,3578
6638,3748
6638,3943
6638,4090
6638,4119
6638,4210
6638,4241
6638,4359
6638,4568
6638,4680
6638,4864
6638,5470
6638,5853
6638,5931
6638,6039
6638,6098
6638,6158
6638,6455
6638,6537
6638,6646
6638,7046
6638,7147
6638,7148
6638,7296
6638,7573
6639,4906
6640,85
6640,103
6640,369
6640,593
6640,789
6640,1040
6640,1113
6640,1218
6640,1293
6640,1453
6640,1472
6640,1478
6640,1513
6640,1798
6640,2194
6640,2198
6640,2215
6640,2377
6640,2911
6640,3025
6640,3183
6640,3311
6640,3408
6640,3538
6640,3762
6640,3895
6640,3926
6640,4083
6640,4184
6640,4384
6640,4865
6640,4952
6640,5296
6640,5351
6640,6760
6641,7
6641,158
6641,491
6641,645
6641,1213
6641,1411
6641,2054
6641,2504
6641,4363
6641,5236
6641,5395
6641,5599
6641,6127
6641,6151
6641,6871
6641,7378
6642,171
6642,394
6642,432
6642,472
6642,941
6642,1175
6642,1416
6642,2056
6642,2512
6642,2608
6642,2872
6642,3086
6642,3107
6642,3159
6642,3227
6642,3244
6642,3437
6642,4106
6642,4209
6642,4305
6642,4738
6642,4810
6642,4906
6642,4935
6642,5185
6642,5638
6642,7176
6642,7620
6643,330
6643,1216
6643,1921
6643,2301
6643,3129
6643,5770
6643,7192
6645,22
6645,554
6645,995
6645,1079
6645,1656
6645,1953
6645,2226
6645,2240
6645,2654
6645,2757
6645,3391
6645,3741
6645,3881
6645,3924
6645,4143
6645,4280
6645,4673
6645,5686
6645,5774
6645,6125
6645,6653
6645,7437
6646,124
6646,192
6646,240
6646,593
6646,762
6646,795
6646,863
6646,903
6646,1006
6646,1067
6646,1102
6646,1105
6646,1106
6646,1278
6646,1301
6646,1467
6646,1492
6646,1798
6646,1991
6646,2086
6646,2106
6646,2142
6646,2183
6646,2198
6646,2239
6646,2661
6646,2750
6646,2882
6646,2888
6646,3284
6646,3408
6646,3428
6646,3532
6646,3608
6646,4083
6646,4091
6646,4162
6646,4184
6646,4203
6646,4384
6646,4420
6646,4682
6646,4734
6646,4737
6646,4768
6646,4803
6646,4806
6646,4871
6646,4952
6646,5008
6646,5039
6646,5404
6646,5525
6646,5689
6646,5707
6646,5740
6646,5816
6646,5955
6646,6121
6646,6462
6646,6468
6646,6518
6646,6551
6646,6638
6646,6704
6646,6707
6646,6794
6646,6802
6646,6810
6646,7114
6646,7159
6646,7385
6646,7395
6646,7501
6646,7535
6646,7628
6647,1026
6647,1062
6647,1816
6647,1950
6647,1984
6647,2218
6647,2392
6647,2416
6647,2524
6647,3400
6647,3645
6647,4260
6647,4752
6647,5101
6647,5318
6647,5422
6647,5423
6647,5947
6647,6178
6647,6266
6647,6314
6647,6821
6647,7175
6647,7455
6648,649
6648,1630
6648,1709
6648,1717
6648,2250
6648,2281
6648,2389
6648,2806
6648,3217
6648,3371
6648,4300
6648,4539
6648,4666
6648,5588
6648,6091
6648,6104
6648,6465
6648,6603
6648,6679
6648,7014
6648,7255
6648,7630
6649,446
6649,813
6649,1744
6649,1899
6649,2198
6649,2239
6649,2913
6649,3049
6649,3692
6649,3713
6649,4253
6649,4680
6649,5404
6649,5732
6649,6409
6649,7266
6650,7
6650,247
6650,337
6650,399
6650,441
6650,890
6650,935
6650,991
6650,1053
6650,1204
6650,1306
6650,1460
6650,1471
6650,1636
6650,1852
6650,2180
6650,2321
6650,2957
6650,3048
6650,3057
6650,3315
6650,3420
6650,3481
6650,3489
6650,3536
6650,3730
6650,3806
6650,3811
6650,3843
6650,4126
6650,4133
6650,4224
6650,4265
6650,4623
6650,4644
6650,5147
6650,5161
6650,5274
6650,5600
6650,5915
6650,5977
6650,5995
6650,6213
6650,6380
6650,6525
6650,6607
6650,6687
6650,6894
6651,88
6651,100
6651,146
6651,395
6651,752
6651,998
6651,1853
6651,1987
6651,2265
6651,2374
6651,2430
6651,2543
6651,3005
6651,3240
6651,3554
6651,3566
6651,3625
6651,3731
6651,3778
6651,4084
6651,4189
6651,4368
6651,4378
6651,4454
6651,4605
6651,4687
6651,5145
6651,5175
6651,5248
6651,5778
6651,6165
6651,6258
6651,6536
6651,6729
6651,6766
6651,7304
6652,256
6652,314
6652,520
6652,740
6652,871
6652,884
6652,1065
6652,1446
6652,1649
6652,1791
6652,2064
6652,2792
6652,3127
6652,3424
6652,4087
6652,4146
6652,4149
6652,4925
6652,4943
6652,5034
6652,5432
6652,5618
6652,5697
6652,5793
6652,5827
6652,5867
6652,6042
6652,6130
6652,6221
6652,6376
6652,6404
6652,6671
6652,6806
6652,7136
6652,7491
6653,4
6653,22
6653,204
6653,273
6653,284
6653,315
6653,554
6653,557
6653,580
6653,682
6653,737
6653,758
6653,794
6653,871
6653,884
6653,965
6653,995
6653,999
6653,1073
6653,1079
6653,1131
6653,1244
6653,1308
6653,1488
6653,1587
6653,1656
6653,1664
6653,1771
6653,1772
6653,1818
6653,1845
6653,1914
6653,1920
6653,1982
6653,2226
6653,2240
6653,2264
6653,2311
6653,2341
6653,2382
6653,2426
6653,2443
6653,2654
6653,2756
6653,2757
6653,3064
6653,3150
6653,3231
6653,3266
6653,3376
6653,3391
6653,3417
6653,3460
6653,3516
6653,3563
6653,3619
6653,3741
6653,3845
6653,3880
6653,3881
6653,3892
6653,3903
6653,3924
6653,3941
6653,3997
6653,4008
6653,4077
6653,4112
6653,4125
6653,4143
6653,4171
6653,4181
6653,4208
6653,4280
6653,4351
6653,4354
6653,4426
6653,4567
6653,4673
6653,4726
6653,4802
6653,4899
6653,4925
6653,4975
6653,4984
6653,5019
6653,5030
6653,5094
6653,5131
6653,5266
6653,5291
6653,5380
6653,5587
6653,5627
6653,5686
6653,5754
6653,5757
6653,5774
6653,5793
6653,5876
6653,5914
6653,5968
6653,6088
6653,6111
6653,6125
6653,6163
6653,6199
6653,6347
6653,6385
6653,6601
6653,6623
6653,6645
6653,6657
6653,6712
6653,6753
6653,6874
6653,7065
6653,7157
6653,7314
6653,7451
6653,7504
6653,7541
6653,7565
6653,7615
6654,766
6654,3578
6654,6012
6654,6235
6654,7467
6655,961
6655,5424
6655,5428
6655,6332
6655,6897
6656,630
6656,962
6656,1161
6656,1503
6656,1578
6656,2319
6656,2411
6656,2417
6656,2436
6656,2607
6656,2963
6656,2984
6656,3229
6656,3495
6656,3934
6656,3953
6656,4108
6656,4646
6656,4742
6656,5065
6656,5288
6656,5616
6656,5690
6656,5885
6656,5916
6656,6433
6656,7019
6656,7367
6656,7586
6657,284
6657,519
6657,557
6657,1073
6657,1233
6657,2382
6657,4101
6657,4280
6657,4673
6657,5291
6657,5627
6657,6385
6657,6653
6657,7541
6658,593
6658,1102
6658,1280
6658,1421
6658,1429
6658,1492
6658,1738
6658,1798
6658,2013
6658,2198
6658,2239
6658,2736
6658,3221
6658,3428
6658,3459
6658,3856
6658,3947
6658,4164
6658,4768
6658,4806
6658,5042
6658,5258
6658,5344
6658,5404
6658,5740
6658,5756
6658,6077
6658,6487
6658,6702
6658,6707
6658,7085
6658,7289
6658,7464
6658,7568
6659,348
6659,354
6659,416
6659,452
6659,547
6659,594
6659,624
6659,635
6659,792
6659,799
6659,823
6659,929
6659,1147
6659,1201
6659,1203
6659,1208
6659,1231
6659,1265
6659,1366
6659,1542
6659,1571
6659,1837
6659,1968
6659,1971
6659,2276
6659,2278
6659,2392
6659,2403
6659,2578
6659,2580
6659,2642
6659,2696
6659,2841
6659,2846
6659,2858
6659,3110
6659,3254
6659,3286
6659,3338
6659,3402
6659,3522
6659,3943
6659,4036
6659,4119
6659,4132
6659,4139
6659,4166
6659,4210
6659,4481
6659,4568
6659,4977
6659,4998
6659,5021
6659,5055
6659,5073
6659,5196
6659,5233
6659,5246
6659,5353
6659,5712
6659,5766
6659,6011
6659,6158
6659,6292
6659,6375
6659,6498
6659,6697
6659,6863
6659,6883
6659,6938
6659,7028
6659,7148
6659,7301
6659,7533
6659,7625
6660,103
6660,474
6660,551
6660,584
6660,881
6660,1011
6660,1406
6660,1479
6660,1521
6660,1612
6660,1958
6660,2086
6660,2106
6660,2113
6660,2143
6660,2215
6660,2299
6660,2332
6660,2569
6660,2734
6660,3037
6660,3073
6660,3183
6660,3330
6660,3503
6660,3559
6660,3602
6660,3607
6660,3895
6660,3959
6660,4037
6660,4097
6660,4228
6660,4384
6660,4719
6660,4952
6660,4987
6660,5132
6660,5222
6660,5455
6660,5464
6660,6001
6660,6086
6660,6395
6660,6412
6660,6588
6660,7067
6660,7269
6660,7330
6660,7603
6661,961
6661,6897
6663,1290
6663,1950
6663,3097
6663,6071
6664,276
6664,1108
6664,1377
6664,1444
6664,1561
6664,1658
6664,1661
6664,1782
6664,2198
6664,2239
6664,2348
6664,3152
6664,3277
6664,3359
6664,3859
6664,4039
6664,4381
6664,4511
6664,4522
6664,5007
6664,5056
6664,5404
6664,5412
6664,5629
6664,5844
6664,6242
6664,7395
6664,7440
6664,7592
6665,10
6665,349
6665,1264
6665,1334
6665,1736
6665,1881
6665,1980
6665,2337
6665,2435
6665,2777
6665,3102
6665,3711
6665,3749
6665,4509
6665,4723
6665,4740
6665,4992
6665,5110
6665,5929
6665,6357
6665,7348
6665,7437
6665,7458
6666,517
6666,1038
6666,1505
6666,1732
6666,2019
6666,2114
6666,2132
6666,2260
6666,2281
6666,2327
6666,2754
6666,3597
6666,3840
6666,3874
6666,4300
6666,4539
6666,4666
6666,4741
6666,5245
6666,6104
6666,6164
6666,6465
6666,6679
6666,7043
6666,7144
6666,7255
6666,7630
6667,595
6667,884
6667,2168
6667,2196
6667,4849
6667,5515
6667,5884
6667,6130
6667,6247
6667,6993
6667,7291
6667,7404
6668,526
6668,911
6668,1183
6668,1645
6668,1915
6668,2093
6668,2231
6668,2376
6668,2493
6668,2536
6668,2917
6668,3331
6668,3510
6668,4116
6668,4653
6668,4858
6668,5064
6668,5264
6668,5335
6668,5544
6668,6036
6668,6038
6668,6131
6668,6388
6668,6547
6668,6570
6668,7312
6668,7322
6668,7325
6668,7512
6669,42
6669,89
6669,169
6669,183
6669,258
6669,366
6669,431
6669,455
6669,482
6669,552
6669,593
6669,632
6669,659
6669,710
6669,732
6669,774
6669,924
6669,945
6669,1058
6669,1100
6669,1152
6669,1178
6669,1447
6669,1513
6669,1545
6669,1663
6669,1671
6669,1684
6669,1723
6669,1744
6669,1796
6669,1899
6669,2198
6669,2239
6669,2380
6669,2396
6669,2406
6669,2432
6669,2540
6669,2541
6669,2553
6669,2637
6669,2645
6669,2689
6669,2812
6669,2882
6669,2906
6669,3008
6669,3027
6669,3051
6669,3066
6669,3074
6669,3178
6669,3377
6669,3446
6669,3582
6669,3623
6669,3648
6669,3970
6669,4012
6669,4023
6669,4024
6669,4074
6669,4157
6669,4161
6669,4164
6669,4176
6669,4388
6669,4402
6669,4415
6669,4453
6669,4463
6669,4510
6669,4578
6669,4590
6669,4641
6669,4658
6669,4805
6669,4806
6669,4870
6669,4934
6669,4941
6669,5070
6669,5139
6669,5214
6669,5241
6669,5348
6669,5359
6669,5372
6669,5385
6669,5404
6669,5493
6669,5649
6669,5833
6669,5903
6669,5964
6669,5979
6669,5982
6669,6024
6669,6156
6669,6361
6669,6414
6669,6475
6669,6673
6669,6702
6669,6847
6669,6849
6669,6887
6669,6907
6669,6930
6669,6968
6669,7003
6669,7010
6669,7021
6669,7023
6669,7036
6669,7170
6669,7203
6669,7337
6669,7353
6669,7464
6669,7477
6669,7540
6669,7572
6669,7577
6669,7607
6670,216
6670,324
6670,453
6670,828
6670,1412
6670,1583
6670,1609
6670,2147
6670,2508
6670,2516
6670,2860
6670,3021
6670,3220
6670,3316
6670,3640
6670,3649
6670,3722
6670,4070
6670,4245
6670,4883
6670,4938
6670,4972
6670,5045
6670,5069
6670,5250
6670,5272
6670,5436
6670,5465
6670,5753
6670,5848
6670,5856
6670,6363
6670,6532
6670,6765
6670,6965
6670,7073
6670,7238
6671,166
6671,615
6671,733
6671,977
6671,1438
6671,2064
6671,2168
6671,2196
6671,2790
6671,3988
6671,4087
6671,4088
6671,4145
6671,4292
6671,4443
6671,4925
6671,4993
6671,5092
6671,5256
6671,5419
6671,5523
6671,5618
6671,5793
6671,5867
6671,5884
6671,6376
6671,6396
6671,6419
6671,6652
6671,6681
6671,7009
6671,7208
6672,526
6672,672
6672,712
6672,921
6672,1058
6672,1291
6672,2029
6672,2170
6672,2172
6672,2198
6672,2798
6672,2913
6672,3510
6672,3725
6672,3964
6672,4057
6672,4067
6672,4116
6672,4376
6672,4503
6672,4805
6672,5132
6672,5335
6672,5544
6672,5719
6672,6066
6672,6408
6672,6464
6672,6715
6672,6909
6672,7077
6672,7130
6672,7147
6672,7250
6672,7328
6672,7467
6672,7573
6673,23
6673,33
6673,79
6673,169
6673,183
6673,358
6673,431
6673,475
6673,534
6673,552
6673,593
6673,596
6673,599
6673,659
6673,710
6673,811
6673,813
6673,814
6673,905
6673,924
6673,939
6673,945
6673,1017
6673,1165
6673,1170
6673,1186
6673,1214
6673,1226
6673,1249
6673,1350
6673,1399
6673,1421
6673,1447
6673,1456
6673,1467
6673,1498
6673,1513
6673,1517
6673,1538
6673,1582
6673,1614
6673,1663
6673,1684
6673,1723
6673,1727
6673,1744
6673,1792
6673,1796
6673,1797
6673,1805
6673,1871
6673,1899
6673,1942
6673,1993
6673,2013
6673,2124
6673,2198
6673,2206
6673,2229
6673,2244
6673,2262
6673,2313
6673,2334
6673,2340
6673,2380
6673,2432
6673,2485
6673,2540
6673,2553
6673,2575
6673,2598
6673,2637
6673,2649
6673,2913
6673,3020
6673,3051
6673,3081
6673,3138
6673,3184
6673,3237
6673,3274
6673,3347
6673,3363
6673,3445
6673,3446
6673,3623
6673,3648
6673,3704
6673,3713
6673,3720
6673,3721
6673,3782
6673,3897
6673,3974
6673,4023
6673,4074
6673,4157
6673,4161
6673,4333
6673,4402
6673,4465
6673,4484
6673,4538
6673,4556
6673,4570
6673,4578
6673,4590
6673,4658
6673,4662
6673,4669
6673,4695
6673,4755
6673,4774
6673,4805
6673,4941
6673,4946
6673,5015
6673,5048
6673,5139
6673,5148
6673,5201
6673,5241
6673,5328
6673,5348
6673,5359
6673,5385
6673,5468
6673,5488
6673,5518
6673,5538
6673,5543
6673,5637
6673,5669
6673,5734
6673,5756
6673,5782
6673,5833
6673,5853
6673,5878
6673,5966
6673,5979
6673,5982
6673,6075
6673,6183
6673,6188
6673,6335
6673,6361
6673,6407
6673,6414
6673,6475
6673,6484
6673,6497
6673,6528
6673,6597
6673,6669
6673,6678
6673,6702
6673,6754
6673,6849
6673,6887
6673,6907
6673,6968
6673,6978
6673,7010
6673,7021
6673,7085
6673,7090
6673,7103
6673,7170
6673,7181
6673,7203
6673,7215
6673,7231
6673,7266
6673,7337
6673,7339
6673,7353
6673,7413
6673,7428
6673,7440
6673,7464
6673,7477
6673,7536
6673,7568
6673,7577
6673,7597
6673,7607
6674,21
6674,93
6674,117
6674,146
6674,195
6674,531
6674,1010
6674,1057
6674,1068
6674,1107
6674,1161
6674,1338
6674,1381
6674,1443
6674,1989
6674,2074
6674,3145
6674,3186
6674,3200
6674,3244
6674,3396
6674,3993
6674,4025
6674,4051
6674,4130
6674,4336
6674,4810
6674,4920
6674,5026
6674,6299
6674,6337
6674,6504
6674,6817
6675,215
6675,308
6675,861
6675,990
6675,1225
6675,1321
6675,1371
6675,1442
6675,1575
6675,1660
6675,1682
6675,1821
6675,1915
6675,2028
6675,2624
6675,2993
6675,3052
6675,3492
6675,3567
6675,3612
6675,4116
6675,4602
6675,4863
6675,5213
6675,5378
6675,5435
6675,5893
6675,6189
6675,6280
6675,6309
6675,6960
6675,7518
6675,7546
6676,1486
6676,2011
6676,4637
6676,4904
6676,7330
6677,584
6677,748
6677,771
6677,1287
6677,1291
6677,2186
6677,2215
6677,2579
6677,2673
6677,3506
6677,3513
6677,3559
6677,3702
6677,3751
6677,3871
6677,3878
6677,3920
6677,4153
6677,4427
6677,4584
6677,4917
6677,6026
6677,6243
6677,6412
6677,6427
6677,6835
6677,7131
6677,7345
6678,23
6678,77
6678,89
6678,258
6678,304
6678,369
6678,455
6678,482
6678,562
6678,593
6678,599
6678,632
6678,774
6678,800
6678,811
6678,906
6678,1018
6678,1081
6678,1113
6678,1152
6678,1447
6678,1467
6678,1513
6678,1545
6678,1572
6678,1663
6678,1684
6678,1723
6678,1738
6678,1796
6678,1798
6678,1866
6678,1871
6678,2030
6678,2106
6678,2123
6678,2124
6678,2129
6678,2173
6678,2198
6678,2239
6678,2262
6678,2540
6678,2553
6678,2571
6678,2614
6678,2981
6678,3008
6678,3051
6678,3079
6678,3081
6678,3184
6678,3185
6678,3377
6678,3438
6678,3446
6678,3542
6678,3582
6678,3648
6678,3704
6678,3756
6678,3859
6678,4023
6678,4074
6678,4095
6678,4188
6678,4203
6678,4210
6678,4241
6678,4243
6678,4355
6678,4384
6678,4415
6678,4453
6678,4463
6678,4531
6678,4538
6678,4578
6678,4588
6678,4591
6678,4669
6678,4734
6678,4782
6678,4806
6678,4870
6678,4934
6678,5048
6678,5139
6678,5148
6678,5348
6678,5365
6678,5372
6678,5404
6678,5495
6678,5518
6678,5606
6678,5669
6678,5734
6678,5740
6678,5764
6678,5799
6678,5853
6678,5881
6678,5979
6678,5982
6678,6024
6678,6082
6678,6183
6678,6313
6678,6315
6678,6322
6678,6330
6678,6381
6678,6407
6678,6414
6678,6526
6678,6551
6678,6673
6678,6688
6678,6692
6678,6702
6678,6706
6678,6707
6678,6830
6678,6992
6678,7071
6678,7103
6678,7139
6678,7170
6678,7215
6678,7231
6678,7247
6678,7337
6678,7352
6678,7353
6678,7395
6678,7428
6678,7464
6678,7477
6678,7535
6678,7540
6678,7607
6678,7610
6679,136
6679,174
6679,316
6679,442
6679,463
6679,516
6679,517
6679,541
6679,556
6679,661
6679,786
6679,877
6679,879
6679,928
6679,937
6679,1016
6679,1037
6679,1038
6679,1189
6679,1221
6679,1272
6679,1504
6679,1630
6679,1685
6679,1751
6679,1759
6679,1803
6679,1851
6679,1864
6679,2006
6679,2019
6679,2037
6679,2098
6679,2099
6679,2132
6679,2260
6679,2281
6679,2312
6679,2357
6679,2387
6679,2389
6679,2474
6679,2557
6679,2579
6679,2635
6679,2643
6679,2768
6679,2925
6679,3036
6679,3090
6679,3099
6679,3167
6679,3217
6679,3272
6679,3291
6679,3305
6679,3324
6679,3392
6679,3401
6679,3528
6679,3553
6679,3558
6679,3575
6679,3628
6679,3663
6679,3815
6679,3820
6679,4034
6679,4038
6679,4142
6679,4281
6679,4441
6679,4539
6679,4548
6679,4554
6679,4583
6679,4619
6679,4666
6679,4728
6679,4741
6679,4751
6679,4758
6679,4772
6679,4819
6679,5182
6679,5306
6679,5451
6679,5555
6679,5588
6679,5706
6679,5825
6679,5828
6679,5978
6679,6091
6679,6104
6679,6212
6679,6257
6679,6383
6679,6391
6679,6502
6679,6519
6679,6520
6679,6534
6679,6648
6679,6666
6679,6772
6679,6913
6679,6997
6679,7043
6679,7061
6679,7075
6679,7122
6679,7124
6679,7255
6679,7272
6679,7366
6679,7380
6679,7470
6679,7566
6679,7630
6679,7648
6680,491
6680,1895
6680,2475
6680,5755
6680,6309
6681,17
6681,120
6681,740
6681,1162
6681,1234
6681,1326
6681,1367
6681,1446
6681,1791
6681,1804
6681,1909
6681,2196
6681,2362
6681,2792
6681,2869
6681,3143
6681,3424
6681,3636
6681,3905
6681,3988
6681,4088
6681,4214
6681,4340
6681,4443
6681,4655
6681,4943
6681,4951
6681,4993
6681,5421
6681,5867
6681,5883
6681,5927
6681,6090
6681,6130
6681,6138
6681,6396
6681,6671
6681,6855
6681,7198
6681,7208
6681,7343
6681,7404
6681,7631
6682,1035
6682,2976
6682,3352
6682,3571
6682,4065
6682,4961
6682,5642
6682,6109
6682,6583
6682,7292
6682,7620
6683,40
6683,456
6683,834
6683,881
6683,1185
6683,2113
6683,2795
6683,3966
6683,5181
6683,5433
6683,6777
6684,2
6684,462
6684,1198
6684,1657
6684,1688
6684,1764
6684,2000
6684,2152
6684,2210
6684,2612
6684,3014
6684,3329
6684,3631
6684,4376
6684,4462
6684,4757
6684,4805
6684,5907
6684,5986
6684,5992
6684,6263
6684,6454
6684,7191
6684,7375
6684,7579
6685,884
6685,1455
6685,6130
6685,7404
6686,668
6686,2497
6686,7051
6687,7
6687,399
6687,401
6687,433
6687,441
6687,890
6687,1053
6687,1306
6687,1852
6687,2046
6687,2255
6687,2321
6687,3057
6687,3420
6687,3536
6687,3811
6687,3843
6687,4126
6687,4133
6687,4224
6687,4265
6687,5161
6687,5395
6687,5600
6687,5915
6687,6127
6687,6151
6687,6213
6687,6380
6687,6525
6687,6650
6687,6763
6687,6894
6687,7378
6688,552
6688,593
6688,1838
6688,1899
6688,2102
6688,2198
6688,3020
6688,4384
6688,4805
6688,4934
6688,5013
6688,5042
6688,5365
6688,5455
6688,5493
6688,5734
6688,6551
6688,6678
6688,6702
6689,150
6689,1534
6689,1674
6689,2315
6689,3038
6689,3154
6689,3205
6689,3233
6689,3327
6689,3354
6689,3995
6690,2198
6690,3895
6690,4384
6690,6439
6690,7553
6691,1035
6691,4260
6691,4661
6692,42
6692,61
6692,89
6692,258
6692,304
6692,366
6692,369
6692,431
6692,593
6692,632
6692,710
6692,732
6692,906
6692,924
6692,1663
6692,1684
6692,1738
6692,1744
6692,1899
6692,2198
6692,2239
6692,2307
6692,2380
6692,2571
6692,3049
6692,3051
6692,3623
6692,3648
6692,3720
6692,3768
6692,4023
6692,4157
6692,4176
6692,4384
6692,4415
6692,4453
6692,4522
6692,4578
6692,4641
6692,4734
6692,5037
6692,5050
6692,5214
6692,5234
6692,5365
6692,5372
6692,5404
6692,5518
6692,5740
6692,5797
6692,5799
6692,5881
6692,5979
6692,5982
6692,6135
6692,6315
6692,6335
6692,6414
6692,6551
6692,6634
6692,6678
6692,6702
6692,7003
6692,7181
6692,7247
6692,7280
6692,7353
6692,7395
6692,7428
6692,7477
6692,7607
6692,7610
6693,1210
6693,3606
6693,3748
6693,3999
6693,4080
6693,4376
6693,5251
6693,5404
6693,6618
6693,6702
6693,7320
6694,361
6694,873
6694,1579
6694,1998
6694,2252
6694,2367
6694,3208
6694,4793
6694,6304
6695,82
6695,2467
6695,3071
6695,3308
6695,3432
6695,3752
6695,4678
6695,5800
6695,6013
6695,6056
6695,6254
6695,6478
6695,6708
6696,28
6696,403
6696,1182
6696,1280
6696,1429
6696,1643
6696,2286
6696,2447
6696,2740
6696,3916
6696,4304
6696,4376
6696,4390
6696,4854
6696,4900
6696,5364
6696,5437
6696,5615
6696,6807
6697,44
6697,68
6697,348
6697,354
6697,406
6697,452
6697,457
6697,594
6697,624
6697,635
6697,799
6697,823
6697,929
6697,1025
6697,1033
6697,1059
6697,1147
6697,1168
6697,1199
6697,1203
6697,1208
6697,1231
6697,1265
6697,1342
6697,1366
6697,1384
6697,1462
6697,1571
6697,1576
6697,1590
6697,1605
6697,1713
6697,1754
6697,1779
6697,1837
6697,1968
6697,1971
6697,2020
6697,2029
6697,2185
6697,2188
6697,2276
6697,2278
6697,2351
6697,2403
6697,2578
6697,2580
6697,2642
6697,2687
6697,2692
6697,2696
6697,2802
6697,2841
6697,2846
6697,2858
6697,3055
6697,3110
6697,3254
6697,3286
6697,3338
6697,3402
6697,3522
6697,3541
6697,3556
6697,3568
6697,3694
6697,3769
6697,3790
6697,3857
6697,3943
6697,4011
6697,4036
6697,4119
6697,4124
6697,4132
6697,4139
6697,4166
6697,4319
6697,4389
6697,4396
6697,4444
6697,4481
6697,4547
6697,4568
6697,4643
6697,4818
6697,4825
6697,4844
6697,4977
6697,4998
6697,5021
6697,5055
6697,5073
6697,5112
6697,5149
6697,5196
6697,5233
6697,5246
6697,5590
6697,5621
6697,5645
6697,5695
6697,5712
6697,5766
6697,5956
6697,6011
6697,6158
6697,6292
6697,6375
6697,6415
6697,6498
6697,6659
6697,6710
6697,6863
6697,6883
6697,6932
6697,6938
6697,6943
6697,6949
6697,7028
6697,7148
6697,7301
6697,7350
6697,7499
6697,7571
6697,7625
6698,805
6698,1939
6698,2347
6698,2433
6698,2492
6698,2560
6698,3219
6698,3735
6698,3872
6698,3972
6698,4646
6698,4804
6698,5043
6698,5382
6698,5849
6698,7063
6698,7081
6698,7367
6698,7475
6698,7586
6698,7606
6698,7620
6699,212
6699,526
6699,535
6699,584
6699,628
6699,655
6699,683
6699,724
6699,728
6699,921
6699,942
6699,956
6699,1196
6699,1287
6699,1453
6699,1521
6699,1716
6699,1733
6699,1739
6699,2172
6699,2215
6699,2325
6699,2525
6699,2567
6699,2580
6699,2703
6699,2856
6699,2903
6699,2945
6699,3083
6699,3246
6699,3270
6699,3506
6699,3510
6699,3559
6699,3781
6699,4067
6699,4153
6699,4376
6699,4502
6699,4541
6699,4584
6699,4811
6699,5120
6699,5193
6699,5571
6699,5645
6699,5869
6699,6029
6699,6348
6699,6408
6699,6610
6699,6909
6699,7296
6700,2509
6700,4194
6700,7154
6701,14
6701,479
6701,717
6701,1210
6701,1268
6701,1668
6701,1880
6701,2129
6701,2410
6701,2671
6701,2855
6701,2911
6701,2981
6701,3538
6701,3748
6701,4510
6701,4570
6701,4806
6701,4847
6701,5070
6701,5649
6701,5707
6701,5730
6701,5976
6701,6449
6701,7044
6701,7071
6701,7320
6701,7369
6701,7582
6702,15
6702,23
6702,24
6702,25
6702,26
6702,27
6702,33
6702,42
6702,61
6702,69
6702,77
6702,89
6702,109
6702,113
6702,124
6702,134
6702,152
6702,169
6702,173
6702,183
6702,192
6702,201
6702,220
6702,233
6702,240
6702,243
6702,254
6702,258
6702,261
6702,267
6702,269
6702,276
6702,285
6702,290
6702,304
6702,309
6702,318
6702,319
6702,321
6702,322
6702,346
6702,351
6702,358
6702,359
6702,366
6702,369
6702,375
6702,392
6702,400
6702,431
6702,438
6702,445
6702,446
6702,455
6702,469
6702,479
6702,482
6702,500
6702,522
6702,534
6702,538
6702,553
6702,562
6702,582
6702,593
6702,596
6702,599
6702,622
6702,632
6702,633
6702,638
6702,659
6702,687
6702,693
6702,706
6702,711
6702,717
6702,720
6702,722
6702,727
6702,731
6702,732
6702,736
6702,770
6702,774
6702,780
6702,789
6702,795
6702,800
6702,811
6702,813
6702,814
6702,818
6702,836
6702,841
6702,849
6702,863
6702,865
6702,905
6702,906
6702,916
6702,924
6702,939
6702,945
6702,951
6702,958
6702,963
6702,971
6702,973
6702,1002
6702,1011
6702,1017
6702,1018
6702,1022
6702,1023
6702,1024
6702,1028
6702,1067
6702,1081
6702,1097
6702,1100
6702,1101
6702,1102
6702,1106
6702,1113
6702,1127
6702,1152
6702,1165
6702,1170
6702,1178
6702,1186
6702,1197
6702,1206
6702,1210
6702,1211
6702,1214
6702,1222
6702,1226
6702,1232
6702,1249
6702,1254
6702,1268
6702,1271
6702,1280
6702,1284
6702,1294
6702,1305
6702,1316
6702,1329
6702,1330
6702,1350
6702,1351
6702,1357
6702,1370
6702,1399
6702,1415
6702,1417
6702,1421
6702,1447
6702,1456
6702,1467
6702,1469
6702,1476
6702,1481
6702,1485
6702,1491
6702,1492
6702,1498
6702,1513
6702,1517
6702,1524
6702,1538
6702,1545
6702,1551
6702,1569
6702,1579
6702,1582
6702,1614
6702,1620
6702,1621
6702,1628
6702,1634
6702,1639
6702,1659
6702,1661
6702,1663
6702,1668
6702,1671
6702,1684
6702,1690
6702,1708
6702,1711
6702,1723
6702,1727
6702,1738
6702,1744
6702,1746
6702,1747
6702,1752
6702,1753
6702,1782
6702,1792
6702,1796
6702,1797
6702,1798
6702,1805
6702,1838
6702,1840
6702,1847
6702,1850
6702,1854
6702,1866
6702,1871
6702,1874
6702,1875
6702,1883
6702,1885
6702,1899
6702,1902
6702,1907
6702,1925
6702,1929
6702,1942
6702,1945
6702,1948
6702,1959
6702,1970
6702,1993
6702,1997
6702,2010
6702,2013
6702,2017
6702,2030
6702,2039
6702,2048
6702,2087
6702,2106
6702,2115
6702,2123
6702,2124
6702,2129
6702,2172
6702,2173
6702,2183
6702,2193
6702,2197
6702,2198
6702,2201
6702,2206
6702,2220
6702,2239
6702,2262
6702,2271
6702,2294
6702,2307
6702,2310
6702,2313
6702,2334
6702,2340
6702,2365
6702,2380
6702,2381
6702,2393
6702,2396
6702,2406
6702,2407
6702,2408
6702,2423
6702,2432
6702,2471
6702,2485
6702,2502
6702,2521
6702,2540
6702,2541
6702,2553
6702,2571
6702,2573
6702,2575
6702,2595
6702,2600
6702,2614
6702,2628
6702,2634
6702,2637
6702,2640
6702,2645
6702,2649
6702,2650
6702,2661
6702,2671
6702,2675
6702,2689
6702,2725
6702,2730
6702,2736
6702,2738
6702,2772
6702,2804
6702,2832
6702,2855
6702,2859
6702,2866
6702,2871
6702,2882
6702,2906
6702,2913
6702,2921
6702,2929
6702,2931
6702,2938
6702,2950
6702,2958
6702,2961
6702,2970
6702,2972
6702,2977
6702,2981
6702,3001
6702,3008
6702,3020
6702,3027
6702,3039
6702,3050
6702,3051
6702,3068
6702,3074
6702,3079
6702,3081
6702,3092
6702,3093
6702,3138
6702,3140
6702,3149
6702,3160
6702,3184
6702,3185
6702,3189
6702,3221
6702,3226
6702,3234
6702,3237
6702,3251
6702,3261
6702,3262
6702,3264
6702,3269
6702,3274
6702,3279
6702,3284
6702,3287
6702,3289
6702,3297
6702,3328
6702,3334
6702,3335
6702,3347
6702,3348
6702,3353
6702,3362
6702,3363
6702,3373
6702,3377
6702,3379
6702,3384
6702,3403
6702,3419
6702,3422
6702,3428
6702,3436
6702,3438
6702,3439
6702,3440
6702,3444
6702,3445
6702,3446
6702,3459
6702,3462
6702,3476
6702,3478
6702,3502
6702,3514
6702,3542
6702,3545
6702,3546
6702,3547
6702,3551
6702,3582
6702,3593
6702,3623
6702,3627
6702,3632
6702,3648
6702,3659
6702,3670
6702,3683
6702,3692
6702,3693
6702,3703
6702,3704
6702,3713
6702,3720
6702,3721
6702,3768
6702,3799
6702,3808
6702,3834
6702,3856
6702,3858
6702,3859
6702,3876
6702,3893
6702,3909
6702,3910
6702,3912
6702,3946
6702,3947
6702,3951
6702,3954
6702,3962
6702,3970
6702,3974
6702,3987
6702,4023
6702,4024
6702,4044
6702,4071
6702,4074
6702,4090
6702,4091
6702,4095
6702,4114
6702,4127
6702,4156
6702,4157
6702,4161
6702,4162
6702,4164
6702,4176
6702,4184
6702,4188
6702,4190
6702,4203
6702,4210
6702,4211
6702,4217
6702,4241
6702,4243
6702,4253
6702,4278
6702,4290
6702,4303
6702,4307
6702,4333
6702,4347
6702,4355
6702,4369
6702,4371
6702,4373
6702,4388
6702,4402
6702,4415
6702,4421
6702,4453
6702,4463
6702,4465
6702,4483
6702,4484
6702,4510
6702,4511
6702,4522
6702,4526
6702,4531
6702,4535
6702,4536
6702,4538
6702,4543
6702,4546
6702,4553
6702,4556
6702,4565
6702,4570
6702,4573
6702,4578
6702,4580
6702,4586
6702,4588
6702,4590
6702,4591
6702,4594
6702,4595
6702,4608
6702,4616
6702,4638
6702,4641
6702,4642
6702,4658
6702,4662
6702,4669
6702,4679
6702,4680
6702,4682
6702,4688
6702,4695
6702,4734
6702,4755
6702,4768
6702,4774
6702,4778
6702,4782
6702,4787
6702,4791
6702,4806
6702,4812
6702,4841
6702,4845
6702,4870
6702,4871
6702,4928
6702,4934
6702,4941
6702,4946
6702,4971
6702,4979
6702,4983
6702,5006
6702,5007
6702,5008
6702,5013
6702,5015
6702,5037
6702,5042
6702,5048
6702,5050
6702,5070
6702,5077
6702,5097
6702,5103
6702,5105
6702,5108
6702,5139
6702,5148
6702,5155
6702,5160
6702,5165
6702,5166
6702,5199
6702,5201
6702,5203
6702,5212
6702,5214
6702,5224
6702,5234
6702,5241
6702,5255
6702,5258
6702,5259
6702,5281
6702,5286
6702,5290
6702,5302
6702,5311
6702,5327
6702,5328
6702,5330
6702,5344
6702,5348
6702,5359
6702,5362
6702,5365
6702,5371
6702,5372
6702,5381
6702,5385
6702,5392
6702,5399
6702,5404
6702,5415
6702,5441
6702,5468
6702,5469
6702,5470
6702,5471
6702,5488
6702,5493
6702,5495
6702,5496
6702,5518
6702,5538
6702,5542
6702,5543
6702,5556
6702,5557
6702,5567
6702,5572
6702,5584
6702,5595
6702,5606
6702,5612
6702,5626
6702,5637
6702,5646
6702,5651
6702,5654
6702,5669
6702,5689
6702,5703
6702,5707
6702,5730
6702,5732
6702,5734
6702,5740
6702,5744
6702,5756
6702,5764
6702,5769
6702,5780
6702,5782
6702,5797
6702,5799
6702,5807
6702,5816
6702,5833
6702,5853
6702,5878
6702,5881
6702,5888
6702,5897
6702,5903
6702,5904
6702,5932
6702,5937
6702,5952
6702,5955
6702,5964
6702,5966
6702,5976
6702,5979
6702,5982
6702,6016
6702,6021
6702,6022
6702,6024
6702,6038
6702,6040
6702,6066
6702,6069
6702,6076
6702,6077
6702,6082
6702,6135
6702,6149
6702,6152
6702,6162
6702,6183
6702,6188
6702,6216
6702,6284
6702,6289
6702,6313
6702,6315
6702,6319
6702,6322
6702,6327
6702,6330
6702,6335
6702,6361
6702,6373
6702,6381
6702,6397
6702,6400
6702,6407
6702,6409
6702,6414
6702,6449
6702,6461
6702,6468
6702,6475
6702,6484
6702,6489
6702,6492
6702,6497
6702,6505
6702,6526
6702,6528
6702,6537
6702,6540
6702,6551
6702,6566
6702,6582
6702,6597
6702,6614
6702,6634
6702,6658
6702,6669
6702,6673
6702,6678
6702,6688
6702,6692
6702,6693
6702,6704
6702,6706
6702,6707
6702,6714
6702,6731
6702,6736
6702,6749
6702,6754
6702,6787
6702,6805
6702,6807
6702,6825
6702,6830
6702,6847
6702,6848
6702,6849
6702,6850
6702,6866
6702,6880
6702,6882
6702,6887
6702,6890
6702,6892
6702,6895
6702,6904
6702,6907
6702,6921
6702,6923
6702,6930
6702,6936
6702,6953
6702,6968
6702,6971
6702,6978
6702,6992
6702,7003
6702,7010
6702,7021
6702,7036
6702,7044
6702,7046
6702,7071
6702,7079
6702,7085
6702,7091
6702,7096
6702,7097
6702,7103
6702,7114
6702,7139
6702,7164
6702,7166
6702,7170
6702,7174
6702,7181
6702,7203
6702,7209
6702,7215
6702,7231
6702,7247
6702,7266
6702,7276
6702,7277
6702,7278
6702,7280
6702,7294
6702,7302
6702,7311
6702,7312
6702,7319
6702,7320
6702,7331
6702,7337
6702,7339
6702,7346
6702,7352
6702,7353
6702,7364
6702,7369
6702,7387
6702,7410
6702,7413
6702,7428
6702,7440
6702,7464
6702,7477
6702,7511
6702,7520
6702,7526
6702,7527
6702,7534
6702,7535
6702,7536
6702,7539
6702,7540
6702,7568
6702,7572
6702,7573
6702,7577
6702,7578
6702,7597
6702,7604
6702,7610
6702,7617
6702,7619
6702,7628
6703,835
6703,1321
6703,1442
6703,1915
6703,2359
6703,2559
6703,2907
6703,3056
6703,3103
6703,3331
6703,3492
6703,4116
6703,4218
6703,5213
6703,5889
6703,6446
6703,7518
6703,7546
6704,260
6704,304
6704,593
6704,863
6704,1011
6704,1293
6704,1738
6704,1798
6704,2106
6704,2198
6704,2239
6704,2406
6704,2890
6704,3152
6704,3183
6704,3284
6704,3428
6704,3748
6704,4067
6704,4210
6704,4384
6704,4481
6704,4680
6704,4737
6704,4768
6704,5199
6704,5222
6704,5404
6704,5412
6704,5689
6704,5707
6704,5816
6704,6434
6704,6437
6704,6551
6704,6646
6704,6702
6704,7071
6704,7114
6704,7464
6704,7628
6705,85
6705,304
6705,369
6705,593
6705,1058
6705,1284
6705,1415
6705,1453
6705,1521
6705,1854
6705,1999
6705,2198
6705,2239
6705,2770
6705,3183
6705,3185
6705,3311
6705,3370
6705,3784
6705,3895
6705,4067
6705,4384
6705,4466
6705,4864
6705,5070
6705,5132
6705,5286
6705,5296
6705,5404
6705,5412
6705,5455
6705,5816
6705,5881
6705,6409
6705,6551
6705,6811
6705,6961
6705,7067
6705,7296
6705,7582
6705,7612
6706,23
6706,89
6706,267
6706,369
6706,593
6706,1214
6706,1350
6706,1663
6706,1684
6706,1798
6706,1899
6706,2115
6706,2198
6706,2396
6706,2553
6706,3363
6706,3370
6706,3895
6706,4023
6706,4350
6706,4578
6706,4934
6706,5404
6706,5799
6706,6024
6706,6135
6706,6407
6706,6551
6706,6678
6706,6702
6706,7353
6707,23
6707,27
6707,61
6707,77
6707,89
6707,169
6707,192
6707,201
6707,220
6707,235
6707,258
6707,260
6707,318
6707,369
6707,375
6707,415
6707,431
6707,455
6707,475
6707,479
6707,538
6707,542
6707,593
6707,604
6707,632
6707,659
6707,711
6707,726
6707,762
6707,780
6707,785
6707,795
6707,836
6707,841
6707,903
6707,939
6707,958
6707,1011
6707,1058
6707,1067
6707,1097
6707,1104
6707,1113
6707,1165
6707,1170
6707,1210
6707,1218
6707,1268
6707,1330
6707,1368
6707,1399
6707,1421
6707,1427
6707,1431
6707,1439
6707,1447
6707,1453
6707,1456
6707,1467
6707,1472
6707,1492
6707,1513
6707,1524
6707,1540
6707,1545
6707,1614
6707,1621
6707,1634
6707,1663
6707,1665
6707,1668
6707,1684
6707,1690
6707,1708
6707,1723
6707,1735
6707,1747
6707,1784
6707,1798
6707,1833
6707,1840
6707,1847
6707,1880
6707,1899
6707,1907
6707,1918
6707,1945
6707,1965
6707,1999
6707,2039
6707,2106
6707,2115
6707,2120
6707,2129
6707,2198
6707,2229
6707,2239
6707,2302
6707,2313
6707,2340
6707,2370
6707,2380
6707,2393
6707,2406
6707,2521
6707,2571
6707,2600
6707,2614
6707,2657
6707,2661
6707,2663
6707,2671
6707,2738
6707,2750
6707,2814
6707,2855
6707,2882
6707,2888
6707,2913
6707,2961
6707,2974
6707,2981
6707,2991
6707,3039
6707,3068
6707,3079
6707,3160
6707,3177
6707,3183
6707,3185
6707,3226
6707,3234
6707,3279
6707,3297
6707,3363
6707,3403
6707,3408
6707,3428
6707,3459
6707,3502
6707,3538
6707,3616
6707,3659
6707,3683
6707,3692
6707,3693
6707,3710
6707,3713
6707,3748
6707,3844
6707,3859
6707,3898
6707,3910
6707,3926
6707,3930
6707,3947
6707,3958
6707,3970
6707,4023
6707,4049
6707,4074
6707,4086
6707,4091
6707,4157
6707,4161
6707,4164
6707,4167
6707,4184
6707,4190
6707,4203
6707,4241
6707,4243
6707,4253
6707,4303
6707,4355
6707,4366
6707,4376
6707,4384
6707,4402
6707,4415
6707,4420
6707,4453
6707,4510
6707,4535
6707,4556
6707,4578
6707,4616
6707,4642
6707,4682
6707,4697
6707,4734
6707,4737
6707,4768
6707,4787
6707,4803
6707,4806
6707,4827
6707,4839
6707,4870
6707,4946
6707,4952
6707,5037
6707,5095
6707,5139
6707,5199
6707,5214
6707,5223
6707,5261
6707,5278
6707,5296
6707,5372
6707,5385
6707,5404
6707,5463
6707,5468
6707,5495
6707,5507
6707,5518
6707,5525
6707,5626
6707,5646
6707,5651
6707,5689
6707,5707
6707,5714
6707,5730
6707,5734
6707,5740
6707,5756
6707,5797
6707,5799
6707,5816
6707,5855
6707,5859
6707,5881
6707,5937
6707,5945
6707,5949
6707,5955
6707,5961
6707,5976
6707,5979
6707,5982
6707,6024
6707,6039
6707,6047
6707,6075
6707,6077
6707,6121
6707,6140
6707,6183
6707,6208
6707,6228
6707,6284
6707,6313
6707,6354
6707,6381
6707,6400
6707,6449
6707,6462
6707,6484
6707,6490
6707,6510
6707,6526
6707,6537
6707,6540
6707,6551
6707,6553
6707,6578
6707,6597
6707,6604
6707,6614
6707,6634
6707,6646
6707,6658
6707,6678
6707,6702
6707,6714
6707,6723
6707,6738
6707,6760
6707,6787
6707,6801
6707,6810
6707,6847
6707,6850
6707,6882
6707,6887
6707,6892
6707,6895
6707,6906
6707,6971
6707,6978
6707,6992
6707,7010
6707,7071
6707,7079
6707,7091
6707,7097
6707,7105
6707,7114
6707,7166
6707,7170
6707,7197
6707,7231
6707,7280
6707,7294
6707,7320
6707,7321
6707,7337
6707,7344
6707,7353
6707,7369
6707,7395
6707,7410
6707,7428
6707,7440
6707,7465
6707,7501
6707,7520
6707,7535
6707,7582
6707,7592
6707,7607
6707,7617
6707,7628
6708,82
6708,840
6708,2424
6708,2467
6708,3308
6708,3432
6708,3644
6708,3752
6708,4678
6708,4860
6708,6013
6708,6056
6708,6238
6708,6254
6708,6478
6708,6541
6708,6695
6709,147
6709,481
6709,561
6709,1086
6709,1223
6709,1683
6709,2073
6709,2499
6709,2853
6709,3733
6709,4244
6709,4411
6709,4663
6709,5974
6709,6488
6709,6625
6709,7383
6709,7489
6709,7598
6710,281
6710,348
6710,354
6710,452
6710,468
6710,547
6710,799
6710,823
6710,929
6710,1201
6710,1231
6710,1542
6710,1837
6710,1971
6710,2203
6710,2278
6710,2580
6710,2642
6710,2846
6710,3402
6710,3522
6710,4119
6710,4481
6710,4568
6710,4977
6710,5021
6710,5055
6710,5196
6710,5233
6710,5590
6710,6158
6710,6375
6710,6455
6710,6697
6710,7625
6711,885
6711,2497
6712,19
6712,315
6712,420
6712,557
6712,871
6712,1664
6712,2196
6712,2333
6712,2654
6712,3030
6712,3236
6712,3366
6712,3741
6712,3903
6712,3915
6712,3924
6712,3997
6712,4008
6712,4101
6712,4143
6712,4292
6712,4351
6712,4357
6712,4673
6712,5030
6712,5094
6712,5380
6712,5444
6712,5627
6712,5884
6712,5934
6712,6194
6712,6623
6712,6653
6712,7009
6712,7504
6712,7530
6712,7565
6713,103
6713,382
6713,526
6713,584
6713,683
6713,1076
6713,1252
6713,1287
6713,1521
6713,1624
6713,1716
6713,2215
6713,2488
6713,2579
6713,2632
6713,2703
6713,3078
6713,3083
6713,3351
6713,3506
6713,3559
6713,3781
6713,4037
6713,4067
6713,4153
6713,4282
6713,4384
6713,4584
6713,4893
6713,4917
6713,5571
6713,5851
6713,5998
6713,6026
6713,6123
6713,6408
6713,6412
6713,6427
6713,6909
6713,6920
6713,6966
6713,7107
6713,7131
6713,7171
6713,7401
6713,7422
6713,7569
6713,7603
6714,369
6714,1058
6714,1453
6714,1478
6714,1798
6714,2106
6714,2198
6714,2571
6714,3184
6714,4164
6714,4384
6714,4919
6714,5404
6714,5412
6714,6551
6714,6702
6714,6707
6714,7085
6714,7535
6714,7582
6715,225
6715,526
6715,655
6715,672
6715,956
6715,1084
6715,1196
6715,1291
6715,1448
6715,1919
6715,2026
6715,2111
6715,2215
6715,2536
6715,2945
6715,3457
6715,3784
6715,4238
6715,4609
6715,5170
6715,5739
6715,6296
6715,6408
6715,6512
6715,6569
6715,6630
6715,6672
6715,6909
6715,7077
6715,7417
6716,2907
6716,3798
6717,39
6717,881
6717,1215
6717,1379
6717,2043
6717,3532
6717,5022
6717,5263
6717,5864
6718,409
6718,959
6718,1055
6718,1676
6718,1920
6718,2109
6718,2140
6718,2350
6718,2409
6718,2720
6718,2837
6718,3028
6718,3231
6718,3431
6718,3601
6718,3747
6718,3879
6718,4896
6718,4950
6718,4980
6718,5421
6718,5829
6718,5934
6718,6111
6718,6231
6718,6333
6718,6550
6718,6635
6718,6791
6718,6948
6718,6975
6718,7126
6718,7243
6718,7460
6719,86
6719,1032
6719,1118
6719,1764
6719,2068
6719,2210
6719,2222
6719,2612
6719,3313
6719,3329
6719,3368
6719,3557
6719,3573
6719,3589
6719,3631
6719,3911
6719,4178
6719,4482
6719,4555
6719,4725
6719,4757
6719,5604
6719,5630
6719,5743
6719,5839
6719,6179
6719,6298
6719,6358
6719,6589
6719,6851
6719,6946
6719,6967
6719,7039
6719,7153
6719,7191
6719,7375
6719,7579
6720,835
6720,3433
6720,3817
6720,5079
6721,329
6721,523
6721,601
6721,634
6721,648
6721,752
6721,1252
6721,1261
6721,1394
6721,1436
6721,1596
6721,1731
6721,2081
6721,2131
6721,2179
6721,2213
6721,2414
6721,2481
6721,2527
6721,2574
6721,2626
6721,2864
6721,2910
6721,2997
6721,3566
6721,3664
6721,3822
6721,4255
6721,4462
6721,4823
6721,4910
6721,5379
6721,5499
6721,5550
6721,5778
6721,6015
6721,6142
6721,6452
6721,6513
6721,6548
6721,6558
6721,6777
6721,6856
6721,6861
6721,7087
6721,7267
6721,7414
6722,751
6722,1429
6722,1905
6722,2565
6722,2795
6722,3109
6722,3473
6722,3744
6722,4033
6722,4103
6722,4295
6722,5191
6722,5498
6722,6572
6723,552
6723,593
6723,780
6723,1058
6723,1210
6723,1330
6723,1415
6723,1575
6723,1959
6723,2106
6723,2129
6723,2198
6723,2239
6723,2370
6723,2410
6723,2587
6723,3152
6723,3311
6723,3623
6723,3710
6723,3748
6723,4113
6723,4217
6723,4248
6723,4376
6723,4384
6723,4573
6723,4595
6723,4805
6723,4806
6723,4952
6723,5048
6723,5049
6723,5070
6723,5132
6723,5286
6723,5404
6723,5415
6723,5531
6723,5649
6723,5707
6723,6354
6723,6414
6723,6468
6723,6707
6723,7003
6723,7071
6723,7090
6723,7252
6723,7276
6723,7280
6723,7369
6723,7582
6724,430
6724,829
6724,930
6724,1188
6724,1388
6724,2127
6724,2223
6724,2355
6724,2570
6724,2863
6724,2879
6724,3031
6724,3260
6724,3397
6724,3793
6724,3809
6724,3821
6724,3855
6724,4040
6724,4094
6724,4376
6724,4617
6724,4762
6724,4869
6724,4913
6724,5574
6724,5771
6724,5787
6724,5796
6724,5912
6724,6058
6724,7624
6725,147
6725,425
6725,561
6725,746
6725,943
6725,1223
6725,2843
6725,3504
6725,4252
6725,4423
6725,4663
6725,4703
6725,4708
6725,5228
6725,5230
6725,5357
6725,5920
6725,5928
6725,6222
6725,6311
6725,6609
6725,6625
6725,6924
6725,7383
6725,7598
6726,149
6726,456
6726,485
6726,573
6726,970
6726,1060
6726,1076
6726,1347
6726,1353
6726,1457
6726,1596
6726,1610
6726,1633
6726,1666
6726,1714
6726,1905
6726,1930
6726,2565
6726,2871
6726,3109
6726,3310
6726,3577
6726,3763
6726,4033
6726,4103
6726,4173
6726,4295
6726,4386
6726,4464
6726,5461
6726,5661
6726,5694
6726,6085
6726,6119
6726,6269
6726,6331
6726,6450
6726,6572
6726,7365
6726,7406
6726,7409
6726,7526
6726,7550
6726,7596
6727,608
6727,798
6727,1606
6727,2851
6727,3200
6727,3414
6727,4401
6727,5683
6727,6080
6727,7082
6727,7199
6728,90
6728,918
6728,1750
6728,2872
6728,3949
6728,7417
6728,7442
6728,7512
6729,88
6729,100
6729,250
6729,395
6729,638
6729,648
6729,747
6729,752
6729,761
6729,1143
6729,1987
6729,2131
6729,2150
6729,2374
6729,2430
6729,2910
6729,3005
6729,3213
6729,3783
6729,4084
6729,4189
6729,4378
6729,4454
6729,4577
6729,4687
6729,4817
6729,5175
6729,5234
6729,5862
6729,6114
6729,6258
6729,6592
6729,6651
6730,28
6730,513
6730,750
6730,1045
6730,1174
6730,1280
6730,1429
6730,1930
6730,1961
6730,1981
6730,2561
6730,2746
6730,3035
6730,3928
6730,4540
6730,4688
6730,5051
6730,5109
6730,5654
6730,5843
6730,5980
6730,6572
6730,6593
6730,6807
6731,304
6731,593
6731,865
6731,1472
6731,1798
6731,1999
6731,2198
6731,2586
6731,3623
6731,4210
6731,4642
6731,4680
6731,4805
6731,6414
6731,6537
6731,6702
6731,6984
6731,7003
6732,352
6732,526
6732,576
6732,2170
6732,2175
6732,2198
6732,2461
6732,3114
6732,3268
6732,4365
6732,4805
6732,5132
6732,5312
6732,5332
6732,6769
6732,6909
6732,7147
6732,7446
6733,20
6733,73
6733,137
6733,305
6733,1679
6733,1831
6733,1958
6733,2071
6733,2332
6733,2751
6733,3072
6733,3077
6733,3664
6733,3698
6733,4141
6733,4294
6733,4479
6733,4745
6733,5513
6733,6001
6733,6369
6733,6452
6733,7305
6733,7602
6734,647
6734,2022
6734,2369
6734,4515
6734,5005
6734,5607
6734,5681
6734,6239
6734,6273
6734,6865
6734,7431
6734,7484
6735,676
6735,1048
6735,1109
6735,1175
6735,1248
6735,1255
6735,1454
6735,1710
6735,2344
6735,2872
6735,3159
6735,3828
6735,4424
6735,4428
6735,4452
6735,4521
6735,4878
6735,4906
6735,5617
6735,6117
6735,6554
6735,6994
6735,7287
6735,7641
6736,85
6736,593
6736,599
6736,1798
6736,1871
6736,2124
6736,2198
6736,4538
6736,5241
6736,6702
6736,7464
6737,137
6737,149
6737,162
6737,229
6737,305
6737,881
6737,1377
6737,1757
6737,2332
6737,2569
6737,3359
6737,3698
6737,3712
6737,3895
6737,4952
6737,5420
6737,6001
6737,6078
6737,6297
6737,7330
6737,7633
6738,103
6738,762
6738,1427
6738,1453
6738,1545
6738,1735
6738,1778
6738,1860
6738,2086
6738,2194
6738,3025
6738,3171
6738,3183
6738,3408
6738,3428
6738,3532
6738,3602
6738,3698
6738,3708
6738,3710
6738,4080
6738,4083
6738,4384
6738,4420
6738,4803
6738,4865
6738,4952
6738,5222
6738,5707
6738,6121
6738,6297
6738,6462
6738,6574
6738,6618
6738,6707
6738,7254
6738,7599
6738,7607
6739,139
6739,701
6739,2083
6739,3352
6739,3437
6739,3590
6739,4646
6739,4810
6739,4922
6739,4994
6739,5310
6739,5821
6739,6418
6739,6433
6739,7155
6740,388
6740,555
6740,1030
6740,1129
6740,1189
6740,1296
6740,1310
6740,1647
6740,1904
6740,2205
6740,2332
6740,2339
6740,2450
6740,3351
6740,3427
6740,3688
6740,3832
6740,3878
6740,4046
6740,4282
6740,4356
6740,4422
6740,4724
6740,4791
6740,4879
6740,4986
6740,5541
6740,5571
6740,6030
6740,6123
6740,6409
6740,6452
6740,6624
6740,7134
6740,7195
6740,7288
6740,7296
6741,707
6741,1166
6741,1534
6741,1718
6741,1856
6741,2505
6741,3170
6741,3329
6741,3521
6741,3952
6741,4118
6741,4691
6741,5301
6741,6241
6742,1547
6742,2429
6742,3200
6742,3971
6742,4597
6742,4652
6742,4929
6742,5579
6742,5900
6742,6248
6742,6862
6742,7089
6742,7199
6743,1133
6743,2021
6743,2750
6743,3532
6743,5111
6743,6617
6743,7330
6744,156
6744,301
6744,514
6744,2288
6744,3358
6744,4094
6744,4121
6744,4486
6744,4617
6744,4654
6744,4762
6744,4799
6744,5777
6744,5912
6744,6293
6745,3374
6745,4994
6746,1280
6746,3335
6746,3419
6746,3856
6746,4016
6747,95
6747,495
6747,532
6747,1442
6747,1494
6747,1726
6747,1887
6747,1901
6747,2794
6747,3040
6747,3209
6747,3578
6747,3864
6747,4037
6747,4109
6747,4204
6747,4672
6747,5652
6747,5695
6747,5865
6747,5869
6747,5893
6747,5924
6747,6098
6747,6189
6747,6503
6747,6822
6747,7171
6747,7466
6747,7467
6748,88
6748,146
6748,395
6748,1362
6748,2265
6748,2374
6748,3778
6748,3956
6748,4189
6748,4378
6748,4687
6748,5248
6748,6048
6748,6378
6748,6896
6748,7304
6749,60
6749,494
6749,2198
6749,2275
6749,2553
6749,2659
6749,2967
6749,5853
6749,5881
6749,6034
6749,6702
6749,7477
6750,1678
6750,6325
6751,443
6751,1689
6751,1961
6751,2519
6751,2604
6751,2996
6751,3101
6751,3507
6751,3716
6751,3744
6752,645
6752,1213
6752,4363
6752,4648
6753,965
6753,3236
6753,3924
6753,3997
6753,4181
6753,4280
6753,6163
6753,6653
6754,183
6754,593
6754,1513
6754,1798
6754,1805
6754,1942
6754,2013
6754,2553
6754,3440
6754,3974
6754,4538
6754,5979
6754,6414
6754,6673
6754,6702
6754,6849
6755,1565
6755,1953
6755,2035
6755,2053
6755,2100
6755,2976
6755,3175
6755,3244
6755,4242
6755,4258
6755,4843
6755,5548
6755,5642
6755,6044
6755,6324
6755,6433
6755,7620
6756,306
6756,4021
6756,6338
6756,7373
6757,197
6757,1385
6757,1515
6757,1541
6757,2156
6757,2347
6757,3153
6757,3244
6757,3467
6757,3957
6757,4106
6757,4305
6757,4906
6757,4922
6757,4994
6757,5506
6757,5517
6757,5633
6757,5664
6757,6433
6757,7145
6757,7417
6758,170
6758,1058
6758,3049
6758,4164
6758,4805
6758,5404
6759,26
6759,134
6759,258
6759,383
6759,522
6759,592
6759,593
6759,658
6759,710
6759,739
6759,899
6759,1004
6759,1082
6759,1194
6759,1197
6759,1305
6759,1429
6759,1569
6759,1591
6759,1899
6759,2198
6759,2233
6759,2239
6759,2294
6759,2418
6759,2556
6759,2649
6759,2685
6759,2778
6759,2819
6759,2859
6759,2871
6759,2887
6759,3020
6759,3063
6759,3242
6759,3243
6759,3247
6759,3257
6759,3294
6759,3621
6759,3657
6759,3807
6759,3923
6759,4082
6759,4210
6759,4217
6759,4345
6759,4356
6759,4650
6759,4848
6759,4895
6759,4912
6759,4954
6759,5061
6759,5133
6759,5234
6759,5293
6759,5302
6759,5327
6759,5518
6759,5595
6759,5597
6759,5664
6759,5703
6759,5734
6759,5932
6759,5958
6759,6054
6759,6175
6759,6289
6759,6343
6759,6371
6759,6409
6759,6790
6759,7119
6759,7276
6759,7283
6759,7464
6759,7601
6760,23
6760,69
6760,85
6760,260
6760,415
6760,593
6760,789
6760,795
6760,903
6760,904
6760,1011
6760,1058
6760,1113
6760,1249
6760,1268
6760,1293
6760,1368
6760,1430
6760,1453
6760,1478
6760,1621
6760,1624
6760,1665
6760,1775
6760,1798
6760,1840
6760,1860
6760,1945
6760,1965
6760,1990
6760,2033
6760,2060
6760,2194
6760,2215
6760,2320
6760,2370
6760,2377
6760,2617
6760,2620
6760,2632
6760,2744
6760,2765
6760,2852
6760,2881
6760,2911
6760,2956
6760,2974
6760,3025
6760,3177
6760,3183
6760,3264
6760,3284
6760,3311
6760,3370
6760,3384
6760,3408
6760,3476
6760,3502
6760,3593
6760,3758
6760,3895
6760,3970
6760,4080
6760,4096
6760,4177
6760,4233
6760,4253
6760,4286
6760,4303
6760,4313
6760,4376
6760,4381
6760,4384
6760,4420
6760,4616
6760,4785
6760,4801
6760,4803
6760,4806
6760,4830
6760,4865
6760,4871
6760,4919
6760,4952
6760,5222
6760,5223
6760,5278
6760,5296
6760,5351
6760,5507
6760,5623
6760,5641
6760,5707
6760,5730
6760,5858
6760,5952
6760,6208
6760,6303
6760,6507
6760,6510
6760,6551
6760,6618
6760,6640
6760,6707
6760,6794
6760,6961
6760,6981
6760,7085
6760,7101
6760,7197
6760,7296
6760,7320
6760,7385
6760,7465
6760,7535
6760,7580
6760,7597
6760,7599
6761,143
6761,456
6761,629
6761,1185
6761,1417
6761,1585
6761,1757
6761,1948
6761,2062
6761,2084
6761,2145
6761,2415
6761,2586
6761,2738
6761,2795
6761,2801
6761,2835
6761,3164
6761,3339
6761,4294
6761,4301
6761,4373
6761,4522
6761,4565
6761,4940
6761,4982
6761,5001
6761,5022
6761,5504
6761,5772
6761,5807
6761,5993
6761,6282
6761,6389
6761,6451
6761,6852
6761,7020
6761,7032
6761,7035
6761,7290
6762,646
6762,1553
6762,2188
6762,6415
6763,7
6763,247
6763,337
6763,441
6763,464
6763,491
6763,935
6763,1213
6763,1306
6763,1471
6763,2180
6763,2504
6763,3048
6763,3057
6763,3204
6763,3315
6763,3371
6763,3489
6763,3730
6763,3738
6763,3843
6763,4126
6763,4133
6763,4265
6763,4363
6763,4598
6763,4639
6763,4644
6763,4648
6763,4897
6763,5147
6763,5236
6763,5427
6763,5600
6763,5755
6763,5995
6763,6607
6763,6687
6763,6891
6764,645
6764,888
6764,1670
6764,1861
6764,2180
6764,2475
6764,3164
6764,3187
6764,3371
6764,3562
6764,4702
6764,4897
6764,5147
6764,5393
6764,5628
6764,5688
6764,5755
6764,5995
6764,6531
6764,6607
6764,7400
6764,7457
6765,216
6765,275
6765,324
6765,570
6765,749
6765,828
6765,909
6765,1583
6765,1609
6765,1648
6765,1696
6765,1743
6765,1969
6765,2090
6765,2256
6765,2260
6765,2326
6765,2849
6765,2860
6765,3021
6765,3346
6765,3565
6765,3640
6765,3649
6765,3714
6765,3722
6765,3830
6765,4048
6765,4070
6765,4245
6765,4412
6765,4496
6765,4739
6765,4881
6765,4883
6765,4938
6765,4960
6765,5045
6765,5069
6765,5250
6765,5272
6765,5448
6765,5465
6765,5540
6765,5602
6765,5848
6765,5856
6765,6250
6765,6372
6765,6670
6765,6793
6765,6965
6765,7073
6766,88
6766,100
6766,146
6766,395
6766,752
6766,1987
6766,2131
6766,2261
6766,2265
6766,2374
6766,2430
6766,3005
6766,3554
6766,4084
6766,4378
6766,4551
6766,4577
6766,4687
6766,4817
6766,5175
6766,5248
6766,6114
6766,6651
6767,982
6767,5867
6767,6130
6768,56
6768,193
6768,239
6768,347
6768,531
6768,734
6768,880
6768,887
6768,894
6768,1043
6768,1072
6768,1242
6768,1338
6768,1440
6768,1565
6768,1869
6768,1951
6768,2190
6768,2219
6768,2245
6768,2282
6768,2496
6768,2597
6768,3094
6768,3437
6768,3571
6768,3603
6768,3647
6768,3735
6768,3792
6768,3824
6768,3852
6768,3972
6768,4000
6768,4104
6768,4193
6768,4332
6768,4646
6768,4677
6768,4850
6768,4852
6768,4997
6768,5020
6768,5024
6768,5065
6768,5298
6768,5434
6768,5520
6768,5578
6768,5656
6768,5861
6768,6025
6768,6049
6768,6122
6768,6469
6768,6515
6768,6583
6768,6612
6768,6814
6768,7051
6768,7261
6768,7287
6768,7316
6768,7423
6768,7485
6768,7499
6768,7613
6768,7620
6769,967
6769,986
6769,1058
6769,1176
6769,1317
6769,1414
6769,1575
6769,1884
6769,2170
6769,2215
6769,2772
6769,3078
6769,3114
6769,3131
6769,3268
6769,3384
6769,3587
6769,4067
6769,4320
6769,4376
6769,4541
6769,4543
6769,4805
6769,5132
6769,5231
6769,5251
6769,5301
6769,5312
6769,5556
6769,5832
6769,6408
6769,6466
6769,6732
6769,6922
6769,6952
6769,7147
6769,7376
6769,7481
6769,7519
6769,7585
6769,7600
6770,432
6770,495
6770,629
6770,766
6770,1013
6770,1239
6770,1339
6770,1418
6770,1619
6770,2213
6770,2425
6770,3098
6770,3330
6770,3578
6770,3671
6770,3866
6770,3871
6770,3895
6770,4037
6770,4054
6770,4109
6770,5179
6770,5676
6770,5998
6770,6098
6770,6308
6770,6522
6770,7039
6770,7067
6770,7370
6770,7635
6771,275
6771,328
6771,570
6771,749
6771,828
6771,1360
6771,1391
6771,1696
6771,1759
6771,1969
6771,1983
6771,2090
6771,2114
6771,2147
6771,2260
6771,2717
6771,3346
6771,3528
6771,3597
6771,4960
6771,5409
6771,5448
6771,5529
6771,5602
6771,5848
6771,6164
6771,6212
6771,6793
6771,6842
6771,7060
6771,7073
6771,7144
6771,7255
6772,275
6772,328
6772,442
6772,556
6772,767
6772,786
6772,801
6772,828
6772,1364
6772,1504
6772,1696
6772,1759
6772,1849
6772,2090
6772,2114
6772,2147
6772,2260
6772,2281
6772,2643
6772,2717
6772,2822
6772,3565
6772,3597
6772,3840
6772,3874
6772,4236
6772,4504
6772,4548
6772,4666
6772,4704
6772,4739
6772,4751
6772,4881
6772,4960
6772,5245
6772,5409
6772,5529
6772,5602
6772,5692
6772,5978
6772,6164
6772,6502
6772,6679
6772,7060
6772,7241
6772,7255
6772,7555
6773,150
6773,403
6773,650
6773,1009
6773,1010
6773,1057
6773,1681
6773,2034
6773,2074
6773,2136
6773,2315
6773,2585
6773,2876
6773,3354
6773,3534
6773,3622
6773,4810
6773,5238
6773,5314
6773,5358
6773,5583
6773,5746
6773,5841
6773,6429
6773,7386
6774,254
6774,711
6774,813
6774,939
6774,1453
6774,1582
6774,1652
6774,2039
6774,2198
6774,2406
6774,2571
6774,3322
6774,3713
6774,3804
6774,4253
6774,4384
6774,4483
6774,4680
6774,4806
6774,6449
6774,6484
6774,6889
6774,7003
6774,7539
6775,48
6775,213
6775,259
6775,411
6775,456
6775,590
6775,604
6775,875
6775,1296
6775,1444
6775,1603
6775,1700
6775,1776
6775,1872
6775,2198
6775,2239
6775,2572
6775,2820
6775,3152
6775,3277
6775,3359
6775,3561
6775,3692
6775,3698
6775,4230
6775,4422
6775,4822
6775,5070
6775,5404
6775,5412
6775,5415
6775,5707
6775,5839
6775,6447
6775,6594
6775,7072
6775,7330
6775,7357
6775,7395
6775,7510
6776,508
6776,2616
6776,4205
6776,4429
6776,4736
6776,4837
6776,4856
6776,5086
6776,5822
6776,6050
6776,6472
6776,7068
6776,7620
6777,51
6777,107
6777,471
6777,1121
6777,1139
6777,1289
6777,1820
6777,1904
6777,2225
6777,2588
6777,3013
6777,4745
6777,5101
6777,5321
6777,5433
6777,5604
6777,5953
6777,6079
6777,6119
6777,6328
6777,6409
6777,6683
6777,6721
6777,7153
6777,7267
6777,7359
6777,7579
6778,188
6778,269
6778,593
6778,1239
6778,1377
6778,1453
6778,1663
6778,1798
6778,2239
6778,2823
6778,2913
6778,3070
6778,3080
6778,3152
6778,3183
6778,3428
6778,3538
6778,4337
6778,4376
6778,4384
6778,4422
6778,4771
6778,4952
6778,5056
6778,5167
6778,5404
6778,5707
6778,5839
6778,7395
6778,7572
6778,7582
6779,305
6779,606
6779,1757
6779,2911
6779,3183
6779,3501
6779,3698
6779,4330
6779,4384
6779,4422
6780,4325
6780,5677
6781,368
6781,1265
6781,1398
6781,1547
6781,1605
6781,1606
6781,1968
6781,2278
6781,2351
6781,2459
6781,2501
6781,2580
6781,2699
6781,3055
6781,3200
6781,3679
6781,3694
6781,3790
6781,3863
6781,4364
6781,6934
6781,6977
6781,7199
6782,234
6782,281
6782,327
6782,452
6782,1201
6782,1366
6782,1557
6782,1602
6782,2203
6782,2688
6782,2696
6782,2936
6782,3182
6782,3301
6782,3522
6782,3917
6782,4550
6782,4568
6782,5246
6782,5353
6782,6267
6782,6455
6782,6535
6782,6833
6782,7083
6782,7148
6782,7156
6783,162
6783,305
6783,862
6783,1961
6783,2304
6783,2996
6783,3716
6783,3802
6783,4440
6783,5305
6783,5483
6783,6341
6783,7038
6784,28
6784,456
6784,1185
6784,1280
6784,1347
6784,1429
6784,3164
6784,3856
6784,4033
6784,4956
6784,5393
6784,5504
6784,5628
6784,6502
6784,6572
6784,6807
6784,6852
6784,7020
6784,7035
6784,7402
6785,1810
6786,158
6786,7295
6787,98
6787,169
6787,258
6787,260
6787,261
6787,304
6787,309
6787,446
6787,482
6787,484
6787,540
6787,552
6787,593
6787,633
6787,811
6787,868
6787,1058
6787,1100
6787,1152
6787,1206
6787,1210
6787,1254
6787,1513
6787,1524
6787,1582
6787,1744
6787,1796
6787,1798
6787,1838
6787,1862
6787,1908
6787,2115
6787,2170
6787,2198
6787,2239
6787,2396
6787,2432
6787,2553
6787,2592
6787,2659
6787,2782
6787,2981
6787,3049
6787,3051
6787,3070
6787,3172
6787,3185
6787,3235
6787,3277
6787,3363
6787,3547
6787,3594
6787,3710
6787,3796
6787,3951
6787,4023
6787,4210
6787,4352
6787,4376
6787,4380
6787,4388
6787,4578
6787,4630
6787,4641
6787,4642
6787,4670
6787,4805
6787,4816
6787,5006
6787,5013
6787,5054
6787,5070
6787,5132
6787,5139
6787,5234
6787,5311
6787,5330
6787,5404
6787,5518
6787,5543
6787,5584
6787,5612
6787,5679
6787,5799
6787,5881
6787,5979
6787,5982
6787,6024
6787,6064
6787,6135
6787,6414
6787,6484
6787,6551
6787,6702
6787,6707
6787,6843
6787,6930
6787,7003
6787,7071
6787,7166
6787,7280
6787,7311
6787,7337
6787,7395
6787,7428
6787,7464
6787,7477
6787,7572
6788,679
6788,1622
6788,2468
6788,4047
6788,4123
6788,4244
6788,5270
6788,6106
6788,6288
6788,6488
6788,6508
6789,5836
6790,26
6790,419
6790,522
6790,658
6790,899
6790,1002
6790,1024
6790,1236
6790,1591
6790,1744
6790,1899
6790,2095
6790,2117
6790,2173
6790,2819
6790,2871
6790,2931
6790,3063
6790,3123
6790,3294
6790,3438
6790,3621
6790,4217
6790,4650
6790,4791
6790,4828
6790,4848
6790,5302
6790,5442
6790,5568
6790,5595
6790,5932
6790,6759
6790,6983
6790,7276
6790,7398
6790,7534
6791,96
6791,409
6791,730
6791,1055
6791,1533
6791,1638
6791,2168
6791,2439
6791,2788
6791,3231
6791,3601
6791,3755
6791,3788
6791,4144
6791,4896
6791,4923
6791,4950
6791,5537
6791,6401
6791,6428
6791,6718
6791,7011
6792,676
6792,1190
6792,3975
6792,4020
6792,4235
6792,7064
6793,328
6793,698
6793,787
6793,806
6793,909
6793,1391
6793,1583
6793,1696
6793,2090
6793,2103
6793,2260
6793,2635
6793,3543
6793,3565
6793,3597
6793,3663
6793,4614
6793,5540
6793,5602
6793,5848
6793,6164
6793,6212
6793,6534
6793,6765
6793,6771
6793,7272
6793,7555
6794,85
6794,304
6794,526
6794,942
6794,1521
6794,2039
6794,2441
6794,2911
6794,3114
6794,3177
6794,3311
6794,3506
6794,3538
6794,3758
6794,4177
6794,4313
6794,4376
6794,4384
6794,4830
6794,5231
6794,5296
6794,5623
6794,5704
6794,5917
6794,6646
6794,6760
6794,6909
6795,195
6795,1020
6795,2497
6795,3244
6795,3396
6795,3437
6795,4810
6795,4922
6795,6433
6795,7155
6796,237
6796,615
6796,2168
6796,3375
6796,3494
6796,4993
6796,5419
6796,5884
6796,6355
6797,1440
6798,546
6798,799
6798,1886
6798,1971
6798,3055
6798,4444
6798,6498
6798,7040
6798,7350
6799,3146
6800,258
6800,593
6800,659
6800,1744
6800,1899
6800,2123
6800,2198
6800,2206
6800,3221
6800,3623
6800,3704
6800,4241
6800,5372
6800,5734
6800,6887
6801,260
6801,369
6801,475
6801,951
6801,1592
6801,1663
6801,1668
6801,1798
6801,1833
6801,1842
6801,1862
6801,2106
6801,2128
6801,2239
6801,4164
6801,4787
6801,5404
6801,5641
6801,5816
6801,6265
6801,6449
6801,6492
6801,6707
6801,7023
6801,7163
6801,7210
6802,85
6802,475
6802,772
6802,903
6802,904
6802,1113
6802,1218
6802,1293
6802,1453
6802,1540
6802,1663
6802,1735
6802,1798
6802,1991
6802,2013
6802,2039
6802,2106
6802,2571
6802,2883
6802,3408
6802,3428
6802,3734
6802,3895
6802,4080
6802,4083
6802,4167
6802,4303
6802,4384
6802,4420
6802,4952
6802,5095
6802,5261
6802,5799
6802,5955
6802,6001
6802,6551
6802,6618
6802,6646
6802,6810
6802,7269
6802,7401
6802,7464
6802,7535
6802,7607
6802,7628
6803,875
6803,1406
6803,2021
6803,2239
6803,2750
6803,2905
6803,3277
6803,3532
6803,3895
6803,4952
6803,5111
6803,6617
6803,7330
6804,89
6804,260
6804,304
6804,369
6804,593
6804,951
6804,1058
6804,1513
6804,1592
6804,1668
6804,1833
6804,1842
6804,2586
6804,2711
6804,3347
6804,3456
6804,3538
6804,3646
6804,3693
6804,3748
6804,3756
6804,4787
6804,5707
6804,5740
6804,6492
6804,7044
6804,7071
6805,1058
6805,2198
6805,2848
6805,3748
6805,4113
6805,4376
6805,6702
6805,7280
6806,182
6806,314
6806,355
6806,420
6806,595
6806,667
6806,741
6806,745
6806,773
6806,884
6806,933
6806,1065
6806,1247
6806,1446
6806,1455
6806,1502
6806,1523
6806,1537
6806,1649
6806,1762
6806,1804
6806,1846
6806,1909
6806,1923
6806,2148
6806,2168
6806,2328
6806,2333
6806,2534
6806,2774
6806,2790
6806,3258
6806,3530
6806,3656
6806,3754
6806,3759
6806,3905
6806,3915
6806,4145
6806,4146
6806,4292
6806,4443
6806,4615
6806,4937
6806,4943
6806,5100
6806,5153
6806,5169
6806,5432
6806,5547
6806,5867
6806,6042
6806,6090
6806,6130
6806,6247
6806,6376
6806,6652
6806,6993
6806,7009
6806,7133
6806,7136
6806,7291
6806,7404
6807,28
6807,36
6807,41
6807,48
6807,72
6807,105
6807,167
6807,175
6807,306
6807,322
6807,366
6807,403
6807,446
6807,485
6807,513
6807,536
6807,659
6807,736
6807,751
6807,756
6807,764
6807,920
6807,924
6807,931
6807,946
6807,966
6807,1028
6807,1034
6807,1058
6807,1060
6807,1082
6807,1111
6807,1125
6807,1174
6807,1182
6807,1220
6807,1253
6807,1280
6807,1344
6807,1353
6807,1381
6807,1382
6807,1408
6807,1429
6807,1457
6807,1470
6807,1517
6807,1561
6807,1579
6807,1585
6807,1627
6807,1633
6807,1643
6807,1671
6807,1689
6807,1714
6807,1744
6807,1777
6807,1797
6807,1894
6807,1899
6807,1905
6807,1930
6807,1961
6807,1985
6807,2045
6807,2163
6807,2206
6807,2239
6807,2244
6807,2250
6807,2286
6807,2287
6807,2335
6807,2342
6807,2485
6807,2513
6807,2519
6807,2561
6807,2598
6807,2689
6807,2706
6807,2740
6807,2746
6807,2761
6807,2771
6807,2776
6807,2796
6807,2804
6807,2826
6807,2960
6807,2969
6807,3035
6807,3054
6807,3138
6807,3152
6807,3155
6807,3271
6807,3278
6807,3335
6807,3371
6807,3373
6807,3419
6807,3433
6807,3512
6807,3577
6807,3585
6807,3605
6807,3623
6807,3683
6807,3704
6807,3721
6807,3765
6807,3802
6807,3849
6807,3856
6807,3916
6807,3928
6807,4033
6807,4100
6807,4103
6807,4152
6807,4295
6807,4367
6807,4390
6807,4415
6807,4434
6807,4435
6807,4501
6807,4531
6807,4540
6807,4688
6807,4729
6807,4731
6807,4805
6807,4810
6807,4854
6807,4870
6807,4956
6807,5004
6807,5018
6807,5048
6807,5056
6807,5064
6807,5076
6807,5114
6807,5136
6807,5154
6807,5181
6807,5209
6807,5214
6807,5305
6807,5332
6807,5343
6807,5364
6807,5372
6807,5437
6807,5454
6807,5496
6807,5500
6807,5530
6807,5542
6807,5543
6807,5584
6807,5615
6807,5654
6807,5659
6807,5664
6807,5694
6807,5734
6807,5769
6807,5843
6807,5878
6807,5902
6807,5903
6807,5953
6807,5963
6807,6078
6807,6079
6807,6085
6807,6134
6807,6177
6807,6237
6807,6282
6807,6323
6807,6338
6807,6381
6807,6414
6807,6436
6807,6450
6807,6475
6807,6572
6807,6600
6807,6614
6807,6696
6807,6702
6807,6730
6807,6784
6807,6900
6807,6996
6807,7137
6807,7190
6807,7202
6807,7206
6807,7293
6807,7351
6807,7402
6807,7440
6807,7453
6807,7503
6807,7523
6807,7526
6807,7619
6808,1319
6808,4002
6808,6307
6809,140
6809,437
6809,798
6809,1085
6809,1200
6809,1398
6809,1451
6809,1547
6809,1553
6809,2085
6809,2167
6809,2178
6809,2297
6809,2429
6809,2597
6809,2851
6809,3192
6809,3200
6809,3497
6809,3639
6809,3679
6809,3694
6809,3696
6809,3790
6809,3971
6809,4018
6809,4134
6809,4370
6809,4374
6809,4597
6809,4652
6809,4815
6809,4929
6809,4996
6809,5516
6809,5579
6809,5900
6809,6150
6809,6167
6809,6248
6809,6326
6809,6456
6809,6529
6809,6820
6809,6862
6809,6903
6809,7082
6809,7089
6809,7185
6809,7199
6809,7358
6809,7429
6809,7439
6810,85
6810,103
6810,240
6810,260
6810,369
6810,538
6810,593
6810,772
6810,903
6810,1113
6810,1293
6810,1453
6810,1456
6810,1478
6810,1540
6810,1798
6810,1945
6810,2013
6810,2106
6810,2549
6810,2911
6810,3183
6810,3408
6810,3532
6810,3698
6810,3734
6810,3898
6810,4184
6810,4384
6810,4420
6810,4871
6810,4952
6810,5222
6810,5261
6810,5816
6810,6016
6810,6551
6810,6618
6810,6646
6810,6707
6810,6802
6810,7085
6810,7330
6810,7464
6810,7535
6810,7607
6810,7628
6811,85
6811,123
6811,245
6811,266
6811,552
6811,973
6811,1058
6811,1293
6811,1368
6811,1414
6811,1453
6811,1478
6811,1621
6811,1860
6811,2060
6811,2106
6811,2194
6811,2198
6811,2320
6811,2339
6811,2370
6811,2377
6811,2479
6811,2617
6811,2765
6811,3068
6811,3183
6811,3225
6811,3311
6811,3370
6811,3406
6811,3758
6811,3895
6811,3948
6811,4164
6811,4248
6811,4376
6811,4384
6811,4466
6811,4785
6811,4919
6811,4952
6811,4983
6811,5222
6811,5259
6811,5296
6811,5404
6811,5446
6811,5593
6811,5816
6811,5952
6811,6208
6811,6705
6811,6984
6811,7096
6811,7143
6811,7197
6811,7252
6811,7572
6811,7582
6812,414
6812,1765
6812,2467
6812,3752
6812,3764
6812,4192
6812,6056
6813,108
6813,241
6813,347
6813,394
6813,549
6813,1051
6813,1164
6813,1175
6813,1248
6813,1295
6813,1403
6813,1416
6813,1535
6813,1626
6813,1681
6813,1952
6813,2014
6813,2034
6813,2078
6813,2126
6813,2412
6813,2416
6813,2428
6813,2512
6813,2539
6813,2608
6813,3159
6813,3168
6813,3186
6813,3222
6813,3227
6813,3281
6813,3303
6813,3425
6813,3453
6813,3461
6813,3533
6813,3633
6813,3647
6813,3662
6813,3792
6813,3823
6813,3869
6813,4560
6813,4705
6813,5057
6813,5074
6813,5221
6813,5391
6813,5578
6813,5638
6813,5817
6813,5872
6813,6031
6813,6072
6813,6352
6813,6583
6813,6606
6813,7260
6813,7292
6813,7334
6813,7447
6813,7538
6813,7594
6813,7621
6814,193
6814,691
6814,734
6814,1072
6814,1440
6814,1869
6814,2597
6814,2606
6814,2912
6814,3735
6814,3833
6814,4000
6814,4104
6814,4332
6814,4997
6814,5861
6814,5960
6814,6025
6814,6523
6814,6768
6814,7261
6814,7316
6814,7423
6814,7620
6815,162
6815,229
6815,305
6815,308
6815,456
6815,495
6815,756
6815,766
6815,1682
6815,1802
6815,1896
6815,1962
6815,2143
6815,2198
6815,2201
6815,2239
6815,2484
6815,2522
6815,2586
6815,2751
6815,2993
6815,3022
6815,3223
6815,3330
6815,3578
6815,3664
6815,3698
6815,3723
6815,3866
6815,3895
6815,4015
6815,4433
6815,4479
6815,4863
6815,5132
6815,5305
6815,5455
6815,5467
6815,5614
6815,6098
6815,6105
6815,6282
6815,6411
6815,7067
6815,7196
6815,7222
6815,7269
6816,83
6816,231
6816,1083
6816,1124
6816,1354
6816,2720
6816,3231
6816,4221
6816,6148
6816,6366
6816,6410
6816,6425
6816,7243
6816,7356
6817,150
6817,193
6817,650
6817,878
6817,1009
6817,1010
6817,1057
6817,1164
6817,1338
6817,2034
6817,2051
6817,2074
6817,2135
6817,2136
6817,2422
6817,2539
6817,2606
6817,3038
6817,3121
6817,3154
6817,3186
6817,3233
6817,3267
6817,3354
6817,3622
6817,3746
6817,3993
6817,4346
6817,4533
6817,5358
6817,5466
6817,5583
6817,5671
6817,5746
6817,6429
6817,6436
6817,6556
6817,6606
6817,6674
6817,6991
6817,7078
6817,7281
6817,7613
6818,1164
6818,1419
6818,1554
6818,3661
6818,4907
6818,5178
6818,5411
6818,6087
6818,6577
6819,135
6819,1015
6819,1565
6819,1756
6819,1822
6819,1953
6819,2035
6819,2053
6819,2100
6819,2230
6819,2976
6819,3156
6819,3175
6819,3191
6819,3292
6819,3417
6819,3571
6819,3603
6819,4242
6819,4258
6819,4275
6819,4657
6819,4720
6819,4843
6819,4866
6819,5020
6819,5086
6819,5548
6819,5642
6819,5789
6819,6050
6819,6205
6819,6324
6819,6591
6819,7497
6819,7562
6819,7575
6820,140
6820,1200
6820,1398
6820,1451
6820,1547
6820,2167
6820,2178
6820,2429
6820,3192
6820,3200
6820,3639
6820,3696
6820,3971
6820,4018
6820,4134
6820,4374
6820,4597
6820,4652
6820,4815
6820,4929
6820,4996
6820,6167
6820,6326
6820,6529
6820,6809
6820,6862
6820,7089
6820,7199
6820,7358
6821,150
6821,325
6821,373
6821,549
6821,650
6821,1007
6821,1026
6821,1057
6821,1075
6821,1674
6821,2034
6821,2277
6821,2315
6821,2880
6821,3186
6821,3327
6821,3354
6821,3387
6821,3534
6821,3622
6821,3746
6821,3993
6821,4051
6821,4118
6821,4533
6821,5177
6821,5314
6821,5456
6821,5466
6821,5723
6821,5918
6821,6005
6821,6460
6821,6493
6821,6647
6821,6939
6821,6991
6821,7286
6822,95
6822,1390
6822,1726
6822,1901
6822,3040
6822,4672
6822,5865
6822,5869
6822,6747
6823,4258
6823,6432
6824,352
6824,526
6824,713
6824,1783
6824,3896
6824,6909
6824,7517
6825,475
6825,593
6825,727
6825,1170
6825,1668
6825,1854
6825,2198
6825,3003
6825,4376
6825,4768
6825,6413
6825,6702
6826,102
6826,407
6826,1314
6826,1393
6826,1506
6826,2721
6826,3668
6826,4432
6826,4437
6826,4690
6826,4841
6826,4898
6826,5159
6826,5207
6826,5767
6826,6053
6826,6346
6826,6869
6826,7168
6826,7495
6827,485
6827,1930
6827,2746
6828,20
6828,73
6828,137
6828,305
6828,551
6828,803
6828,860
6828,1831
6828,1877
6828,1958
6828,2071
6828,2164
6828,2248
6828,2332
6828,2384
6828,3072
6828,3394
6828,3664
6828,3698
6828,3723
6828,4141
6828,4406
6828,4422
6828,4427
6828,4479
6828,4904
6828,5146
6828,5346
6828,5375
6828,5397
6828,5420
6828,5467
6828,5513
6828,5923
6828,6001
6828,6078
6828,6395
6828,7305
6828,7344
6828,7468
6829,147
6829,481
6829,812
6829,837
6829,855
6829,992
6829,1096
6829,1223
6829,1477
6829,1622
6829,1646
6829,1683
6829,1889
6829,2468
6829,2499
6829,2827
6829,2926
6829,3180
6829,3393
6829,3452
6829,3733
6829,3904
6829,4123
6829,4244
6829,4411
6829,4485
6829,4487
6829,4498
6829,4663
6829,4681
6829,4873
6829,5737
6829,5750
6829,5974
6829,6103
6829,6106
6829,6488
6829,6508
6829,6972
6829,7024
6829,7361
6829,7489
6829,7598
6830,369
6830,593
6830,1081
6830,1663
6830,1684
6830,2198
6830,2380
6830,3330
6830,4164
6830,4384
6830,4453
6830,4578
6830,6505
6830,6678
6830,6702
6830,7170
6830,7352
6831,1058
6831,1524
6831,1999
6831,2198
6831,2239
6831,2755
6831,7501
6832,1682
6832,2198
6832,2358
6832,4952
6832,5091
6832,5234
6832,7623
6833,68
6833,281
6833,304
6833,354
6833,451
6833,452
6833,547
6833,635
6833,792
6833,1147
6833,1201
6833,1384
6833,1387
6833,1542
6833,1557
6833,1837
6833,1968
6833,1971
6833,2203
6833,2276
6833,2278
6833,2403
6833,2580
6833,2696
6833,2846
6833,2937
6833,3144
6833,3254
6833,3286
6833,3301
6833,3402
6833,3522
6833,3943
6833,4036
6833,4119
6833,4481
6833,4547
6833,4550
6833,4568
6833,4927
6833,5021
6833,5149
6833,5196
6833,5353
6833,6158
6833,6267
6833,6455
6833,6782
6833,6863
6833,6883
6833,7083
6833,7148
6833,7301
6833,7533
6833,7567
6834,28
6834,526
6834,631
6834,1429
6834,2904
6834,2988
6834,3385
6834,3443
6834,4116
6834,4805
6834,5063
6834,5428
6834,6909
6835,305
6835,382
6835,526
6835,2673
6835,3978
6835,4917
6835,6243
6835,6677
6835,7149
6836,807
6836,2162
6836,2390
6836,3327
6836,3329
6836,4136
6836,5763
6836,6274
6836,7591
6837,1051
6838,549
6838,1295
6838,1403
6838,1416
6838,1496
6838,1674
6838,1816
6838,2014
6838,2078
6838,2799
6838,3327
6838,3467
6838,3524
6838,3705
6838,3729
6838,3869
6838,4633
6838,4867
6838,7160
6838,7334
6838,7442
6838,7621
6839,1829
6839,2239
6839,2295
6839,2385
6839,2686
6839,2927
6839,2928
6839,4338
6839,4489
6839,4685
6839,5123
6839,5158
6839,5354
6840,767
6840,2250
6840,3523
6840,3825
6840,5028
6840,5465
6840,6891
6840,7400
6840,7407
6841,911
6841,1337
6841,1521
6841,2000
6841,2368
6841,2418
6841,2536
6841,2857
6841,5120
6841,5144
6841,5373
6841,5505
6841,5924
6841,6108
6841,6131
6841,6547
6841,6909
6841,7322
6842,275
6842,328
6842,516
6842,749
6842,801
6842,828
6842,1016
6842,1037
6842,1122
6842,1360
6842,1759
6842,1766
6842,1983
6842,2103
6842,2132
6842,2189
6842,2324
6842,2446
6842,2474
6842,2643
6842,2754
6842,2822
6842,3291
6842,3305
6842,3597
6842,3649
6842,3663
6842,3840
6842,4048
6842,4236
6842,4312
6842,4496
6842,4554
6842,4566
6842,4704
6842,4739
6842,4758
6842,4759
6842,5028
6842,5164
6842,5245
6842,5692
6842,6164
6842,6212
6842,6391
6842,6416
6842,6520
6842,6552
6842,6771
6842,7060
6842,7073
6842,7144
6842,7241
6842,7272
6842,7366
6842,7407
6842,7555
6843,5
6843,584
6843,881
6843,1368
6843,1592
6843,1784
6843,2239
6843,2579
6843,2765
6843,2911
6843,2981
6843,3039
6843,3125
6843,3252
6843,3748
6843,3895
6843,4164
6843,4376
6843,4787
6843,4805
6843,5404
6843,5798
6843,6016
6843,6024
6843,6208
6843,6492
6843,6787
6843,6952
6843,7044
6844,28
6844,896
6844,1280
6844,1429
6844,3704
6844,4805
6844,5114
6844,6170
6844,6600
6845,30
6845,93
6845,195
6845,434
6845,660
6845,878
6845,988
6845,1068
6845,1625
6845,1950
6845,2136
6845,2218
6845,2254
6845,2465
6845,2646
6845,2662
6845,2803
6845,3343
6845,3407
6845,3630
6845,4025
6845,4078
6845,4362
6845,4501
6845,4533
6845,5417
6845,5671
6845,6098
6845,6209
6845,6225
6845,6293
6845,6337
6845,6556
6845,7360
6845,7576
6846,1342
6846,2466
6847,3
6847,42
6847,77
6847,94
6847,169
6847,320
6847,431
6847,446
6847,456
6847,552
6847,593
6847,731
6847,770
6847,924
6847,1058
6847,1097
6847,1152
6847,1178
6847,1268
6847,1399
6847,1414
6847,1415
6847,1421
6847,1481
6847,1513
6847,1517
6847,1663
6847,1671
6847,1744
6847,1796
6847,1797
6847,1899
6847,1996
6847,2106
6847,2123
6847,2198
6847,2206
6847,2229
6847,2239
6847,2262
6847,2294
6847,2406
6847,2432
6847,2553
6847,2571
6847,2637
6847,2645
6847,2650
6847,2736
6847,2782
6847,2981
6847,3008
6847,3049
6847,3051
6847,3074
6847,3081
6847,3138
6847,3160
6847,3185
6847,3234
6847,3279
6847,3445
6847,3623
6847,3704
6847,3713
6847,3720
6847,3721
6847,4157
6847,4164
6847,4210
6847,4376
6847,4384
6847,4535
6847,4573
6847,4578
6847,4594
6847,4771
6847,4791
6847,4805
6847,4827
6847,4828
6847,4857
6847,5022
6847,5042
6847,5048
6847,5070
6847,5108
6847,5148
6847,5194
6847,5203
6847,5290
6847,5365
6847,5372
6847,5385
6847,5404
6847,5415
6847,5488
6847,5531
6847,5559
6847,5612
6847,5626
6847,5649
6847,5734
6847,5740
6847,5799
6847,5816
6847,5833
6847,5855
6847,5878
6847,5881
6847,5937
6847,5982
6847,6140
6847,6149
6847,6183
6847,6308
6847,6342
6847,6353
6847,6354
6847,6414
6847,6669
6847,6702
6847,6707
6847,6877
6847,6968
6847,7003
6847,7010
6847,7021
6847,7091
6847,7105
6847,7166
6847,7266
6847,7289
6847,7440
6847,7448
6847,7464
6847,7477
6847,7520
6847,7527
6847,7572
6847,7573
6848,85
6848,260
6848,345
6848,593
6848,789
6848,841
6848,1058
6848,1113
6848,1268
6848,1453
6848,1575
6848,1798
6848,2198
6848,2239
6848,2370
6848,2377
6848,2392
6848,2587
6848,2620
6848,2657
6848,2886
6848,2974
6848,3050
6848,3183
6848,3226
6848,3284
6848,3311
6848,3718
6848,3748
6848,3895
6848,4096
6848,4164
6848,4228
6848,4376
6848,4384
6848,4408
6848,4570
6848,4578
6848,4710
6848,4864
6848,4919
6848,5037
6848,5132
6848,5251
6848,5296
6848,5404
6848,5415
6848,5557
6848,5649
6848,5816
6848,5881
6848,6098
6848,6193
6848,6551
6848,6702
6848,6936
6848,7252
6848,7296
6848,7535
6848,7572
6849,183
6849,534
6849,593
6849,1018
6849,1538
6849,1663
6849,1684
6849,1796
6849,1805
6849,1942
6849,2198
6849,2553
6849,2575
6849,2637
6849,3184
6849,3274
6849,3720
6849,4074
6849,4538
6849,4578
6849,4590
6849,4641
6849,4669
6849,4774
6849,5120
6849,5241
6849,5348
6849,5359
6849,5734
6849,5744
6849,5979
6849,6361
6849,6373
6849,6414
6849,6551
6849,6669
6849,6673
6849,6702
6849,6754
6849,6978
6849,7010
6849,7103
6849,7215
6849,7477
6850,89
6850,258
6850,319
6850,374
6850,593
6850,633
6850,811
6850,1206
6850,1513
6850,1663
6850,1796
6850,1993
6850,2198
6850,2239
6850,2586
6850,2868
6850,3051
6850,3105
6850,3185
6850,3277
6850,3594
6850,3897
6850,4156
6850,4243
6850,4352
6850,4380
6850,4388
6850,4578
6850,4630
6850,4805
6850,4946
6850,5006
6850,5234
6850,5324
6850,5404
6850,6100
6850,6335
6850,6414
6850,6551
6850,6702
6850,6707
6850,7150
6850,7395
6850,7464
6850,7607
6851,852
6851,1036
6851,1118
6851,1246
6851,2222
6851,2612
6851,3026
6851,4362
6851,5417
6851,5535
6851,5743
6851,6209
6851,6293
6851,6298
6851,6328
6851,6358
6851,6719
6851,6868
6851,7153
6852,28
6852,72
6852,167
6852,262
6852,305
6852,403
6852,456
6852,471
6852,526
6852,536
6852,756
6852,1034
6852,1125
6852,1228
6852,1280
6852,1417
6852,1429
6852,1585
6852,1627
6852,1777
6852,1796
6852,1827
6852,1911
6852,1981
6852,2198
6852,2239
6852,2250
6852,2286
6852,2419
6852,2447
6852,2740
6852,2761
6852,2835
6852,3051
6852,3152
6852,3224
6852,3278
6852,3326
6852,3371
6852,3384
6852,3577
6852,3578
6852,3849
6852,3916
6852,4265
6852,4376
6852,4390
6852,4731
6852,4805
6852,4854
6852,4900
6852,4956
6852,4958
6852,5001
6852,5114
6852,5234
6852,5364
6852,5404
6852,5437
6852,5500
6852,5615
6852,5833
6852,5963
6852,6078
6852,6098
6852,6176
6852,6269
6852,6282
6852,6338
6852,6593
6852,6761
6852,6784
6852,6947
6852,7035
6852,7293
6852,7298
6852,7351
6852,7467
6852,7589
6853,338
6853,401
6853,1694
6853,2050
6853,2472
6853,3797
6853,5102
6853,5569
6853,6858
6853,7515
6853,7642
6853,7645
6854,1098
6854,1975
6854,2239
6854,3277
6854,3359
6854,3532
6854,4154
6854,4522
6854,6447
6854,7072
6854,7290
6854,7357
6854,7395
6855,256
6855,783
6855,884
6855,1162
6855,1326
6855,1791
6855,1903
6855,1909
6855,2666
6855,3127
6855,3143
6855,3231
6855,3494
6855,4214
6855,5581
6855,5793
6855,5973
6855,6094
6855,6130
6855,6206
6855,6635
6855,6681
6855,7198
6856,430
6856,864
6856,2404
6856,2863
6856,2879
6856,3378
6856,3595
6856,3793
6856,3883
6856,4042
6856,4862
6856,4913
6856,4973
6856,5777
6856,5785
6856,5796
6856,6386
6856,6458
6856,6721
6857,1008
6857,1235
6857,1755
6857,1878
6857,2082
6857,2464
6857,2693
6857,3728
6857,4030
6857,5792
6857,6141
6857,6471
6857,7242
6858,842
6858,1742
6858,1799
6858,1865
6858,2180
6858,2503
6858,3088
6858,3652
6858,3940
6858,4052
6858,4175
6858,4298
6858,4425
6858,4575
6858,4675
6858,4721
6858,4901
6858,5102
6858,5319
6858,5426
6858,5431
6858,5565
6858,5831
6858,5871
6858,6218
6858,6559
6858,6853
6858,7027
6858,7515
6858,7645
6859,4810
6860,29
6860,773
6860,2647
6860,3041
6860,3375
6860,3494
6860,3988
6860,5184
6860,6290
6861,429
6861,523
6861,525
6861,548
6861,1731
6861,2997
6861,3709
6861,4462
6861,4823
6861,5499
6861,6142
6861,6721
6861,7087
6861,7414
6862,140
6862,368
6862,437
6862,608
6862,798
6862,979
6862,1085
6862,1135
6862,1200
6862,1257
6862,1352
6862,1384
6862,1398
6862,1451
6862,1547
6862,1606
6862,1793
6862,1848
6862,2167
6862,2178
6862,2351
6862,2429
6862,2851
6862,3033
6862,3192
6862,3200
6862,3390
6862,3414
6862,3519
6862,3537
6862,3609
6862,3639
6862,3679
6862,3694
6862,3696
6862,3790
6862,3921
6862,3971
6862,4018
6862,4134
6862,4364
6862,4374
6862,4597
6862,4652
6862,4793
6862,4815
6862,4929
6862,4996
6862,5516
6862,5621
6862,5670
6862,5776
6862,5805
6862,5850
6862,5900
6862,5956
6862,6080
6862,6167
6862,6248
6862,6326
6862,6742
6862,6809
6862,6820
6862,6903
6862,6977
6862,7002
6862,7082
6862,7089
6862,7185
6862,7199
6862,7358
6862,7439
6863,304
6863,348
6863,354
6863,451
6863,452
6863,547
6863,594
6863,624
6863,635
6863,792
6863,823
6863,1147
6863,1154
6863,1168
6863,1201
6863,1203
6863,1208
6863,1231
6863,1265
6863,1366
6863,1387
6863,1462
6863,1542
6863,1557
6863,1571
6863,1576
6863,1605
6863,1754
6863,1837
6863,1968
6863,1971
6863,2276
6863,2278
6863,2351
6863,2403
6863,2501
6863,2578
6863,2580
6863,2642
6863,2692
6863,2696
6863,2716
6863,2841
6863,2846
6863,2858
6863,2934
6863,2937
6863,3110
6863,3254
6863,3286
6863,3301
6863,3338
6863,3390
6863,3402
6863,3505
6863,3522
6863,3769
6863,3863
6863,3943
6863,4011
6863,4036
6863,4119
6863,4132
6863,4139
6863,4166
6863,4481
6863,4550
6863,4568
6863,4844
6863,4927
6863,4977
6863,4998
6863,5021
6863,5055
6863,5073
6863,5096
6863,5149
6863,5196
6863,5233
6863,5246
6863,5353
6863,5590
6863,5712
6863,5766
6863,5956
6863,5967
6863,6011
6863,6158
6863,6292
6863,6375
6863,6659
6863,6697
6863,6833
6863,6883
6863,6938
6863,6949
6863,7028
6863,7148
6863,7301
6863,7533
6863,7567
6863,7625
6864,308
6864,1225
6864,1321
6864,1411
6864,1418
6864,1442
6864,1520
6864,2028
6864,2363
6864,2529
6864,2577
6864,2894
6864,2993
6864,3295
6864,3381
6864,3492
6864,3567
6864,3612
6864,3637
6864,3887
6864,4084
6864,4692
6864,4747
6864,4863
6864,5213
6864,5234
6864,5524
6864,5589
6864,5599
6864,5893
6864,6172
6864,6189
6864,6280
6864,6305
6864,6960
6864,7226
6864,7262
6864,7518
6865,78
6865,206
6865,338
6865,378
6865,427
6865,459
6865,647
6865,1313
6865,1332
6865,1742
6865,1781
6865,1799
6865,1827
6865,1937
6865,2022
6865,2139
6865,2250
6865,2369
6865,2503
6865,2842
6865,3019
6865,3048
6865,3288
6865,3350
6865,3416
6865,3940
6865,4052
6865,4099
6865,4175
6865,4224
6865,4298
6865,4425
6865,4515
6865,4675
6865,4721
6865,4740
6865,4911
6865,4965
6865,4981
6865,5005
6865,5102
6865,5113
6865,5242
6865,5252
6865,5319
6865,5416
6865,5426
6865,5431
6865,5565
6865,5607
6865,5655
6865,5681
6865,5831
6865,5871
6865,5954
6865,6018
6865,6132
6865,6218
6865,6220
6865,6239
6865,6273
6865,6559
6865,6734
6865,6918
6865,7027
6865,7249
6865,7431
6865,7484
6865,7515
6865,7554
6865,7642
6865,7645
6866,593
6866,632
6866,906
6866,3353
6866,4176
6866,4641
6866,6702
6867,246
6867,2000
6867,2505
6867,3557
6867,4164
6867,4320
6867,4725
6867,5132
6867,7376
6867,7600
6868,846
6868,1032
6868,1036
6868,1118
6868,1246
6868,1372
6868,1669
6868,1764
6868,2000
6868,2068
6868,2222
6868,2303
6868,2612
6868,2739
6868,3014
6868,3313
6868,3557
6868,3631
6868,3913
6868,4178
6868,4320
6868,4362
6868,4482
6868,4555
6868,4725
6868,4757
6868,4908
6868,5417
6868,5630
6868,5743
6868,5907
6868,5986
6868,5992
6868,6298
6868,6328
6868,6358
6868,6544
6868,6619
6868,6851
6868,6986
6868,7153
6868,7191
6868,7375
6868,7548
6868,7579
6869,407
6869,1314
6869,1356
6869,1393
6869,1574
6869,3067
6869,3841
6869,3877
6869,4063
6869,4432
6869,4437
6869,4690
6869,4841
6869,4898
6869,5159
6869,5323
6869,5767
6869,6053
6869,6346
6869,6826
6869,6995
6869,7123
6869,7168
6869,7183
6869,7495
6869,7549
6870,2251
6870,4379
6870,4615
6870,5107
6871,7
6871,464
6871,645
6871,697
6871,781
6871,935
6871,1213
6871,1411
6871,1471
6871,1636
6871,1895
6871,2180
6871,2475
6871,3048
6871,3204
6871,3263
6871,3315
6871,3489
6871,3738
6871,3843
6871,4035
6871,4265
6871,4363
6871,4639
6871,4640
6871,4644
6871,4648
6871,4795
6871,4897
6871,5147
6871,5236
6871,5274
6871,5275
6871,5393
6871,5395
6871,5599
6871,5727
6871,5755
6871,6081
6871,6255
6871,6607
6871,6641
6871,6891
6871,7056
6872,382
6872,526
6872,1291
6872,1493
6872,1739
6872,2122
6872,2349
6872,2626
6872,2856
6872,3246
6872,3250
6872,3784
6872,4707
6872,5641
6872,6029
6872,6522
6872,6547
6872,6909
6872,7077
6872,7240
6873,166
6873,615
6873,788
6873,1438
6873,1537
6873,1824
6873,2850
6873,3266
6873,3494
6873,3759
6873,4145
6873,4993
6873,5283
6873,5419
6873,5586
6873,5738
6873,5884
6873,6480
6874,22
6874,273
6874,519
6874,554
6874,557
6874,763
6874,794
6874,1244
6874,1587
6874,1656
6874,1845
6874,1914
6874,2240
6874,2382
6874,2756
6874,3391
6874,3460
6874,3741
6874,3881
6874,3903
6874,3941
6874,3997
6874,4008
6874,4673
6874,4802
6874,5627
6874,5686
6874,6623
6874,6653
6874,7615
6875,135
6875,798
6875,1207
6875,1419
6875,1565
6875,3175
6875,3200
6875,3694
6875,4134
6875,4258
6875,4339
6875,5548
6875,5642
6875,5905
6875,6205
6875,6285
6875,6543
6875,7315
6875,7429
6875,7575
6875,7620
6876,10
6876,349
6876,605
6876,1334
6876,1736
6876,1827
6876,1881
6876,1980
6876,2435
6876,2777
6876,3102
6876,3711
6876,3717
6876,3749
6876,4723
6876,4740
6876,4992
6876,5110
6876,5852
6876,6357
6876,7348
6876,7437
6876,7458
6876,7513
6877,304
6877,479
6877,1058
6877,1210
6877,1453
6877,1575
6877,1668
6877,1959
6877,2129
6877,2410
6877,2855
6877,2911
6877,2974
6877,3538
6877,3748
6877,4095
6877,4376
6877,4384
6877,4570
6877,4608
6877,4806
6877,5070
6877,5369
6877,5404
6877,5552
6877,5649
6877,5730
6877,5976
6877,6024
6877,6492
6877,6847
6877,6892
6877,7097
6877,7289
6877,7320
6877,7369
6877,7582
6878,40
6878,143
6878,161
6878,393
6878,456
6878,881
6878,1064
6878,1185
6878,1486
6878,2011
6878,2113
6878,2384
6878,2586
6878,2588
6878,2626
6878,2738
6878,2801
6878,3013
6878,3339
6878,3503
6878,4186
6878,4294
6878,4422
6878,4626
6878,4735
6878,4940
6878,4987
6878,5022
6878,5081
6878,5188
6878,5504
6878,5993
6878,6452
6878,6588
6878,6594
6878,7330
6878,7344
6879,499
6879,892
6879,956
6879,1084
6879,1291
6879,1448
6879,1761
6879,2092
6879,2265
6879,3134
6879,3839
6879,3920
6879,4503
6879,4990
6879,5170
6879,7307
6880,26
6880,696
6880,760
6880,766
6880,835
6880,947
6880,1113
6880,1210
6880,1418
6880,1518
6880,1581
6880,1744
6880,2198
6880,2205
6880,2239
6880,2372
6880,2487
6880,2571
6880,2683
6880,3152
6880,3370
6880,3469
6880,3548
6880,3578
6880,4198
6880,4376
6880,4768
6880,5116
6880,5234
6880,5404
6880,5676
6880,5804
6880,5891
6880,6064
6880,6219
6880,6414
6880,6437
6880,6466
6880,6702
6880,7054
6880,7071
6880,7344
6880,7395
6880,7467
6881,749
6881,1648
6881,2090
6881,2250
6881,4960
6881,5512
6882,593
6882,1545
6882,1796
6882,1798
6882,1993
6882,3051
6882,3693
6882,4157
6882,5404
6882,5881
6882,6702
6882,6707
6882,7428
6882,7464
6882,7607
6883,68
6883,104
6883,281
6883,304
6883,348
6883,354
6883,396
6883,416
6883,451
6883,452
6883,547
6883,594
6883,624
6883,635
6883,792
6883,799
6883,823
6883,929
6883,1059
6883,1071
6883,1147
6883,1154
6883,1168
6883,1201
6883,1203
6883,1208
6883,1229
6883,1231
6883,1265
6883,1349
6883,1366
6883,1387
6883,1542
6883,1557
6883,1590
6883,1605
6883,1713
6883,1779
6883,1837
6883,1968
6883,1971
6883,2029
6883,2203
6883,2276
6883,2278
6883,2351
6883,2403
6883,2578
6883,2580
6883,2587
6883,2642
6883,2692
6883,2696
6883,2716
6883,2841
6883,2846
6883,2858
6883,2919
6883,2937
6883,3055
6883,3110
6883,3254
6883,3286
6883,3301
6883,3338
6883,3390
6883,3402
6883,3505
6883,3522
6883,3535
6883,3769
6883,3943
6883,4011
6883,4036
6883,4119
6883,4132
6883,4139
6883,4166
6883,4444
6883,4481
6883,4547
6883,4550
6883,4927
6883,4977
6883,4998
6883,5021
6883,5055
6883,5073
6883,5096
6883,5111
6883,5112
6883,5149
6883,5196
6883,5233
6883,5246
6883,5353
6883,5590
6883,5712
6883,5766
6883,6011
6883,6158
6883,6375
6883,6455
6883,6498
6883,6659
6883,6697
6883,6833
6883,6863
6883,6932
6883,6938
6883,6943
6883,6949
6883,7028
6883,7066
6883,7148
6883,7301
6883,7533
6883,7567
6883,7625
6884,595
6884,667
6884,1455
6884,2333
6884,4800
6884,5053
6884,6130
6884,6247
6884,6404
6884,6993
6884,7133
6884,7291
6885,1008
6885,1235
6885,1530
6885,2082
6885,2464
6885,3977
6885,5770
6885,5792
6885,6471
6885,7242
6886,160
6886,668
6886,2585
6886,2872
6886,3524
6886,3792
6886,3824
6886,5458
6886,6433
6886,6460
6886,6516
6887,89
6887,258
6887,309
6887,319
6887,322
6887,369
6887,377
6887,383
6887,469
6887,482
6887,592
6887,593
6887,633
6887,659
6887,780
6887,800
6887,868
6887,939
6887,1018
6887,1100
6887,1206
6887,1281
6887,1286
6887,1421
6887,1429
6887,1447
6887,1513
6887,1545
6887,1628
6887,1663
6887,1671
6887,1708
6887,1711
6887,1723
6887,1738
6887,1763
6887,1796
6887,1798
6887,1834
6887,1899
6887,1908
6887,1993
6887,1997
6887,2013
6887,2060
6887,2198
6887,2239
6887,2336
6887,2340
6887,2406
6887,2432
6887,2541
6887,2615
6887,2689
6887,2782
6887,2801
6887,2812
6887,2868
6887,3008
6887,3051
6887,3063
6887,3105
6887,3123
6887,3185
6887,3277
6887,3306
6887,3364
6887,3377
6887,3380
6887,3439
6887,3502
6887,3578
6887,3594
6887,3627
6887,3854
6887,3856
6887,3946
6887,3987
6887,4074
6887,4156
6887,4243
6887,4306
6887,4337
6887,4347
6887,4380
6887,4388
6887,4402
6887,4421
6887,4510
6887,4522
6887,4578
6887,4594
6887,4669
6887,4682
6887,4755
6887,4768
6887,4792
6887,4805
6887,4870
6887,4928
6887,4934
6887,5006
6887,5105
6887,5132
6887,5148
6887,5311
6887,5372
6887,5381
6887,5399
6887,5584
6887,5703
6887,5764
6887,5878
6887,5958
6887,5966
6887,5979
6887,6066
6887,6156
6887,6183
6887,6208
6887,6321
6887,6371
6887,6403
6887,6414
6887,6448
6887,6468
6887,6497
6887,6551
6887,6669
6887,6673
6887,6702
6887,6707
6887,6800
6887,7010
6887,7059
6887,7204
6887,7280
6887,7353
6887,7395
6887,7464
6887,7540
6887,7568
6887,7607
6887,7610
6887,7619
6888,668
6888,2497
6888,3145
6888,3227
6888,4922
6888,5456
6888,6433
6889,240
6889,593
6889,1113
6889,1293
6889,1712
6889,2198
6889,6098
6889,6551
6889,6774
6889,7085
6889,7464
6890,27
6890,69
6890,89
6890,258
6890,260
6890,369
6890,377
6890,449
6890,469
6890,593
6890,1206
6890,1239
6890,1444
6890,1492
6890,1561
6890,1663
6890,1746
6890,2106
6890,2198
6890,2239
6890,2510
6890,3063
6890,3185
6890,3277
6890,3359
6890,3364
6890,3594
6890,3910
6890,3912
6890,4164
6890,4267
6890,4352
6890,4511
6890,4768
6890,4952
6890,5199
6890,5372
6890,5404
6890,5707
6890,5816
6890,6540
6890,6551
6890,6582
6890,6702
6890,7289
6890,7395
6890,7535
6890,7572
6890,7628
6891,158
6891,491
6891,645
6891,890
6891,1053
6891,1213
6891,1411
6891,1564
6891,1636
6891,1648
6891,2250
6891,2504
6891,3057
6891,3345
6891,3738
6891,4126
6891,4133
6891,4363
6891,4780
6891,5395
6891,5427
6891,5599
6891,5846
6891,6213
6891,6763
6891,6840
6891,6871
6891,7056
6892,69
6892,138
6892,260
6892,304
6892,369
6892,479
6892,593
6892,727
6892,1058
6892,1067
6892,1069
6892,1170
6892,1210
6892,1268
6892,1293
6892,1368
6892,1415
6892,1421
6892,1453
6892,1798
6892,2013
6892,2106
6892,2198
6892,2239
6892,2571
6892,2671
6892,2888
6892,3051
6892,3149
6892,3223
6892,3330
6892,3456
6892,3693
6892,3895
6892,4054
6892,4080
6892,4164
6892,4210
6892,4376
6892,4384
6892,4392
6892,4578
6892,4680
6892,4806
6892,4952
6892,5082
6892,5132
6892,5139
6892,5243
6892,5258
6892,5404
6892,5415
6892,5707
6892,5816
6892,5859
6892,5881
6892,5955
6892,6100
6892,6551
6892,6702
6892,6707
6892,6877
6892,6933
6892,6961
6892,6971
6892,7003
6892,7071
6892,7280
6892,7296
6892,7464
6892,7537
6892,7607
6893,535
6893,4932
6894,399
6894,433
6894,853
6894,890
6894,991
6894,1053
6894,1306
6894,1852
6894,2321
6894,3420
6894,3536
6894,3730
6894,3811
6894,3843
6894,4133
6894,4224
6894,4265
6894,5161
6894,5427
6894,5600
6894,5915
6894,6151
6894,6213
6894,6380
6894,6525
6894,6650
6894,6687
6895,85
6895,369
6895,593
6895,1058
6895,1293
6895,1415
6895,1453
6895,2039
6895,2106
6895,2198
6895,2239
6895,2600
6895,2913
6895,3152
6895,3559
6895,3693
6895,3748
6895,3895
6895,4071
6895,4164
6895,4376
6895,4384
6895,4680
6895,4806
6895,5082
6895,5404
6895,5816
6895,5881
6895,6551
6895,6702
6895,6707
6895,7003
6895,7046
6895,7071
6895,7395
6895,7572
6896,88
6896,395
6896,764
6896,994
6896,1052
6896,1181
6896,1534
6896,1560
6896,2041
6896,3635
6896,3783
6896,3956
6896,4189
6896,4577
6896,4817
6896,5009
6896,5226
6896,5338
6896,6048
6896,6114
6896,6431
6896,6748
6897,386
6897,413
6897,684
6897,961
6897,994
6897,1260
6897,2922
6897,2988
6897,4506
6897,4718
6897,4834
6897,5063
6897,5424
6897,6332
6897,6365
6897,6481
6897,6655
6897,6661
6898,295
6898,629
6898,1064
6898,1479
6898,1486
6898,2113
6898,2118
6898,2257
6898,2299
6898,2454
6898,2586
6898,2610
6898,2626
6898,3503
6898,3689
6898,3990
6898,4006
6898,4490
6898,4719
6898,4876
6898,4892
6898,4982
6898,4987
6898,5216
6898,5396
6898,5936
6898,5993
6898,6276
6898,6369
6898,6588
6898,6901
6898,7032
6898,7121
6898,7330
6899,932
6899,2399
6899,3231
6899,3572
6899,4237
6899,4924
6899,7460
6900,1277
6900,2286
6900,2293
6900,2447
6900,2709
6900,3197
6900,3856
6900,4435
6900,5902
6900,6807
6901,39
6901,295
6901,629
6901,1064
6901,1479
6901,1776
6901,2118
6901,2145
6901,2257
6901,2454
6901,2586
6901,2626
6901,3339
6901,3503
6901,3983
6901,3990
6901,4154
6901,4569
6901,4987
6901,5032
6901,5396
6901,5993
6901,6063
6901,6276
6901,6447
6901,6588
6901,6898
6901,7032
6901,7290
6901,7330
6902,25
6902,702
6902,838
6902,925
6902,949
6902,2095
6902,3325
6902,3699
6902,3704
6902,3899
6902,4686
6902,5964
6902,6940
6903,608
6903,798
6903,1135
6903,1352
6903,1405
6903,1451
6903,1606
6903,1793
6903,2069
6903,2085
6903,2242
6903,2851
6903,2942
6903,3033
6903,3200
6903,3414
6903,3505
6903,3537
6903,4079
6903,4339
6903,4401
6903,5477
6903,5683
6903,5905
6903,5956
6903,6080
6903,6285
6903,6543
6903,6809
6903,6862
6903,7002
6903,7082
6903,7199
6904,225
6904,305
6904,306
6904,456
6904,461
6904,526
6904,1185
6904,1563
6904,1981
6904,2198
6904,2239
6904,2529
6904,3049
6904,3578
6904,3698
6904,3866
6904,4376
6904,4422
6904,4805
6904,5772
6904,6098
6904,6381
6904,6451
6904,6624
6904,6702
6904,7452
6905,190
6905,2515
6905,2810
6905,3485
6905,3599
6905,3740
6905,4172
6905,4488
6905,4750
6905,5494
6905,6283
6905,7057
6905,7253
6905,7419
6906,85
6906,138
6906,260
6906,475
6906,479
6906,593
6906,903
6906,1058
6906,1067
6906,1293
6906,1453
6906,1575
6906,1663
6906,1784
6906,1798
6906,1840
6906,2039
6906,2106
6906,2521
6906,2671
6906,2725
6906,2888
6906,3408
6906,3502
6906,3895
6906,3958
6906,4167
6906,4184
6906,4326
6906,4369
6906,4376
6906,4384
6906,4420
6906,4578
6906,4616
6906,4658
6906,4806
6906,4864
6906,4952
6906,5084
6906,5641
6906,5689
6906,5756
6906,5799
6906,5859
6906,5955
6906,5979
6906,6265
6906,6537
6906,6551
6906,6707
6906,6933
6906,7464
6906,7487
6906,7537
6906,7582
6906,7607
6907,169
6907,258
6907,261
6907,484
6907,540
6907,593
6907,868
6907,1058
6907,1284
6907,1513
6907,1663
6907,1684
6907,1723
6907,1798
6907,1817
6907,1899
6907,2198
6907,2239
6907,2336
6907,2553
6907,2913
6907,2981
6907,3051
6907,3623
6907,3704
6907,3748
6907,3951
6907,4023
6907,4213
6907,4376
6907,4538
6907,4578
6907,4630
6907,4641
6907,4669
6907,4670
6907,4805
6907,4816
6907,5054
6907,5241
6907,5251
6907,5311
6907,5372
6907,5415
6907,5493
6907,5584
6907,5679
6907,5707
6907,5881
6907,5979
6907,6215
6907,6409
6907,6414
6907,6669
6907,6673
6907,6702
6907,6990
6907,7003
6907,7203
6907,7280
6907,7471
6907,7477
6907,7572
6908,139
6908,381
6908,621
6908,1159
6908,1230
6908,2254
6908,2515
6908,2613
6908,2705
6908,2810
6908,2880
6908,3485
6908,3599
6908,3740
6908,4078
6908,4172
6908,4488
6908,4750
6908,5076
6908,5494
6908,5763
6908,6277
6908,6283
6908,6356
6908,7057
6908,7200
6908,7253
6909,5
6909,41
6909,71
6909,212
6909,225
6909,283
6909,304
6909,321
6909,352
6909,358
6909,438
6909,455
6909,526
6909,584
6909,600
6909,655
6909,672
6909,683
6909,712
6909,713
6909,724
6909,785
6909,808
6909,809
6909,898
6909,905
6909,911
6909,921
6909,971
6909,986
6909,994
6909,1058
6909,1090
6909,1176
6909,1196
6909,1263
6909,1287
6909,1291
6909,1521
6909,1539
6909,1549
6909,1601
6909,1645
6909,1716
6909,1733
6909,1780
6909,1859
6909,1873
6909,1978
6909,1996
6909,2026
6909,2059
6909,2093
6909,2111
6909,2112
6909,2170
6909,2172
6909,2198
6909,2215
6909,2232
6909,2273
6909,2279
6909,2325
6909,2402
6909,2404
6909,2423
6909,2462
6909,2529
6909,2536
6909,2567
6909,2581
6909,2624
6909,2626
6909,2632
6909,2650
6909,2703
6909,2801
6909,2856
6909,2893
6909,2903
6909,2904
6909,2917
6909,2921
6909,2945
6909,2987
6909,3050
6909,3062
6909,3078
6909,3083
6909,3125
6909,3134
6909,3270
6909,3328
6909,3339
6909,3373
6909,3443
6909,3457
6909,3506
6909,3510
6909,3520
6909,3539
6909,3559
6909,3587
6909,3702
6909,3721
6909,3725
6909,3751
6909,3784
6909,3786
6909,3964
6909,3990
6909,4029
6909,4050
6909,4067
6909,4069
6909,4116
6909,4153
6909,4220
6909,4294
6909,4376
6909,4442
6909,4500
6909,4502
6909,4525
6909,4528
6909,4579
6909,4584
6909,4596
6909,4609
6909,4805
6909,4811
6909,4940
6909,5022
6909,5063
6909,5115
6909,5120
6909,5126
6909,5170
6909,5264
6909,5295
6909,5335
6909,5340
6909,5373
6909,5384
6909,5428
6909,5445
6909,5544
6909,5556
6909,5594
6909,5651
6909,5719
6909,5722
6909,5739
6909,5798
6909,5851
6909,5917
6909,6036
6909,6038
6909,6059
6909,6067
6909,6131
6909,6140
6909,6296
6909,6348
6909,6388
6909,6408
6909,6412
6909,6427
6909,6430
6909,6445
6909,6458
6909,6464
6909,6481
6909,6512
6909,6538
6909,6547
6909,6569
6909,6610
6909,6630
6909,6672
6909,6699
6909,6713
6909,6715
6909,6732
6909,6794
6909,6824
6909,6834
6909,6841
6909,6872
6909,6920
6909,6952
6909,7006
6909,7077
6909,7130
6909,7147
6909,7187
6909,7215
6909,7312
6909,7313
6909,7322
6909,7328
6909,7336
6909,7512
6909,7517
6909,7569
6909,7608
6909,7634
6910,150
6910,394
6910,549
6910,878
6910,1338
6910,1416
6910,2422
6910,4051
6910,4665
6910,5454
6910,5802
6910,7190
6910,7442
6910,7621
6911,456
6911,551
6911,1058
6911,1183
6911,1650
6911,1984
6911,2000
6911,2205
6911,2358
6911,2505
6911,2863
6911,3469
6911,3559
6911,3698
6911,5091
6911,5132
6911,5234
6911,5454
6911,5816
6911,5890
6911,6178
6911,6228
6911,6266
6911,6325
6911,6572
6911,7330
6912,3400
6912,5947
6912,6178
6912,7455
6913,972
6913,1041
6913,1630
6913,1759
6913,1867
6913,2019
6913,2037
6913,2281
6913,2327
6913,2389
6913,3324
6913,3528
6913,3575
6913,3815
6913,4300
6913,4539
6913,4666
6913,4739
6913,5110
6913,5497
6913,5512
6913,5588
6913,6091
6913,6104
6913,6465
6913,6679
6913,7255
6913,7566
6914,88
6914,156
6914,301
6914,395
6914,829
6914,2288
6914,2863
6914,3358
6914,3397
6914,3809
6914,4040
6914,4486
6914,4762
6914,4862
6914,5574
6914,5796
6915,695
6915,1177
6915,1446
6915,1593
6915,1617
6915,4993
6915,5256
6915,6145
6915,7343
6916,65
6916,600
6916,613
6916,631
6916,669
6916,896
6916,2026
6916,2041
6916,2111
6916,2316
6916,3233
6916,3265
6916,3443
6916,3457
6916,3956
6916,4115
6916,4456
6916,5899
6916,6569
6916,7077
6916,7250
6917,352
6917,533
6917,1418
6917,2047
6917,2871
6917,3182
6917,4217
6917,5654
6917,6506
6917,7276
6918,78
6918,206
6918,427
6918,1332
6918,1781
6918,2022
6918,2369
6918,2842
6918,3288
6918,3416
6918,4515
6918,4721
6918,4911
6918,4965
6918,4981
6918,5005
6918,5113
6918,5319
6918,5416
6918,5607
6918,5681
6918,5831
6918,6018
6918,6220
6918,6239
6918,6273
6918,6559
6918,6865
6918,7431
6918,7484
6918,7554
6918,7642
6918,7645
6919,1742
6919,1799
6919,1865
6919,3088
6919,3940
6919,4675
6919,4901
6919,4981
6919,5431
6919,5831
6919,6218
6919,7515
6919,7645
6920,71
6920,212
6920,382
6920,521
6920,584
6920,628
6920,683
6920,728
6920,921
6920,1076
6920,1196
6920,1287
6920,1493
6920,1521
6920,1549
6920,1665
6920,1733
6920,1860
6920,1904
6920,1922
6920,1978
6920,2059
6920,2186
6920,2215
6920,2325
6920,2371
6920,2450
6920,2525
6920,2529
6920,2579
6920,2673
6920,2703
6920,2903
6920,3083
6920,3455
6920,3506
6920,3520
6920,3539
6920,3559
6920,3574
6920,3702
6920,3781
6920,3784
6920,4050
6920,4067
6920,4153
6920,4177
6920,4233
6920,4313
6920,4811
6920,4893
6920,4917
6920,4987
6920,5120
6920,5471
6920,5665
6920,5798
6920,5851
6920,5917
6920,5926
6920,6026
6920,6059
6920,6118
6920,6296
6920,6412
6920,6427
6920,6522
6920,6565
6920,6610
6920,6629
6920,6713
6920,6909
6920,6966
6920,6984
6920,6992
6920,7131
6920,7422
6920,7445
6920,7569
6921,89
6921,366
6921,369
6921,431
6921,482
6921,593
6921,800
6921,811
6921,1467
6921,1744
6921,2689
6921,2812
6921,3008
6921,3051
6921,3185
6921,3439
6921,3582
6921,3987
6921,4023
6921,4157
6921,4586
6921,5707
6921,5734
6921,5799
6921,5979
6921,6082
6921,6414
6921,6702
6921,7247
6921,7280
6921,7353
6921,7440
6921,7464
6921,7619
6922,326
6922,559
6922,643
6922,1465
6922,2175
6922,2231
6922,2488
6922,2798
6922,3078
6922,3985
6922,5062
6922,5312
6922,6408
6922,6769
6922,7175
6922,7354
6922,7454
6923,593
6923,622
6923,710
6923,732
6923,1280
6923,1744
6923,1796
6923,1993
6923,2689
6923,5050
6923,5903
6923,6702
6923,7247
6924,74
6924,425
6924,481
6924,510
6924,561
6924,578
6924,618
6924,619
6924,653
6924,671
6924,782
6924,943
6924,1223
6924,1292
6924,1509
6924,1529
6924,1637
6924,1858
6924,1917
6924,2012
6924,2067
6924,2073
6924,2352
6924,2383
6924,2395
6924,2398
6924,2444
6924,2491
6924,2548
6924,2786
6924,2843
6924,2853
6924,2983
6924,3211
6924,3255
6924,3393
6924,3399
6924,3452
6924,3479
6924,3504
6924,4047
6924,4117
6924,4151
6924,4252
6924,4411
6924,4423
6924,4478
6924,4491
6924,4494
6924,4524
6924,4703
6924,4708
6924,4761
6924,4884
6924,5016
6924,5228
6924,5357
6924,5489
6924,5718
6924,5737
6924,5751
6924,5896
6924,5920
6924,5935
6924,5972
6924,6103
6924,6168
6924,6222
6924,6488
6924,6508
6924,6609
6924,6725
6924,7015
6924,7024
6924,7218
6924,7324
6924,7426
6924,7444
6924,7490
6924,7531
6925,268
6925,577
6925,805
6925,2769
6925,4646
6926,21
6926,44
6926,1007
6926,1199
6926,1407
6926,1571
6926,1576
6926,1715
6926,2353
6926,3396
6926,3556
6926,3633
6926,4222
6926,4331
6926,4389
6926,5388
6926,6136
6926,7571
6927,1490
6927,2061
6927,3067
6927,3660
6927,5570
6927,6950
6928,2182
6928,4208
6928,5934
6928,6153
6928,6231
6928,6550
6928,6635
6929,835
6929,2295
6929,2927
6929,3578
6929,4685
6929,5484
6929,7467
6930,261
6930,304
6930,484
6930,552
6930,593
6930,622
6930,633
6930,868
6930,1796
6930,1798
6930,1993
6930,2060
6930,2115
6930,2198
6930,2239
6930,3049
6930,3051
6930,3185
6930,3277
6930,3578
6930,3951
6930,4376
6930,4380
6930,4630
6930,4641
6930,4805
6930,4816
6930,5054
6930,5234
6930,5404
6930,5415
6930,5584
6930,5679
6930,5734
6930,5979
6930,6215
6930,6414
6930,6669
6930,6702
6930,6787
6930,7147
6930,7280
6930,7464
6930,7607
6931,850
6931,2975
6931,5849
6931,5906
6932,68
6932,238
6932,396
6932,406
6932,451
6932,547
6932,565
6932,574
6932,799
6932,1147
6932,1208
6932,1265
6932,1542
6932,1837
6932,1968
6932,1971
6932,2278
6932,2466
6932,2692
6932,2696
6932,2846
6932,3055
6932,3200
6932,3228
6932,3402
6932,3522
6932,4036
6932,4119
6932,4319
6932,4444
6932,4481
6932,4765
6932,5021
6932,5149
6932,5196
6932,5389
6932,6158
6932,6498
6932,6697
6932,6883
6932,6943
6932,7199
6932,7301
6932,7533
6933,85
6933,260
6933,283
6933,369
6933,479
6933,593
6933,789
6933,904
6933,1011
6933,1058
6933,1067
6933,1268
6933,1293
6933,1368
6933,1453
6933,1478
6933,1621
6933,1624
6933,1798
6933,1958
6933,2021
6933,2106
6933,2198
6933,2215
6933,2320
6933,2370
6933,2377
6933,2573
6933,2587
6933,2620
6933,2671
6933,2881
6933,2882
6933,2888
6933,2911
6933,2921
6933,3149
6933,3183
6933,3234
6933,3311
6933,3363
6933,3459
6933,3659
6933,3672
6933,3692
6933,3693
6933,3748
6933,3948
6933,3970
6933,4090
6933,4095
6933,4096
6933,4164
6933,4184
6933,4262
6933,4376
6933,4384
6933,4398
6933,4535
6933,4801
6933,4952
6933,4987
6933,5132
6933,5194
6933,5251
6933,5296
6933,5350
6933,5404
6933,5707
6933,5730
6933,5740
6933,5816
6933,5955
6933,5979
6933,6484
6933,6540
6933,6551
6933,6892
6933,6906
6933,6981
6933,7464
6933,7537
6933,7582
6934,368
6934,1968
6934,2351
6934,2459
6934,2501
6934,3200
6934,3694
6934,3863
6934,4036
6934,4364
6934,4929
6934,4955
6934,6781
6934,7199
6935,595
6935,729
6935,932
6935,1003
6935,1021
6935,1256
6935,1303
6935,1422
6935,1737
6935,2318
6935,2399
6935,2439
6935,3412
6935,3879
6935,3939
6935,4237
6935,4399
6935,5163
6935,5429
6935,5815
6935,6113
6935,6138
6935,6550
6935,6993
6935,7285
6935,7460
6935,7500
6936,85
6936,346
6936,735
6936,766
6936,1058
6936,1210
6936,1254
6936,1293
6936,1575
6936,1784
6936,2745
6936,2911
6936,3456
6936,3538
6936,3659
6936,4003
6936,4376
6936,4384
6936,4845
6936,5730
6936,6702
6936,6848
6936,6971
6936,7003
6936,7071
6936,7537
6937,1065
6937,2528
6937,3231
6937,3431
6937,3494
6937,4399
6937,4925
6937,4931
6937,6094
6937,6550
6937,6635
6938,304
6938,354
6938,452
6938,594
6938,624
6938,635
6938,792
6938,799
6938,823
6938,929
6938,1147
6938,1201
6938,1203
6938,1208
6938,1231
6938,1265
6938,1366
6938,1462
6938,1542
6938,1605
6938,1837
6938,1968
6938,1971
6938,2203
6938,2278
6938,2403
6938,2578
6938,2580
6938,2642
6938,2696
6938,2841
6938,2846
6938,2858
6938,2937
6938,3254
6938,3286
6938,3402
6938,3522
6938,3943
6938,4036
6938,4119
6938,4132
6938,4139
6938,4166
6938,4481
6938,4977
6938,5021
6938,5196
6938,5233
6938,5246
6938,5590
6938,5712
6938,5766
6938,6011
6938,6158
6938,6375
6938,6498
6938,6659
6938,6697
6938,6863
6938,6883
6938,7028
6938,7083
6938,7301
6938,7533
6938,7625
6939,6821
6939,7175
6940,25
6940,702
6940,838
6940,925
6940,949
6940,2787
6940,3325
6940,3699
6940,3899
6940,4686
6940,5964
6940,6902
6941,1280
6941,1674
6941,1856
6941,1924
6941,2505
6941,5200
6941,6241
6941,7377
6942,1000
6942,2063
6942,2239
6942,3687
6942,4832
6942,5545
6942,6264
6942,6325
6942,7300
6943,304
6943,348
6943,396
6943,416
6943,547
6943,574
6943,594
6943,624
6943,792
6943,799
6943,823
6943,1025
6943,1147
6943,1208
6943,1265
6943,1542
6943,1837
6943,1968
6943,1971
6943,2278
6943,2403
6943,2578
6943,2580
6943,2692
6943,2735
6943,2841
6943,2846
6943,2858
6943,3055
6943,3254
6943,3402
6943,3522
6943,4036
6943,4119
6943,4139
6943,4444
6943,4481
6943,4547
6943,4977
6943,4998
6943,5021
6943,5112
6943,5149
6943,5196
6943,5233
6943,5389
6943,6158
6943,6498
6943,6697
6943,6883
6943,6932
6943,7028
6943,7040
6943,7301
6943,7625
6944,913
6945,41
6945,835
6945,967
6945,1042
6945,1058
6945,1145
6945,1284
6945,1414
6945,1546
6945,1790
6945,1875
6945,1899
6945,1990
6945,2170
6945,2198
6945,2772
6945,3384
6945,3545
6945,3578
6945,3753
6945,3817
6945,4371
6945,4376
6945,4562
6945,4573
6945,4670
6945,4805
6945,5251
6945,5556
6945,6197
6945,6272
6945,6486
6945,7130
6945,7481
6946,331
6946,585
6946,769
6946,1239
6946,2000
6946,2068
6946,2162
6946,2390
6946,3329
6946,3557
6946,3573
6946,4219
6946,4308
6946,4482
6946,4507
6946,4555
6946,4725
6946,5604
6946,5839
6946,6274
6946,6298
6946,6719
6946,7548
6946,7579
6946,7591
6947,28
6947,40
6947,92
6947,143
6947,262
6947,456
6947,920
6947,1185
6947,1280
6947,1429
6947,1586
6947,1911
6947,2438
6947,2572
6947,2586
6947,2738
6947,2795
6947,2801
6947,2820
6947,3157
6947,3224
6947,3277
6947,3339
6947,3698
6947,3856
6947,3966
6947,4033
6947,4173
6947,4294
6947,4301
6947,4422
6947,4940
6947,5504
6947,5708
6947,5997
6947,6015
6947,6069
6947,6403
6947,6852
6947,7020
6947,7032
6947,7510
6947,7524
6947,7592
6948,315
6948,409
6948,730
6948,1533
6948,1772
6948,1841
6948,1920
6948,2168
6948,2182
6948,3231
6948,3601
6948,3885
6948,4208
6948,4599
6948,4896
6948,4923
6948,4945
6948,4950
6948,5934
6948,6130
6948,6401
6948,6550
6948,6718
6949,799
6949,823
6949,1265
6949,1837
6949,1968
6949,1971
6949,2278
6949,2841
6949,2858
6949,3390
6949,3402
6949,3505
6949,3694
6949,3943
6949,4036
6949,4119
6949,5021
6949,5233
6949,6158
6949,6375
6949,6697
6949,6863
6949,6883
6949,7567
6949,7625
6950,102
6950,1490
6950,2061
6950,3067
6950,3660
6950,3986
6950,5570
6950,6927
6951,20
6951,73
6951,92
6951,143
6951,305
6951,606
6951,881
6951,1361
6951,1831
6951,1938
6951,2071
6951,2239
6951,2901
6951,2993
6951,3073
6951,3359
6951,3698
6951,3891
6951,3959
6951,4168
6951,4302
6951,4376
6951,4384
6951,4422
6951,4584
6951,6297
6951,7032
6951,7296
6951,7305
6952,3
6952,5
6952,170
6952,260
6952,341
6952,410
6952,526
6952,552
6952,784
6952,898
6952,934
6952,942
6952,1047
6952,1058
6952,1210
6952,1284
6952,1357
6952,1370
6952,1414
6952,1415
6952,1518
6952,1521
6952,1575
6952,1631
6952,1642
6952,1651
6952,1655
6952,1665
6952,1667
6952,1695
6952,1784
6952,1842
6952,1884
6952,2170
6952,2198
6952,2370
6952,2441
6952,2461
6952,2637
6952,2660
6952,2736
6952,2772
6952,2798
6952,2888
6952,3061
6952,3062
6952,3114
6952,3178
6952,3183
6952,3245
6952,3334
6952,3493
6952,3510
6952,3538
6952,3748
6952,3758
6952,3762
6952,3784
6952,4164
6952,4206
6952,4216
6952,4301
6952,4304
6952,4313
6952,4376
6952,4384
6952,4408
6952,4500
6952,4525
6952,4541
6952,4543
6952,4570
6952,4608
6952,4696
6952,4714
6952,4771
6952,4919
6952,5037
6952,5115
6952,5132
6952,5231
6952,5296
6952,5312
6952,5404
6952,5531
6952,5544
6952,5641
6952,5651
6952,5707
6952,5722
6952,5832
6952,5855
6952,5976
6952,6047
6952,6067
6952,6131
6952,6228
6952,6769
6952,6843
6952,6909
6952,6954
6952,6958
6952,6990
6952,7147
6952,7163
6952,7252
6952,7277
6952,7481
6952,7519
6953,319
6953,593
6953,1467
6953,2198
6953,3683
6953,5543
6953,6702
6953,7395
6954,752
6954,754
6954,784
6954,934
6954,1058
6954,1414
6954,1575
6954,1631
6954,1655
6954,1853
6954,1862
6954,1884
6954,1954
6954,2155
6954,2215
6954,2314
6954,2587
6954,3240
6954,3521
6954,3566
6954,3672
6954,3895
6954,4216
6954,4269
6954,4320
6954,4376
6954,4466
6954,4543
6954,4549
6954,4670
6954,4830
6954,5455
6954,5550
6954,6193
6954,6553
6954,6952
6954,7084
6954,7416
6954,7448
6954,7519
6954,7585
6955,564
6955,908
6955,1358
6955,1550
6955,2044
6955,2094
6955,2378
6955,3418
6955,4769
6955,5486
6955,6555
6955,7094
6956,541
6956,649
6956,786
6956,1037
6956,1038
6956,1504
6956,1751
6956,1759
6956,1864
6956,2557
6956,2643
6956,3392
6956,3553
6956,4741
6956,4819
6956,7470
6957,139
6957,1385
6957,1416
6957,1450
6957,2477
6957,3902
6957,3949
6957,4051
6957,4628
6957,4867
6957,5047
6957,5596
6957,5802
6957,6599
6957,7427
6958,1472
6958,2198
6958,2913
6958,3049
6958,4805
6958,5234
6958,5251
6958,5340
6958,6952
6959,1058
6959,3177
6959,3698
6959,5251
6959,6613
6960,304
6960,456
6960,835
6960,1189
6960,1225
6960,1371
6960,1442
6960,1566
6960,1660
6960,1929
6960,1956
6960,1979
6960,2066
6960,2198
6960,2356
6960,2559
6960,2586
6960,2686
6960,2907
6960,2993
6960,3404
6960,3433
6960,3567
6960,3578
6960,3612
6960,3821
6960,3871
6960,3959
6960,4747
6960,4790
6960,4805
6960,4967
6960,5079
6960,5213
6960,5234
6960,5280
6960,5378
6960,5435
6960,5781
6960,5957
6960,6110
6960,6126
6960,6172
6960,6470
6960,6675
6960,6864
6960,7000
6960,7113
6960,7262
6960,7518
6960,7590
6961,137
6961,726
6961,789
6961,939
6961,942
6961,1058
6961,1268
6961,1368
6961,1414
6961,1430
6961,1453
6961,1862
6961,2143
6961,2198
6961,2239
6961,2370
6961,2377
6961,2410
6961,2441
6961,2501
6961,2587
6961,2620
6961,2736
6961,2974
6961,3018
6961,3160
6961,3177
6961,3183
6961,3226
6961,3311
6961,3616
6961,3672
6961,3693
6961,3718
6961,3748
6961,3895
6961,4054
6961,4080
6961,4164
6961,4249
6961,4269
6961,4376
6961,4384
6961,4406
6961,4570
6961,4590
6961,4670
6961,4680
6961,5296
6961,5404
6961,5455
6961,5507
6961,5623
6961,5651
6961,5707
6961,5764
6961,5816
6961,6098
6961,6202
6961,6242
6961,6705
6961,6760
6961,6892
6961,7067
6961,7252
6961,7296
6961,7369
6961,7448
6961,7572
6961,7603
6961,7612
6963,354
6963,799
6963,915
6963,929
6963,1025
6963,1033
6963,1208
6963,1542
6963,1837
6963,1971
6963,2278
6963,2858
6963,3055
6963,3402
6963,3943
6963,4119
6963,4204
6963,4319
6963,4444
6963,4481
6963,4977
6963,5149
6963,5196
6963,6498
6965,38
6965,216
6965,324
6965,453
6965,529
6965,749
6965,779
6965,1157
6965,1309
6965,1609
6965,1706
6965,1743
6965,1811
6965,2326
6965,2508
6965,2516
6965,2552
6965,2860
6965,3021
6965,3032
6965,3220
6965,3316
6965,3543
6965,3649
6965,4883
6965,4938
6965,4960
6965,5250
6965,5272
6965,5436
6965,5465
6965,5662
6965,5848
6965,6250
6965,6372
6965,6602
6965,6670
6965,6765
6966,266
6966,382
6966,677
6966,1011
6966,1296
6966,1453
6966,1521
6966,1624
6966,2215
6966,2392
6966,2729
6966,2852
6966,3330
6966,3702
6966,3959
6966,4153
6966,4384
6966,4864
6966,4893
6966,4952
6966,5091
6966,5798
6966,6412
6966,6427
6966,6713
6966,6920
6966,7269
6966,7401
6967,331
6967,544
6967,585
6967,707
6967,846
6967,980
6967,1239
6967,1252
6967,1275
6967,1285
6967,1359
6967,1669
6967,1927
6967,2000
6967,2068
6967,2228
6967,2303
6967,2719
6967,2741
6967,3313
6967,3329
6967,3351
6967,3488
6967,3557
6967,3573
6967,3631
6967,3911
6967,4178
6967,4320
6967,4362
6967,4482
6967,4549
6967,4555
6967,4725
6967,4908
6967,5014
6967,5604
6967,5630
6967,5839
6967,5992
6967,6096
6967,6179
6967,6198
6967,6298
6967,6328
6967,6358
6967,6575
6967,6719
6967,7039
6967,7153
6967,7191
6967,7375
6967,7376
6967,7441
6967,7548
6968,98
6968,261
6968,319
6968,369
6968,446
6968,456
6968,482
6968,484
6968,593
6968,633
6968,811
6968,1058
6968,1100
6968,1189
6968,1206
6968,1415
6968,1513
6968,1569
6968,1663
6968,1723
6968,1763
6968,1798
6968,1908
6968,1997
6968,2115
6968,2198
6968,2239
6968,2336
6968,2370
6968,2553
6968,2782
6968,3051
6968,3063
6968,3185
6968,3235
6968,3623
6968,3704
6968,3768
6968,3799
6968,3951
6968,4071
6968,4127
6968,4210
6968,4352
6968,4376
6968,4380
6968,4578
6968,4630
6968,4669
6968,4805
6968,4806
6968,4816
6968,4895
6968,4954
6968,5054
6968,5132
6968,5139
6968,5234
6968,5324
6968,5372
6968,5404
6968,5493
6968,5518
6968,5679
6968,5734
6968,5833
6968,5881
6968,5979
6968,6024
6968,6082
6968,6183
6968,6335
6968,6354
6968,6361
6968,6414
6968,6669
6968,6673
6968,6702
6968,6847
6968,7003
6968,7071
6968,7085
6968,7150
6968,7280
6968,7395
6968,7440
6968,7464
6968,7568
6968,7572
6968,7607
6968,7610
6969,263
6970,45
6970,108
6970,394
6970,1276
6970,1295
6970,1952
6970,1955
6970,2512
6970,3168
6970,3222
6970,3281
6970,3461
6970,3662
6970,3819
6970,3869
6970,4452
6970,5074
6970,5521
6970,5723
6970,5817
6970,5872
6970,6117
6970,6223
6970,6554
6970,7160
6970,7538
6970,7594
6971,69
6971,89
6971,260
6971,304
6971,369
6971,479
6971,552
6971,593
6971,735
6971,795
6971,814
6971,1058
6971,1067
6971,1093
6971,1113
6971,1170
6971,1211
6971,1268
6971,1284
6971,1293
6971,1330
6971,1368
6971,1415
6971,1453
6971,1472
6971,1513
6971,1521
6971,1524
6971,1784
6971,1798
6971,2013
6971,2106
6971,2198
6971,2239
6971,2571
6971,2671
6971,2888
6971,3149
6971,3456
6971,3559
6971,3748
6971,4184
6971,4355
6971,4376
6971,4384
6971,4481
6971,4806
6971,5243
6971,5296
6971,5404
6971,5707
6971,5756
6971,5859
6971,5881
6971,5955
6971,5979
6971,6082
6971,6551
6971,6702
6971,6707
6971,6892
6971,6936
6971,7071
6971,7085
6971,7180
6971,7464
6971,7487
6971,7537
6972,147
6972,481
6972,679
6972,744
6972,837
6972,1622
6972,1889
6972,2176
6972,2468
6972,2499
6972,3180
6972,3449
6972,3452
6972,3733
6972,3737
6972,3904
6972,4191
6972,4244
6972,4411
6972,4485
6972,4487
6972,4498
6972,4663
6972,4681
6972,4873
6972,5270
6972,5573
6972,5750
6972,5974
6972,6106
6972,6488
6972,6609
6972,6829
6972,7361
6972,7489
6973,3626
6974,158
6974,4447
6975,219
6975,1061
6975,1772
6975,2064
6975,2168
6975,2285
6975,3879
6975,4143
6975,4208
6975,4925
6975,4984
6975,5934
6975,6194
6975,6347
6975,6401
6975,6718
6976,835
6976,1343
6976,1795
6976,2425
6976,3578
6976,4863
6976,5213
6976,5880
6976,7467
6976,7587
6977,368
6977,1968
6977,1986
6977,2351
6977,2459
6977,2501
6977,2699
6977,3200
6977,3390
6977,3694
6977,3790
6977,3863
6977,4364
6977,4597
6977,4652
6977,6498
6977,6781
6977,6862
6977,7199
6977,7358
6978,23
6978,85
6978,183
6978,369
6978,534
6978,593
6978,906
6978,945
6978,1498
6978,1517
6978,1538
6978,1796
6978,1798
6978,1805
6978,1942
6978,1993
6978,2198
6978,2553
6978,3051
6978,3138
6978,4023
6978,4184
6978,4538
6978,4570
6978,4578
6978,4590
6978,4774
6978,5241
6978,5359
6978,5488
6978,5538
6978,5734
6978,5744
6978,5881
6978,5979
6978,6361
6978,6414
6978,6673
6978,6702
6978,6707
6978,6849
6978,7003
6978,7085
6978,7215
6978,7352
6978,7413
6978,7464
6978,7477
6979,404
6979,508
6979,664
6979,1049
6979,2836
6979,3191
6979,4291
6979,4429
6979,5434
6979,5720
6979,5854
6979,6591
6979,7421
6979,7450
6979,7620
6980,1241
6980,1979
6980,3295
6980,3480
6980,3492
6980,3578
6980,3839
6980,4503
6980,4790
6980,4805
6980,4863
6980,5455
6980,5981
6980,6409
6980,6470
6980,7125
6980,7142
6980,7587
6981,85
6981,260
6981,283
6981,479
6981,904
6981,1011
6981,1058
6981,1268
6981,1293
6981,1453
6981,1624
6981,1798
6981,2106
6981,2194
6981,2215
6981,2377
6981,2392
6981,2521
6981,2587
6981,2911
6981,2956
6981,3183
6981,3297
6981,3311
6981,3370
6981,3538
6981,3693
6981,3748
6981,3762
6981,3895
6981,4080
6981,4090
6981,4376
6981,4384
6981,4952
6981,5296
6981,5464
6981,5732
6981,6216
6981,6242
6981,6551
6981,6618
6981,6760
6981,6933
6981,7296
6981,7465
6981,7572
6982,2695
6983,26
6983,383
6983,522
6983,592
6983,739
6983,1082
6983,1194
6983,1591
6983,2095
6983,2198
6983,2556
6983,2685
6983,2778
6983,2871
6983,2887
6983,3063
6983,3247
6983,3294
6983,3657
6983,3923
6983,4082
6983,4217
6983,4345
6983,4912
6983,5133
6983,5293
6983,5302
6983,5703
6983,5932
6983,6175
6983,6343
6983,6371
6983,6790
6983,7119
6983,7276
6983,7283
6983,7534
6983,7601
6984,85
6984,593
6984,789
6984,973
6984,1293
6984,1453
6984,1862
6984,2106
6984,2215
6984,2320
6984,2370
6984,2377
6984,2755
6984,2765
6984,2911
6984,3183
6984,3284
6984,3311
6984,3370
6984,3406
6984,3408
6984,3748
6984,3895
6984,3948
6984,4210
6984,4253
6984,4313
6984,4376
6984,4384
6984,4806
6984,4952
6984,5132
6984,5222
6984,5296
6984,5350
6984,5455
6984,5707
6984,5952
6984,6303
6984,6551
6984,6731
6984,6811
6984,6920
6984,7252
6984,7296
6984,7612
6985,593
6985,1058
6985,1102
6985,1249
6985,1708
6985,1744
6985,3502
6985,3808
6985,4983
6985,5404
6985,5782
6985,5881
6985,7036
6985,7597
6986,1032
6986,1688
6986,1934
6986,3014
6986,4757
6986,5501
6986,5986
6986,6298
6986,6358
6986,6868
6987,2127
6987,2863
6988,249
6988,355
6988,376
6988,1149
6988,1807
6988,2168
6988,2413
6988,2534
6988,2874
6988,3135
6988,3147
6988,3511
6988,4005
6988,4202
6988,4322
6988,4796
6988,5803
6988,6144
6988,7108
6988,7449
6989,593
6989,924
6989,1058
6989,2198
6989,3183
6989,4376
6989,4384
6989,5404
6989,5881
6990,99
6990,540
6990,774
6990,1058
6990,1210
6990,1357
6990,1368
6990,1414
6990,1620
6990,1744
6990,1899
6990,2123
6990,2198
6990,2972
6990,3050
6990,3160
6990,3279
6990,3462
6990,3704
6990,4164
6990,4241
6990,4376
6990,4408
6990,4638
6990,4805
6990,4919
6990,5037
6990,5251
6990,5404
6990,5651
6990,5707
6990,5937
6990,5979
6990,6024
6990,6140
6990,6540
6990,6907
6990,6952
6990,7021
6990,7215
6990,7572
6991,21
6991,67
6991,150
6991,373
6991,650
6991,872
6991,1068
6991,1107
6991,1161
6991,1443
6991,1773
6991,2136
6991,2315
6991,2316
6991,2646
6991,2662
6991,2830
6991,2833
6991,3186
6991,3267
6991,3354
6991,3396
6991,3993
6991,4025
6991,4051
6991,4328
6991,4533
6991,4698
6991,5026
6991,5284
6991,5466
6991,5583
6991,5723
6991,5918
6991,6337
6991,6504
6991,6817
6991,6821
6991,7019
6991,7286
6992,23
6992,593
6992,766
6992,841
6992,1058
6992,1291
6992,1368
6992,1472
6992,1524
6992,1854
6992,1999
6992,2013
6992,2198
6992,2588
6992,3060
6992,3510
6992,3671
6992,3965
6992,4164
6992,4210
6992,4253
6992,4376
6992,4642
6992,4680
6992,4864
6992,5015
6992,5070
6992,5082
6992,5132
6992,5286
6992,5676
6992,5709
6992,5722
6992,6678
6992,6702
6992,6707
6992,6920
6992,7003
6992,7296
6992,7369
6992,7401
6993,595
6993,656
6993,817
6993,884
6993,932
6993,982
6993,1065
6993,1237
6993,1247
6993,1455
6993,1702
6993,1791
6993,2064
6993,3258
6993,4237
6993,4849
6993,4925
6993,5140
6993,5439
6993,5515
6993,5697
6993,5867
6993,6042
6993,6130
6993,6221
6993,6404
6993,6667
6993,6806
6993,6884
6993,6935
6993,7052
6993,7065
6993,7275
6993,7460
6993,7491
6994,202
6994,214
6994,784
6994,993
6994,1058
6994,1134
6994,1454
6994,1990
6994,2253
6994,2287
6994,2695
6994,2704
6994,2935
6994,3203
6994,4160
6994,4376
6994,4562
6994,4628
6994,4670
6994,4805
6994,5185
6994,5251
6994,5504
6994,5559
6994,5633
6994,6245
6994,6549
6994,6735
6994,7003
6994,7641
6995,1180
6995,1393
6995,1699
6995,3148
6995,4437
6995,4690
6995,5323
6995,5767
6995,6053
6995,6346
6995,6869
6995,7168
6995,7183
6996,28
6996,485
6996,5209
6996,6572
6996,6807
6996,7526
6997,328
6997,517
6997,541
6997,649
6997,1505
6997,1717
6997,1759
6997,1849
6997,1972
6997,2006
6997,2098
6997,2114
6997,2281
6997,2312
6997,2324
6997,2327
6997,2622
6997,2681
6997,2754
6997,2925
6997,3036
6997,3065
6997,3167
6997,3356
6997,3528
6997,3588
6997,3628
6997,3815
6997,3959
6997,4256
6997,4312
6997,4539
6997,4676
6997,4728
6997,4758
6997,5028
6997,5245
6997,5848
6997,6465
6997,6502
6997,6679
6997,7566
6997,7630
6998,941
6998,1035
6998,2505
6998,2785
6998,3227
6998,3343
6998,4346
6998,4810
6998,4926
6998,4994
6999,4172
6999,6283
7000,203
7000,215
7000,990
7000,1520
7000,1568
7000,1821
7000,2279
7000,2363
7000,2589
7000,2624
7000,2847
7000,3742
7000,3827
7000,4009
7000,4116
7000,4227
7000,5435
7000,5761
7000,6131
7000,6960
7000,7130
7000,7250
7000,7546
7001,783
7001,1824
7001,2064
7001,3143
7001,4075
7001,5283
7001,5973
7001,6130
7001,6206
7002,368
7002,799
7002,1059
7002,1135
7002,1207
7002,1307
7002,1341
7002,1352
7002,1398
7002,1405
7002,1606
7002,1793
7002,1890
7002,1968
7002,2069
7002,2085
7002,2242
7002,2278
7002,2289
7002,2580
7002,2942
7002,3033
7002,3200
7002,3390
7002,3505
7002,3519
7002,3639
7002,3694
7002,4036
7002,4079
7002,4139
7002,4229
7002,4339
7002,4364
7002,4547
7002,4794
7002,4996
7002,5096
7002,5342
7002,5477
7002,5481
7002,5621
7002,5850
7002,5905
7002,5956
7002,6023
7002,6080
7002,6285
7002,6543
7002,6862
7002,6903
7002,7082
7002,7138
7002,7199
7002,7425
7002,7567
7003,77
7003,98
7003,124
7003,220
7003,260
7003,283
7003,309
7003,345
7003,346
7003,377
7003,421
7003,446
7003,455
7003,469
7003,484
7003,593
7003,632
7003,659
7003,689
7003,726
7003,727
7003,762
7003,764
7003,811
7003,813
7003,863
7003,869
7003,906
7003,924
7003,951
7003,1017
7003,1018
7003,1058
7003,1067
7003,1093
7003,1097
7003,1152
7003,1184
7003,1210
7003,1249
7003,1254
7003,1329
7003,1370
7003,1415
7003,1447
7003,1481
7003,1485
7003,1491
7003,1569
7003,1570
7003,1631
7003,1634
7003,1663
7003,1668
7003,1708
7003,1711
7003,1763
7003,1796
7003,1797
7003,1798
7003,1809
7003,1918
7003,1959
7003,1993
7003,2030
7003,2107
7003,2115
7003,2129
7003,2198
7003,2206
7003,2262
7003,2336
7003,2340
7003,2370
7003,2380
7003,2406
7003,2410
7003,2440
7003,2471
7003,2521
7003,2540
7003,2541
7003,2553
7003,2563
7003,2571
7003,2573
7003,2587
7003,2600
7003,2615
7003,2627
7003,2634
7003,2637
7003,2645
7003,2675
7003,2738
7003,2801
7003,2882
7003,2921
7003,2931
7003,2938
7003,2981
7003,3049
7003,3050
7003,3063
7003,3074
7003,3079
7003,3138
7003,3149
7003,3172
7003,3184
7003,3188
7003,3189
7003,3234
7003,3237
7003,3279
7003,3347
7003,3363
7003,3438
7003,3446
7003,3456
7003,3469
7003,3502
7003,3514
7003,3542
7003,3593
7003,3623
7003,3646
7003,3648
7003,3659
7003,3693
7003,3697
7003,3703
7003,3718
7003,3748
7003,3909
7003,4023
7003,4024
7003,4071
7003,4090
7003,4114
7003,4157
7003,4160
7003,4164
7003,4203
7003,4210
7003,4211
7003,4213
7003,4241
7003,4243
7003,4347
7003,4376
7003,4388
7003,4402
7003,4463
7003,4465
7003,4483
7003,4510
7003,4536
7003,4538
7003,4570
7003,4573
7003,4578
7003,4592
7003,4594
7003,4595
7003,4608
7003,4630
7003,4641
7003,4642
7003,4662
7003,4691
7003,4768
7003,4787
7003,4805
7003,4806
7003,4816
7003,4827
7003,5037
7003,5048
7003,5054
7003,5070
7003,5084
7003,5095
7003,5132
7003,5148
7003,5155
7003,5201
7003,5234
7003,5251
7003,5286
7003,5328
7003,5330
7003,5348
7003,5365
7003,5372
7003,5385
7003,5404
7003,5415
7003,5468
7003,5470
7003,5493
7003,5518
7003,5559
7003,5584
7003,5612
7003,5646
7003,5649
7003,5669
7003,5679
7003,5734
7003,5799
7003,5816
7003,5833
7003,5853
7003,5859
7003,5881
7003,5937
7003,5945
7003,5955
7003,5976
7003,6021
7003,6024
7003,6034
7003,6064
7003,6066
7003,6075
7003,6100
7003,6315
7003,6354
7003,6381
7003,6400
7003,6414
7003,6449
7003,6464
7003,6475
7003,6484
7003,6492
7003,6526
7003,6540
7003,6551
7003,6597
7003,6669
7003,6692
7003,6702
7003,6723
7003,6731
7003,6774
7003,6787
7003,6847
7003,6892
7003,6895
7003,6907
7003,6936
7003,6968
7003,6978
7003,6992
7003,6994
7003,7010
7003,7023
7003,7044
7003,7046
7003,7071
7003,7091
7003,7103
7003,7105
7003,7116
7003,7150
7003,7164
7003,7166
7003,7170
7003,7174
7003,7203
7003,7215
7003,7231
7003,7319
7003,7337
7003,7352
7003,7369
7003,7448
7003,7477
7003,7520
7003,7572
7003,7573
7003,7577
7003,7578
7003,7582
7003,7597
7004,44
7004,546
7004,586
7004,1033
7004,1199
7004,1553
7004,1571
7004,1701
7004,1971
7004,2020
7004,2218
7004,2278
7004,2524
7004,2580
7004,3173
7004,3400
7004,3770
7004,3826
7004,4119
7004,4200
7004,4383
7004,4752
7004,4783
7004,5387
7004,6158
7004,7066
7004,7499
7005,308
7005,495
7005,597
7005,766
7005,1069
7005,1418
7005,1426
7005,1623
7005,1682
7005,1817
7005,2576
7005,3203
7005,3578
7005,3866
7005,4054
7005,4805
7005,5455
7005,5664
7005,5676
7005,6098
7005,6211
7005,7226
7005,7467
7006,326
7006,526
7006,584
7006,683
7006,1252
7006,1287
7006,1521
7006,1716
7006,1733
7006,2002
7006,2215
7006,2239
7006,2325
7006,2579
7006,2673
7006,3506
7006,3510
7006,3559
7006,4153
7006,4282
7006,4584
7006,5645
7006,6412
7006,6909
7006,7077
7006,7131
7006,7569
7007,92
7007,295
7007,881
7007,1064
7007,2113
7007,2145
7007,2257
7007,2450
7007,2626
7007,4049
7007,4054
7007,4062
7007,4186
7007,4422
7007,4692
7007,4716
7007,4876
7007,4904
7007,4982
7007,5396
7007,5511
7007,5936
7007,5993
7007,7121
7007,7445
7008,42
7008,260
7008,369
7008,593
7008,1040
7008,1058
7008,1210
7008,1453
7008,1575
7008,1925
7008,2198
7008,2239
7008,3377
7008,3459
7008,3748
7008,4080
7008,4257
7008,4376
7008,4384
7008,4392
7008,4422
7008,4578
7008,4806
7008,4877
7008,4952
7008,5296
7008,5404
7008,5707
7008,5756
7008,5799
7008,5816
7008,5881
7008,6291
7008,6487
7008,6551
7008,7105
7008,7320
7008,7572
7009,120
7009,595
7009,656
7009,709
7009,884
7009,932
7009,982
7009,1065
7009,1721
7009,1909
7009,2064
7009,2318
7009,3879
7009,4237
7009,4763
7009,4925
7009,5140
7009,5421
7009,5515
7009,5793
7009,5867
7009,5877
7009,6042
7009,6090
7009,6221
7009,6635
7009,6671
7009,6712
7009,6806
7009,7141
7009,7460
7010,42
7010,89
7010,169
7010,192
7010,233
7010,304
7010,366
7010,369
7010,392
7010,431
7010,593
7010,945
7010,1350
7010,1368
7010,1513
7010,1545
7010,1663
7010,1684
7010,1723
7010,1738
7010,1744
7010,1798
7010,1899
7010,1993
7010,2198
7010,2406
7010,2432
7010,2553
7010,3001
7010,3008
7010,3050
7010,3051
7010,3377
7010,3446
7010,3623
7010,3648
7010,3721
7010,4188
7010,4376
7010,4453
7010,4546
7010,4578
7010,4590
7010,4608
7010,4641
7010,4669
7010,4680
7010,4805
7010,4806
7010,4934
7010,4941
7010,5070
7010,5139
7010,5241
7010,5372
7010,5404
7010,5525
7010,5799
7010,5816
7010,5881
7010,5979
7010,5982
7010,6082
7010,6156
7010,6183
7010,6315
7010,6414
7010,6551
7010,6634
7010,6669
7010,6673
7010,6702
7010,6707
7010,6847
7010,6849
7010,6887
7010,7003
7010,7021
7010,7046
7010,7139
7010,7181
7010,7203
7010,7337
7010,7353
7010,7428
7010,7477
7010,7511
7010,7568
7010,7582
7010,7607
7011,144
7011,1055
7011,1124
7011,1262
7011,1410
7011,1638
7011,1676
7011,1823
7011,1920
7011,2140
7011,2409
7011,3231
7011,3684
7011,3747
7011,3801
7011,4613
7011,5011
7011,5421
7011,5537
7011,6550
7011,6791
7011,7317
7011,7342
7012,481
7012,679
7012,837
7012,855
7012,1622
7012,3904
7012,4244
7012,4411
7012,4459
7012,4485
7012,4663
7012,6106
7012,6222
7012,6488
7012,7383
7012,7598
7013,749
7013,1122
7013,1531
7013,1648
7013,1732
7013,1759
7013,1867
7013,1969
7013,2114
7013,2192
7013,2250
7013,2260
7013,2324
7013,2754
7013,2822
7013,3090
7013,3371
7013,4236
7013,4412
7013,4728
7013,4739
7013,4960
7013,5028
7013,5164
7013,5245
7013,5448
7013,5497
7013,5512
7013,6164
7013,6383
7013,6465
7013,6552
7013,7014
7013,7407
7014,340
7014,478
7014,1389
7014,1709
7014,1732
7014,1734
7014,1759
7014,1827
7014,1867
7014,2114
7014,2192
7014,2250
7014,2324
7014,2446
7014,2754
7014,2822
7014,2854
7014,2861
7014,3006
7014,3024
7014,3090
7014,3326
7014,3371
7014,4256
7014,4274
7014,4375
7014,4566
7014,4728
7014,5164
7014,5497
7014,5512
7014,5658
7014,6099
7014,6383
7014,6465
7014,6520
7014,6552
7014,6648
7014,7013
7014,7407
7014,7614
7015,147
7015,398
7015,481
7015,578
7015,746
7015,782
7015,1223
7015,1292
7015,2395
7015,2499
7015,2853
7015,2873
7015,3211
7015,3255
7015,3449
7015,3479
7015,4191
7015,4244
7015,4252
7015,4411
7015,4485
7015,4663
7015,5357
7015,5751
7015,5974
7015,6311
7015,6488
7015,6609
7015,6924
7015,7383
7015,7489
7015,7598
7016,1529
7016,1683
7016,2259
7016,2444
7016,4117
7016,4663
7016,4711
7016,5270
7016,6488
7016,6496
7016,6508
7016,7444
7016,7502
7016,7531
7017,593
7017,1058
7017,1357
7017,2198
7017,3750
7017,4376
7018,495
7018,1058
7018,1414
7018,1575
7018,1695
7018,1862
7018,3114
7018,3223
7018,3578
7018,3672
7018,3895
7018,4376
7018,4670
7018,5251
7018,7481
7019,150
7019,650
7019,1338
7019,1463
7019,1534
7019,1674
7019,2315
7019,2422
7019,2607
7019,3038
7019,3154
7019,3186
7019,3205
7019,3233
7019,3327
7019,3633
7019,3746
7019,4195
7019,4665
7019,4779
7019,5466
7019,5671
7019,6005
7019,6556
7019,6656
7019,6991
7020,48
7020,72
7020,106
7020,211
7020,248
7020,262
7020,411
7020,456
7020,471
7020,680
7020,966
7020,1034
7020,1228
7020,1347
7020,1429
7020,1585
7020,1603
7020,1767
7020,1782
7020,1872
7020,2070
7020,2084
7020,2239
7020,2586
7020,2820
7020,3194
7020,3561
7020,3578
7020,3849
7020,3889
7020,4031
7020,4728
7020,4731
7020,4991
7020,5188
7020,5474
7020,5674
7020,5997
7020,6176
7020,6210
7020,6761
7020,6784
7020,6947
7020,7035
7020,7293
7020,7298
7021,169
7021,309
7021,358
7021,366
7021,369
7021,431
7021,484
7021,540
7021,552
7021,593
7021,622
7021,811
7021,1097
7021,1100
7021,1210
7021,1280
7021,1429
7021,1467
7021,1620
7021,1659
7021,1663
7021,1684
7021,1744
7021,1796
7021,1838
7021,1899
7021,1993
7021,2198
7021,2239
7021,2336
7021,2376
7021,2432
7021,2485
7021,2541
7021,2553
7021,2615
7021,2637
7021,2782
7021,2801
7021,2913
7021,3008
7021,3049
7021,3051
7021,3105
7021,3185
7021,3234
7021,3551
7021,3623
7021,4023
7021,4156
7021,4217
7021,4347
7021,4376
7021,4388
7021,4531
7021,4578
7021,4670
7021,4805
7021,4895
7021,4954
7021,5013
7021,5042
7021,5054
7021,5070
7021,5108
7021,5132
7021,5148
7021,5241
7021,5255
7021,5290
7021,5311
7021,5372
7021,5385
7021,5415
7021,5584
7021,5799
7021,5833
7021,5881
7021,5903
7021,5979
7021,5982
7021,6054
7021,6082
7021,6152
7021,6188
7021,6215
7021,6315
7021,6335
7021,6354
7021,6414
7021,6669
7021,6673
7021,6702
7021,6847
7021,6990
7021,7010
7021,7042
7021,7079
7021,7105
7021,7150
7021,7170
7021,7181
7021,7266
7021,7280
7021,7311
7021,7337
7021,7428
7021,7440
7021,7464
7021,7477
7021,7511
7021,7577
7021,7607
7021,7610
7022,308
7022,495
7022,766
7022,975
7022,1343
7022,1418
7022,1546
7022,1619
7022,1794
7022,2055
7022,2089
7022,2258
7022,2372
7022,2425
7022,2524
7022,2576
7022,2993
7022,3223
7022,3466
7022,3578
7022,3665
7022,3866
7022,3871
7022,3887
7022,3895
7022,4890
7022,5179
7022,5455
7022,5652
7022,5948
7022,6211
7022,6448
7022,7029
7022,7226
7022,7307
7023,260
7023,304
7023,345
7023,593
7023,762
7023,951
7023,1415
7023,1421
7023,1513
7023,1663
7023,1796
7023,1798
7023,2115
7023,2198
7023,2239
7023,3226
7023,3693
7023,3909
7023,4157
7023,4164
7023,4376
7023,4680
7023,4768
7023,4787
7023,4806
7023,5139
7023,5344
7023,5404
7023,5881
7023,5979
7023,6492
7023,6540
7023,6669
7023,6801
7023,7003
7023,7044
7023,7464
7023,7572
7024,147
7024,481
7024,653
7024,744
7024,837
7024,1086
7024,1223
7024,1466
7024,1509
7024,1622
7024,1683
7024,2259
7024,2499
7024,2853
7024,3180
7024,3733
7024,3904
7024,4047
7024,4244
7024,4411
7024,4475
7024,4485
7024,4524
7024,4663
7024,5357
7024,5750
7024,6106
7024,6288
7024,6311
7024,6488
7024,6567
7024,6829
7024,6924
7024,7383
7024,7489
7024,7531
7024,7598
7025,530
7025,662
7025,691
7025,2492
7025,2840
7025,2994
7025,3046
7025,3957
7025,4852
7025,5026
7025,5047
7025,5260
7025,5603
7025,5894
7025,7031
7025,7063
7025,7145
7025,7260
7025,7261
7026,21
7026,52
7026,385
7026,545
7026,827
7026,1035
7026,1049
7026,1123
7026,1419
7026,1536
7026,2051
7026,2272
7026,2968
7026,3100
7026,3107
7026,3248
7026,3661
7026,4051
7026,4209
7026,4341
7026,4587
7026,4646
7026,4875
7026,5057
7026,5238
7026,5326
7026,5684
7026,5746
7026,5838
7026,6072
7026,6432
7026,7620
7027,338
7027,399
7027,401
7027,1694
7027,2022
7027,2050
7027,2139
7027,2472
7027,2503
7027,3130
7027,3536
7027,3730
7027,3797
7027,4224
7027,5569
7027,6858
7027,6865
7028,281
7028,348
7028,354
7028,452
7028,547
7028,594
7028,624
7028,635
7028,792
7028,799
7028,823
7028,929
7028,1033
7028,1114
7028,1147
7028,1168
7028,1199
7028,1201
7028,1203
7028,1208
7028,1231
7028,1265
7028,1366
7028,1542
7028,1571
7028,1576
7028,1602
7028,1754
7028,1779
7028,1837
7028,1968
7028,1971
7028,2203
7028,2278
7028,2403
7028,2578
7028,2580
7028,2642
7028,2841
7028,2858
7028,3055
7028,3110
7028,3402
7028,3522
7028,3769
7028,3943
7028,4011
7028,4036
7028,4119
7028,4132
7028,4139
7028,4166
7028,4481
7028,4568
7028,4844
7028,4977
7028,4998
7028,5021
7028,5055
7028,5073
7028,5149
7028,5233
7028,5246
7028,5712
7028,5766
7028,6011
7028,6158
7028,6204
7028,6292
7028,6375
7028,6498
7028,6659
7028,6697
7028,6863
7028,6883
7028,6938
7028,6943
7028,7148
7028,7301
7028,7533
7028,7571
7028,7625
7029,91
7029,501
7029,911
7029,1014
7029,1069
7029,1120
7029,1337
7029,1426
7029,1802
7029,1817
7029,1966
7029,1979
7029,2418
7029,2427
7029,2977
7029,3617
7029,3695
7029,3701
7029,3784
7029,3922
7029,4042
7029,4185
7029,4358
7029,4707
7029,4851
7029,5150
7029,5676
7029,5944
7029,5948
7029,6211
7029,7022
7029,7054
7029,7307
7030,630
7030,941
7030,1166
7030,1503
7030,1515
7030,1936
7030,1946
7030,2077
7030,2319
7030,2347
7030,2436
7030,2695
7030,2963
7030,3229
7030,3244
7030,3437
7030,3495
7030,4089
7030,4108
7030,5035
7030,5713
7030,6433
7030,7155
7030,7217
7031,53
7031,362
7031,662
7031,691
7031,1629
7031,2347
7031,2473
7031,2492
7031,2594
7031,2680
7031,2752
7031,2840
7031,2924
7031,3046
7031,3219
7031,3642
7031,4061
7031,4646
7031,4852
7031,5603
7031,7025
7031,7063
7031,7145
7032,39
7032,51
7032,75
7032,92
7032,106
7032,167
7032,211
7032,217
7032,248
7032,258
7032,262
7032,304
7032,305
7032,411
7032,456
7032,474
7032,483
7032,593
7032,680
7032,756
7032,766
7032,834
7032,964
7032,1034
7032,1098
7032,1129
7032,1212
7032,1215
7032,1245
7032,1315
7032,1347
7032,1379
7032,1389
7032,1409
7032,1418
7032,1442
7032,1603
7032,1722
7032,1725
7032,1872
7032,1894
7032,2013
7032,2024
7032,2062
7032,2070
7032,2084
7032,2113
7032,2143
7032,2146
7032,2164
7032,2198
7032,2211
7032,2239
7032,2415
7032,2438
7032,2586
7032,2588
7032,2610
7032,2626
7032,2648
7032,2701
7032,2761
7032,2820
7032,2901
7032,2905
7032,2993
7032,3194
7032,3207
7032,3224
7032,3302
7032,3320
7032,3330
7032,3373
7032,3515
7032,3561
7032,3585
7032,3643
7032,3686
7032,3849
7032,3866
7032,3891
7032,3895
7032,4031
7032,4067
7032,4098
7032,4186
7032,4228
7032,4241
7032,4259
7032,4376
7032,4469
7032,4569
7032,4626
7032,4719
7032,4725
7032,4822
7032,4991
7032,5001
7032,5111
7032,5188
7032,5216
7032,5263
7032,5289
7032,5368
7032,5396
7032,5404
7032,5433
7032,5455
7032,5474
7032,5503
7032,5530
7032,5674
7032,5740
7032,5864
7032,5997
7032,6159
7032,6176
7032,6210
7032,6301
7032,6379
7032,6417
7032,6447
7032,6479
7032,6511
7032,6563
7032,6594
7032,6761
7032,6898
7032,6901
7032,6947
7032,6951
7032,7035
7032,7067
7032,7128
7032,7293
7032,7298
7032,7357
7032,7359
7032,7420
7032,7589
7033,481
7033,855
7033,1622
7033,1892
7033,3584
7033,3904
7033,4459
7033,4886
7033,5038
7034,268
7034,280
7034,361
7034,577
7034,805
7034,1565
7034,2433
7034,2492
7034,2619
7034,2769
7034,3175
7034,3191
7034,4793
7034,5394
7034,5684
7034,6050
7034,6205
7034,6304
7034,6324
7034,6469
7034,7063
7034,7132
7034,7178
7034,7475
7034,7488
7034,7575
7034,7620
7034,7647
7035,143
7035,167
7035,456
7035,512
7035,1185
7035,1280
7035,1429
7035,1613
7035,1767
7035,2113
7035,2250
7035,2415
7035,2586
7035,2738
7035,2801
7035,3164
7035,3339
7035,4274
7035,4373
7035,4565
7035,4940
7035,4956
7035,4958
7035,4991
7035,5022
7035,5188
7035,5628
7035,5864
7035,6079
7035,6282
7035,6389
7035,6761
7035,6784
7035,6852
7035,7020
7035,7032
7036,61
7036,369
7036,400
7036,522
7036,687
7036,857
7036,1102
7036,1249
7036,1684
7036,1708
7036,1711
7036,1875
7036,2198
7036,2432
7036,3138
7036,3502
7036,3538
7036,3632
7036,3748
7036,3782
7036,4023
7036,4074
7036,4578
7036,4778
7036,4983
7036,5148
7036,5381
7036,5404
7036,5707
7036,5782
7036,5979
7036,6253
7036,6303
7036,6414
7036,6449
7036,6468
7036,6669
7036,6702
7036,6985
7036,7174
7036,7209
7036,7289
7036,7597
7037,773
7037,1303
7037,1533
7037,2788
7037,2874
7037,3041
7037,3366
7037,3375
7037,3494
7037,3900
7037,3988
7037,4060
7037,4088
7037,4993
7037,5419
7037,5421
7037,6423
7037,7355
7037,7530
7037,7631
7038,1961
7038,3369
7038,3600
7038,3716
7038,3802
7038,5483
7038,6783
7039,544
7039,707
7039,769
7039,846
7039,1239
7039,1252
7039,1359
7039,1657
7039,2000
7039,2068
7039,2741
7039,3557
7039,3573
7039,3911
7039,4118
7039,4362
7039,4555
7039,4725
7039,5014
7039,5301
7039,5604
7039,5630
7039,5839
7039,5971
7039,5992
7039,6179
7039,6198
7039,6298
7039,6328
7039,6575
7039,6619
7039,6719
7039,6770
7039,6967
7039,7153
7039,7191
7039,7375
7039,7376
7039,7441
7040,396
7040,532
7040,574
7040,799
7040,1147
7040,1208
7040,1369
7040,1384
7040,1837
7040,1971
7040,2846
7040,3055
7040,3200
7040,3522
7040,4059
7040,4204
7040,4444
7040,4481
7040,4929
7040,5193
7040,5196
7040,5213
7040,5695
7040,5891
7040,6498
7040,6798
7040,6943
7040,7199
7040,7301
7040,7466
7041,46
7041,1035
7041,3303
7041,3352
7041,3571
7041,3647
7041,3975
7041,4065
7041,4325
7041,4738
7041,5391
7041,5578
7041,6109
7041,6120
7041,6432
7041,6583
7041,7205
7041,7260
7041,7292
7041,7447
7041,7485
7041,7622
7042,28
7042,105
7042,947
7042,1280
7042,1429
7042,1470
7042,2198
7042,2239
7042,2286
7042,3295
7042,3578
7042,3856
7042,4805
7042,5734
7042,7021
7043,1630
7043,2281
7043,2389
7043,3558
7043,3597
7043,3815
7043,3820
7043,3874
7043,4300
7043,4539
7043,4666
7043,4728
7043,4741
7043,5588
7043,6104
7043,6666
7043,6679
7043,7144
7043,7255
7043,7566
7043,7630
7043,7648
7044,69
7044,85
7044,98
7044,240
7044,260
7044,304
7044,369
7044,431
7044,593
7044,727
7044,951
7044,1058
7044,1067
7044,1113
7044,1210
7044,1254
7044,1268
7044,1370
7044,1453
7044,1513
7044,1663
7044,1668
7044,1798
7044,1833
7044,1959
7044,2048
7044,2115
7044,2128
7044,2129
7044,2198
7044,2239
7044,2320
7044,2521
7044,2571
7044,2618
7044,2711
7044,3132
7044,3177
7044,3235
7044,3277
7044,3347
7044,3359
7044,3456
7044,3646
7044,3693
7044,3748
7044,3951
7044,4023
7044,4158
7044,4376
7044,4384
7044,4422
7044,4525
7044,4578
7044,4594
7044,4630
7044,4787
7044,4806
7044,4816
7044,5278
7044,5296
7044,5404
7044,5676
7044,5679
7044,5707
7044,5740
7044,5816
7044,5859
7044,5881
7044,5976
7044,6098
7044,6540
7044,6551
7044,6701
7044,6702
7044,6804
7044,6843
7044,7003
7044,7023
7044,7071
7044,7166
7044,7280
7044,7572
7044,7582
7045,807
7045,1029
7045,1275
7045,1348
7045,1932
7045,1950
7045,1984
7045,2214
7045,2218
7045,3351
7045,3865
7045,3982
7045,4362
7045,4518
7045,4725
7045,5101
7045,5422
7045,5506
7045,5571
7045,6061
7045,6244
7045,6328
7045,6536
7045,7107
7045,7153
7045,7498
7046,220
7046,260
7046,473
7046,593
7046,942
7046,1058
7046,1152
7046,1178
7046,1210
7046,1268
7046,1368
7046,1370
7046,1415
7046,1453
7046,1634
7046,1798
7046,1862
7046,1959
7046,1996
7046,2039
7046,2198
7046,2229
7046,2370
7046,2410
7046,2471
7046,2564
7046,2571
7046,3183
7046,3311
7046,3370
7046,3693
7046,3748
7046,3867
7046,3895
7046,4071
7046,4080
7046,4155
7046,4164
7046,4376
7046,4384
7046,4466
7046,4553
7046,4806
7046,5132
7046,5194
7046,5222
7046,5251
7046,5258
7046,5296
7046,5404
7046,5455
7046,5707
7046,5740
7046,5816
7046,5855
7046,5881
7046,6284
7046,6400
7046,6551
7046,6638
7046,6702
7046,6895
7046,7003
7046,7010
7046,7071
7046,7105
7046,7277
7046,7448
7046,7520
7046,7572
7046,7582
7047,5
7047,212
7047,571
7047,669
7047,833
7047,1196
7047,1810
7047,2111
7047,2363
7047,2529
7047,2653
7047,2917
7047,3964
7047,4593
7047,5813
7047,6174
7047,6569
7047,6610
7047,7130
7047,7250
7047,7459
7047,7608
7047,7634
7048,456
7048,4116
7048,7244
7049,101
7049,171
7049,244
7049,790
7049,941
7049,3175
7049,3244
7049,3437
7049,4209
7049,4646
7049,4906
7049,5106
7049,6169
7049,6307
7049,6504
7049,7112
7049,7532
7049,7620
7050,193
7050,209
7050,734
7050,3829
7050,5656
7050,5701
7050,6025
7050,6169
7050,6612
7050,7316
7051,668
7051,681
7051,1035
7051,3094
7051,3175
7051,3227
7051,3437
7051,4058
7051,4646
7051,5582
7051,5684
7051,6514
7051,6686
7051,6768
7051,7620
7052,3258
7052,4937
7052,5153
7052,5697
7052,5867
7052,6130
7052,6993
7053,6192
7053,6435
7054,61
7054,226
7054,287
7054,495
7054,535
7054,728
7054,766
7054,911
7054,1094
7054,1258
7054,1673
7054,1739
7054,1802
7054,1945
7054,2198
7054,2202
7054,2239
7054,2349
7054,2372
7054,2418
7054,2522
7054,2543
7054,2586
7054,2795
7054,3216
7054,3246
7054,3330
7054,3492
7054,3518
7054,3578
7054,3617
7054,3695
7054,3866
7054,3887
7054,3890
7054,4185
7054,4223
7054,4376
7054,4422
7054,4519
7054,4707
7054,5144
7054,5179
7054,5740
7054,5749
7054,5948
7054,5949
7054,5987
7054,6029
7054,6069
7054,6118
7054,6128
7054,6309
7054,6331
7054,6434
7054,6437
7054,6522
7054,6547
7054,6565
7054,6880
7054,7029
7054,7079
7054,7114
7054,7240
7054,7452
7055,520
7055,778
7055,2517
7055,2554
7055,6262
7055,6362
7055,6396
7055,7631
7056,4363
7056,6871
7056,6891
7057,134
7057,190
7057,1230
7057,2515
7057,2545
7057,3485
7057,3740
7057,4172
7057,4488
7057,4617
7057,4750
7057,5494
7057,5564
7057,5574
7057,5814
7057,5890
7057,6277
7057,6283
7057,6905
7057,6908
7057,7078
7057,7253
7057,7419
7057,7529
7059,258
7059,593
7059,1711
7059,1798
7059,2198
7059,2239
7059,3359
7059,4522
7059,4952
7059,5404
7059,5881
7059,5903
7059,6887
7059,7395
7060,442
7060,767
7060,828
7060,882
7060,1016
7060,1054
7060,1734
7060,1766
7060,1867
7060,1983
7060,2260
7060,2324
7060,2327
7060,2357
7060,2717
7060,2822
7060,3523
7060,3840
7060,4236
7060,4619
7060,4666
7060,4704
7060,4751
7060,5529
7060,5692
7060,6164
7060,6383
7060,6465
7060,6502
7060,6552
7060,6603
7060,6771
7060,6772
7060,6842
7060,7255
7060,7348
7060,7555
7061,275
7061,316
7061,328
7061,463
7061,828
7061,928
7061,1391
7061,1630
7061,1696
7061,1969
7061,1983
7061,2114
7061,2260
7061,2281
7061,2622
7061,2768
7061,3272
7061,3324
7061,3597
7061,4614
7061,4666
7061,4739
7061,4881
7061,5448
7061,5555
7061,5828
7061,5868
7061,6046
7061,6212
7061,6519
7061,6534
7061,6679
7061,7255
7062,4193
7063,53
7063,503
7063,662
7063,691
7063,887
7063,1219
7063,1242
7063,1756
7063,1812
7063,2126
7063,2473
7063,2492
7063,2840
7063,2924
7063,2994
7063,3046
7063,3222
7063,3303
7063,3425
7063,3463
7063,3642
7063,3675
7063,3823
7063,3972
7063,4646
7063,4852
7063,4926
7063,4969
7063,5043
7063,5603
7063,5605
7063,5894
7063,5970
7063,6044
7063,6698
7063,7025
7063,7031
7063,7034
7063,7260
7063,7261
7063,7367
7063,7606
7064,53
7064,209
7064,524
7064,734
7064,1117
7064,1450
7064,3142
7064,3495
7064,3586
7064,3766
7064,4014
7064,4283
7064,4646
7064,4920
7064,5035
7064,5043
7064,5310
7064,5821
7064,6169
7064,6201
7064,6307
7064,6504
7064,6792
7064,7532
7065,595
7065,741
7065,884
7065,1455
7065,1762
7065,1824
7065,2064
7065,3759
7065,4849
7065,5100
7065,5283
7065,5444
7065,5867
7065,6130
7065,6247
7065,6653
7065,6993
7065,7271
7065,7291
7066,1147
7066,1203
7066,1571
7066,1729
7066,1971
7066,2392
7066,2495
7066,2546
7066,2735
7066,2846
7066,3407
7066,3781
7066,4481
7066,5101
7066,5149
7066,5645
7066,6314
7066,6883
7066,7004
7066,7175
7066,7455
7067,33
7067,62
7067,91
7067,95
7067,124
7067,185
7067,226
7067,235
7067,321
7067,372
7067,432
7067,450
7067,502
7067,583
7067,625
7067,626
7067,629
7067,677
7067,693
7067,718
7067,766
7067,771
7067,811
7067,841
7067,904
7067,1014
7067,1027
7067,1030
7067,1066
7067,1069
7067,1070
7067,1091
7067,1094
7067,1278
7067,1284
7067,1310
7067,1339
7067,1377
7067,1418
7067,1430
7067,1431
7067,1456
7067,1479
7067,1494
7067,1499
7067,1540
7067,1589
7067,1619
7067,1673
7067,1682
7067,1700
7067,1794
7067,1802
7067,1817
7067,1854
7067,1913
7067,1935
7067,1945
7067,2009
7067,2021
7067,2028
7067,2058
7067,2118
7067,2143
7067,2171
7067,2212
7067,2299
7067,2405
7067,2427
7067,2521
7067,2522
7067,2577
7067,2620
7067,2664
7067,2671
7067,2676
7067,2763
7067,2955
7067,2977
7067,2993
7067,2999
7067,3015
7067,3037
7067,3282
7067,3330
7067,3406
7067,3421
7067,3503
7067,3547
7067,3607
7067,3671
7067,3672
7067,3691
7067,3695
7067,3762
7067,3887
7067,3890
7067,3895
7067,3898
7067,3925
7067,3927
7067,3959
7067,3965
7067,3994
7067,4006
7067,4037
7067,4046
7067,4074
7067,4097
7067,4109
7067,4111
7067,4223
7067,4230
7067,4315
7067,4333
7067,4343
7067,4349
7067,4480
7067,4490
7067,4722
7067,4764
7067,4871
7067,4890
7067,4902
7067,5000
7067,5015
7067,5080
7067,5098
7067,5171
7067,5201
7067,5218
7067,5223
7067,5261
7067,5350
7067,5388
7067,5459
7067,5464
7067,5507
7067,5508
7067,5676
7067,5709
7067,5749
7067,5785
7067,5893
7067,5941
7067,5944
7067,5981
7067,5987
7067,5998
7067,6017
7067,6063
7067,6070
7067,6098
7067,6216
7067,6242
7067,6308
7067,6395
7067,6434
7067,6437
7067,6439
7067,6507
7067,6510
7067,6538
7067,6581
7067,6588
7067,6660
7067,6705
7067,6770
7067,6815
7067,6961
7067,7032
7067,7079
7067,7101
7067,7102
7067,7171
7067,7222
7067,7269
7067,7278
7067,7330
7067,7410
7067,7443
7067,7452
7067,7478
7067,7480
7067,7486
7067,7487
7067,7580
7067,7603
7067,7612
7067,7623
7067,7635
7068,180
7068,560
7068,1680
7068,2077
7068,4019
7068,4699
7068,4837
7068,6776
7070,484
7070,593
7070,951
7070,1513
7070,1798
7070,2115
7070,2198
7070,2334
7070,3172
7070,3748
7070,4090
7070,4164
7070,4630
7070,4806
7070,4816
7070,5070
7070,5404
7070,5468
7070,5734
7070,5799
7070,5816
7070,5881
7070,6354
7070,7071
7070,7091
7070,7568
7071,14
7071,23
7071,69
7071,85
7071,138
7071,192
7071,220
7071,258
7071,260
7071,304
7071,346
7071,377
7071,455
7071,479
7071,482
7071,593
7071,659
7071,717
7071,726
7071,727
7071,735
7071,762
7071,780
7071,795
7071,800
7071,814
7071,869
7071,951
7071,1058
7071,1067
7071,1093
7071,1102
7071,1105
7071,1113
7071,1170
7071,1178
7071,1210
7071,1211
7071,1249
7071,1254
7071,1330
7071,1415
7071,1421
7071,1485
7071,1540
7071,1582
7071,1634
7071,1668
7071,1684
7071,1763
7071,1798
7071,1840
7071,1847
7071,1880
7071,1918
7071,1959
7071,1965
7071,2013
7071,2039
7071,2106
7071,2115
7071,2129
7071,2198
7071,2239
7071,2313
7071,2370
7071,2406
7071,2476
7071,2571
7071,2575
7071,2600
7071,2661
7071,2671
7071,2711
7071,2730
7071,2745
7071,2782
7071,2866
7071,2882
7071,2938
7071,2961
7071,2981
7071,3074
7071,3132
7071,3184
7071,3185
7071,3226
7071,3347
7071,3362
7071,3363
7071,3377
7071,3428
7071,3456
7071,3459
7071,3493
7071,3646
7071,3659
7071,3693
7071,3748
7071,3756
7071,3990
7071,4071
7071,4074
7071,4147
7071,4167
7071,4184
7071,4210
7071,4217
7071,4286
7071,4290
7071,4355
7071,4376
7071,4384
7071,4392
7071,4402
7071,4510
7071,4556
7071,4570
7071,4578
7071,4608
7071,4616
7071,4642
7071,4662
7071,4680
7071,4682
7071,4787
7071,4845
7071,5139
7071,5220
7071,5344
7071,5365
7071,5404
7071,5612
7071,5646
7071,5689
7071,5707
7071,5730
7071,5740
7071,5756
7071,5816
7071,5859
7071,5881
7071,5937
7071,5955
7071,5976
7071,6016
7071,6021
7071,6024
7071,6047
7071,6100
7071,6121
7071,6183
7071,6313
7071,6335
7071,6400
7071,6449
7071,6484
7071,6492
7071,6537
7071,6540
7071,6551
7071,6582
7071,6631
7071,6678
7071,6701
7071,6702
7071,6704
7071,6707
7071,6723
7071,6787
7071,6804
7071,6880
7071,6892
7071,6895
7071,6936
7071,6968
7071,6971
7071,7003
7071,7044
7071,7046
7071,7070
7071,7085
7071,7091
7071,7103
7071,7150
7071,7166
7071,7170
7071,7180
7071,7231
7071,7280
7071,7319
7071,7320
7071,7353
7071,7369
7071,7464
7071,7487
7071,7537
7071,7568
7071,7572
7071,7578
7071,7582
7071,7597
7071,7607
7071,7610
7072,92
7072,456
7072,551
7072,590
7072,616
7072,1347
7072,1586
7072,1603
7072,1776
7072,1975
7072,2043
7072,2415
7072,2586
7072,2663
7072,2831
7072,3359
7072,3532
7072,3698
7072,3849
7072,3983
7072,4021
7072,4033
7072,4039
7072,4173
7072,4422
7072,4522
7072,4729
7072,5111
7072,5376
7072,5452
7072,5503
7072,5772
7072,6015
7072,6369
7072,6403
7072,6451
7072,6775
7072,6854
7072,7102
7072,7373
7072,7510
7073,216
7073,275
7073,324
7073,453
7073,556
7073,570
7073,749
7073,828
7073,850
7073,981
7073,1360
7073,1412
7073,1428
7073,1531
7073,1583
7073,1609
7073,1648
7073,1696
7073,1759
7073,1977
7073,2006
7073,2090
7073,2134
7073,2189
7073,2250
7073,2326
7073,2474
7073,2508
7073,2596
7073,2822
7073,2849
7073,2860
7073,3021
7073,3346
7073,3543
7073,3640
7073,3649
7073,3714
7073,3722
7073,3825
7073,3830
7073,4048
7073,4070
7073,4245
7073,4412
7073,4496
7073,4603
7073,4881
7073,4883
7073,4938
7073,4960
7073,4972
7073,5045
7073,5069
7073,5164
7073,5250
7073,5272
7073,5465
7073,5602
7073,5653
7073,5662
7073,5753
7073,5848
7073,5856
7073,6250
7073,6363
7073,6372
7073,6416
7073,6532
7073,6670
7073,6765
7073,6771
7073,6842
7073,7086
7073,7238
7073,7407
7074,1393
7074,1699
7074,3148
7074,3841
7074,5407
7074,5919
7074,6346
7074,7168
7075,649
7075,937
7075,1221
7075,1630
7075,1864
7075,2037
7075,2281
7075,2357
7075,2389
7075,2557
7075,2806
7075,3167
7075,3217
7075,3392
7075,3528
7075,3820
7075,4300
7075,4441
7075,4583
7075,4666
7075,4739
7075,4741
7075,5306
7075,5588
7075,5825
7075,5828
7075,6104
7075,6679
7075,7255
7075,7566
7075,7630
7076,264
7076,1192
7076,4862
7076,5700
7077,5
7077,88
7077,225
7077,283
7077,521
7077,526
7077,655
7077,724
7077,777
7077,785
7077,808
7077,898
7077,911
7077,986
7077,1058
7077,1196
7077,1291
7077,1521
7077,1601
7077,1607
7077,1733
7077,1810
7077,1922
7077,2026
7077,2041
7077,2071
7077,2111
7077,2122
7077,2170
7077,2172
7077,2279
7077,2334
7077,2402
7077,2404
7077,2536
7077,2856
7077,2945
7077,2961
7077,3062
7077,3125
7077,3250
7077,3270
7077,3457
7077,3506
7077,3510
7077,3559
7077,3784
7077,4067
7077,4069
7077,4115
7077,4376
7077,4500
7077,4502
7077,4593
7077,4811
7077,4892
7077,5115
7077,5648
7077,6036
7077,6067
7077,6296
7077,6348
7077,6408
7077,6512
7077,6547
7077,6569
7077,6610
7077,6672
7077,6715
7077,6872
7077,6909
7077,6916
7077,7006
7077,7130
7077,7322
7077,7512
7077,7608
7078,190
7078,333
7078,1159
7078,1181
7078,1230
7078,1870
7078,2162
7078,2411
7078,2515
7078,2810
7078,3485
7078,3599
7078,3740
7078,4121
7078,4172
7078,5076
7078,5284
7078,5763
7078,5814
7078,6214
7078,6274
7078,6277
7078,6283
7078,6356
7078,6817
7078,7057
7078,7200
7078,7253
7079,33
7079,304
7079,593
7079,766
7079,780
7079,1058
7079,1069
7079,1284
7079,1575
7079,1798
7079,1826
7079,2198
7079,2239
7079,2406
7079,3049
7079,3183
7079,3185
7079,3311
7079,3330
7079,3672
7079,3796
7079,3895
7079,4054
7079,4164
7079,4376
7079,5132
7079,5143
7079,5212
7079,5234
7079,5404
7079,5455
7079,5816
7079,6098
7079,6354
7079,6702
7079,6707
7079,7021
7079,7054
7079,7067
7079,7171
7079,7296
7079,7603
7079,7612
7080,142
7080,620
7080,2602
7080,3845
7080,4379
7080,5107
7080,5361
7081,193
7081,239
7081,270
7081,577
7081,691
7081,734
7081,791
7081,880
7081,887
7081,894
7081,1072
7081,1951
7081,2308
7081,2492
7081,2742
7081,3829
7081,3833
7081,3852
7081,3972
7081,4020
7081,4260
7081,4272
7081,4332
7081,4646
7081,4852
7081,5024
7081,5057
7081,5134
7081,5514
7081,5656
7081,5690
7081,5970
7081,6025
7081,6049
7081,6072
7081,6089
7081,6147
7081,6469
7081,6515
7081,6523
7081,6698
7081,7261
7081,7316
7081,7367
7081,7618
7082,608
7082,798
7082,1135
7082,1207
7082,1547
7082,1606
7082,1839
7082,2085
7082,2242
7082,2429
7082,2851
7082,2942
7082,3033
7082,3200
7082,3414
7082,3537
7082,4134
7082,4370
7082,4401
7082,5683
7082,6080
7082,6285
7082,6543
7082,6727
7082,6809
7082,6862
7082,6903
7082,7002
7082,7199
7082,7327
7083,281
7083,327
7083,452
7083,635
7083,1144
7083,1201
7083,1203
7083,1366
7083,1557
7083,1602
7083,2203
7083,2278
7083,2580
7083,2936
7083,3133
7083,3144
7083,3182
7083,3301
7083,3522
7083,3917
7083,4132
7083,4550
7083,4568
7083,5246
7083,5353
7083,6158
7083,6267
7083,6455
7083,6782
7083,6833
7083,6938
7083,7148
7084,864
7084,934
7084,2208
7084,2314
7084,2355
7084,2863
7084,2879
7084,3540
7084,3855
7084,4094
7084,4532
7084,6954
7085,23
7085,33
7085,124
7085,169
7085,369
7085,431
7085,482
7085,593
7085,599
7085,795
7085,841
7085,903
7085,1018
7085,1058
7085,1113
7085,1214
7085,1226
7085,1268
7085,1368
7085,1421
7085,1453
7085,1492
7085,1545
7085,1621
7085,1634
7085,1668
7085,1723
7085,1784
7085,1798
7085,1907
7085,1918
7085,2013
7085,2039
7085,2198
7085,2290
7085,2313
7085,2575
7085,2671
7085,2911
7085,3051
7085,3079
7085,3093
7085,3183
7085,3184
7085,3234
7085,3237
7085,3334
7085,3363
7085,3377
7085,3593
7085,3659
7085,3867
7085,3926
7085,4086
7085,4161
7085,4303
7085,4376
7085,4384
7085,4465
7085,4608
7085,4669
7085,4806
7085,4827
7085,4864
7085,5015
7085,5022
7085,5139
7085,5148
7085,5201
7085,5278
7085,5296
7085,5344
7085,5404
7085,5538
7085,5557
7085,5707
7085,5730
7085,5756
7085,5816
7085,5859
7085,5966
7085,5979
7085,6076
7085,6414
7085,6449
7085,6597
7085,6658
7085,6673
7085,6702
7085,6714
7085,6760
7085,6810
7085,6889
7085,6968
7085,6971
7085,6978
7085,7071
7085,7170
7085,7278
7085,7296
7085,7464
7085,7568
7085,7582
7085,7607
7086,412
7086,570
7086,749
7086,1243
7086,1531
7086,1648
7086,1759
7086,1969
7086,2090
7086,2187
7086,2250
7086,2324
7086,2516
7086,2754
7086,2822
7086,2849
7086,3091
7086,3116
7086,3326
7086,3371
7086,3805
7086,3825
7086,4048
7086,4375
7086,4412
7086,4496
7086,4603
7086,4960
7086,5245
7086,5257
7086,5465
7086,5691
7086,5753
7086,5848
7086,5882
7086,6099
7086,6143
7086,6250
7086,7073
7086,7614
7087,87
7087,100
7087,159
7087,329
7087,429
7087,523
7087,601
7087,634
7087,648
7087,752
7087,1181
7087,1261
7087,1394
7087,1436
7087,1512
7087,1596
7087,1611
7087,1731
7087,1768
7087,1987
7087,2081
7087,2213
7087,2265
7087,2414
7087,2481
7087,2527
7087,2542
7087,2593
7087,2793
7087,2864
7087,2902
7087,2997
7087,3176
7087,3202
7087,3240
7087,3618
7087,4033
7087,4255
7087,4461
7087,4462
7087,4823
7087,5183
7087,5379
7087,5499
7087,5550
7087,5835
7087,6015
7087,6079
7087,6142
7087,6302
7087,6513
7087,6548
7087,6721
7087,6861
7087,7088
7087,7267
7087,7414
7087,7583
7088,660
7088,1497
7088,1534
7088,2631
7088,2986
7088,4542
7088,5044
7088,7087
7089,140
7089,368
7089,979
7089,1200
7089,1398
7089,1547
7089,2167
7089,3192
7089,3200
7089,3639
7089,3694
7089,3696
7089,3921
7089,3971
7089,4134
7089,4929
7089,4996
7089,6167
7089,6742
7089,6809
7089,6820
7089,6862
7089,7199
7089,7439
7090,305
7090,358
7090,552
7090,1210
7090,1382
7090,2198
7090,2206
7090,2215
7090,2856
7090,3049
7090,3370
7090,4248
7090,4805
7090,5070
7090,5108
7090,5132
7090,5150
7090,5155
7090,5878
7090,5888
7090,6673
7090,6723
7090,7096
7090,7143
7090,7250
7091,42
7091,593
7091,727
7091,1058
7091,1178
7091,1254
7091,1415
7091,1513
7091,1575
7091,1668
7091,1723
7091,1796
7091,1798
7091,1959
7091,2107
7091,2115
7091,2198
7091,2370
7091,2573
7091,2921
7091,2981
7091,3049
7091,3160
7091,3172
7091,3384
7091,3459
7091,3693
7091,4071
7091,4090
7091,4091
7091,4164
7091,4210
7091,4376
7091,4608
7091,4805
7091,4806
7091,5048
7091,5070
7091,5234
7091,5404
7091,5415
7091,5468
7091,5612
7091,5707
7091,5740
7091,5833
7091,5881
7091,5937
7091,5955
7091,6055
7091,6354
7091,6409
7091,6414
7091,6620
7091,6702
7091,6707
7091,6847
7091,7003
7091,7070
7091,7071
7091,7166
7091,7289
7091,7369
7091,7464
7092,247
7092,890
7092,1306
7092,1852
7092,2180
7092,3843
7092,4126
7092,4133
7092,5395
7092,6127
7093,3125
7093,3559
7093,3827
7093,4653
7093,6243
7093,7131
7093,7325
7094,9
7094,128
7094,252
7094,452
7094,564
7094,796
7094,908
7094,1300
7094,1358
7094,1435
7094,1550
7094,2027
7094,2044
7094,2094
7094,2378
7094,2707
7094,2944
7094,3365
7094,3418
7094,3478
7094,3555
7094,4277
7094,4327
7094,4430
7094,4769
7094,4882
7094,5118
7094,5192
7094,5486
7094,5625
7094,5636
7094,6555
7094,6955
7094,7393
7095,31
7095,52
7095,3967
7095,6515
7095,7611
7096,123
7096,358
7096,446
7096,526
7096,905
7096,1058
7096,1753
7096,1999
7096,2198
7096,2913
7096,3370
7096,3546
7096,3578
7096,3693
7096,4067
7096,4376
7096,4680
7096,4785
7096,4805
7096,5132
7096,5218
7096,5286
7096,5455
7096,6001
7096,6140
7096,6409
7096,6424
7096,6702
7096,6811
7096,7090
7096,7252
7096,7550
7097,26
7097,61
7097,89
7097,258
7097,309
7097,319
7097,322
7097,369
7097,377
7097,431
7097,593
7097,633
7097,800
7097,811
7097,818
7097,868
7097,947
7097,1206
7097,1280
7097,1429
7097,1467
7097,1492
7097,1663
7097,1711
7097,1723
7097,1738
7097,1796
7097,1908
7097,1993
7097,1997
7097,2198
7097,2239
7097,2336
7097,2340
7097,2380
7097,2502
7097,2586
7097,2755
7097,2795
7097,2832
7097,2913
7097,2931
7097,2981
7097,3051
7097,3105
7097,3152
7097,3185
7097,3251
7097,3277
7097,3359
7097,3364
7097,3380
7097,3502
7097,3856
7097,3946
7097,4156
7097,4184
7097,4188
7097,4203
7097,4243
7097,4352
7097,4380
7097,4522
7097,4578
7097,4630
7097,4682
7097,4771
7097,5006
7097,5148
7097,5199
7097,5214
7097,5255
7097,5302
7097,5311
7097,5324
7097,5372
7097,5679
7097,5764
7097,5799
7097,5903
7097,6077
7097,6183
7097,6381
7097,6414
7097,6497
7097,6702
7097,6707
7097,6877
7097,7150
7097,7204
7097,7247
7097,7276
7097,7280
7097,7395
7097,7440
7097,7464
7097,7610
7098,1354
7098,1410
7098,2877
7098,2951
7098,3084
7098,3361
7098,4144
7098,5297
7099,2713
7099,3838
7099,4882
7099,7223
7101,85
7101,369
7101,904
7101,1011
7101,1058
7101,1284
7101,1368
7101,1415
7101,1453
7101,1478
7101,1624
7101,2033
7101,2194
7101,2215
7101,2320
7101,2370
7101,2377
7101,2679
7101,2765
7101,2972
7101,3183
7101,3311
7101,3330
7101,3370
7101,3506
7101,3538
7101,3895
7101,3948
7101,4080
7101,4253
7101,4286
7101,4384
7101,4952
7101,5296
7101,5816
7101,5952
7101,6001
7101,6551
7101,6618
7101,6760
7101,7067
7101,7197
7101,7252
7101,7269
7101,7296
7101,7330
7101,7464
7101,7535
7101,7612
7102,75
7102,103
7102,304
7102,551
7102,881
7102,1091
7102,1215
7102,1406
7102,1478
7102,1610
7102,1722
7102,2055
7102,2059
7102,2113
7102,2143
7102,2205
7102,2529
7102,2905
7102,3037
7102,3330
7102,3503
7102,3538
7102,3559
7102,3613
7102,3664
7102,3895
7102,3950
7102,4376
7102,4952
7102,4987
7102,5111
7102,5263
7102,5452
7102,5513
7102,5864
7102,6026
7102,6063
7102,6412
7102,6466
7102,6588
7102,6617
7102,7067
7102,7072
7102,7131
7102,7330
7103,89
7103,183
7103,258
7103,304
7103,369
7103,534
7103,593
7103,722
7103,1018
7103,1058
7103,1101
7103,1210
7103,1254
7103,1293
7103,1447
7103,1634
7103,1663
7103,1668
7103,1684
7103,1738
7103,1796
7103,1798
7103,1874
7103,1899
7103,1942
7103,2013
7103,2198
7103,2262
7103,2553
7103,2575
7103,3051
7103,3185
7103,3363
7103,3648
7103,4023
7103,4376
7103,4538
7103,4578
7103,4590
7103,4941
7103,5241
7103,5365
7103,5372
7103,5404
7103,5518
7103,5641
7103,5707
7103,5734
7103,5756
7103,5799
7103,5881
7103,5937
7103,5979
7103,6082
7103,6315
7103,6414
7103,6551
7103,6673
7103,6678
7103,6702
7103,6849
7103,7003
7103,7071
7103,7170
7103,7280
7103,7352
7103,7353
7103,7428
7103,7477
7103,7577
7103,7582
7103,7597
7103,7607
7104,89
7104,124
7104,479
7104,593
7104,1738
7104,2313
7104,3277
7104,4499
7104,4658
7104,4952
7104,6039
7104,7395
7104,7464
7104,7465
7105,42
7105,89
7105,260
7105,593
7105,1113
7105,1152
7105,1178
7105,1210
7105,1268
7105,1357
7105,1415
7105,1663
7105,1738
7105,1744
7105,1899
7105,1959
7105,2115
7105,2198
7105,2239
7105,2615
7105,2736
7105,2882
7105,3049
7105,3051
7105,3074
7105,3152
7105,3359
7105,4071
7105,4080
7105,4157
7105,4164
7105,4253
7105,4347
7105,4376
7105,4384
7105,4573
7105,4578
7105,4688
7105,5042
7105,5070
7105,5290
7105,5296
7105,5404
7105,5415
7105,5612
7105,5740
7105,5799
7105,5833
7105,5881
7105,5982
7105,6039
7105,6414
7105,6540
7105,6551
7105,6707
7105,6847
7105,7003
7105,7008
7105,7021
7105,7046
7105,7289
7105,7572
7105,7582
7105,7607
7106,835
7106,1974
7106,3295
7106,3433
7106,3578
7106,3886
7106,4670
7106,4805
7106,5052
7106,5213
7106,5234
7107,223
7107,326
7107,417
7107,1026
7107,1218
7107,1252
7107,1335
7107,1610
7107,1729
7107,1904
7107,1906
7107,1984
7107,2218
7107,2221
7107,2277
7107,2325
7107,2392
7107,2488
7107,2546
7107,2579
7107,3269
7107,3351
7107,4094
7107,4096
7107,4234
7107,4282
7107,4404
7107,5101
7107,5177
7107,5571
7107,5630
7107,5840
7107,5947
7107,6061
7107,6178
7107,6266
7107,6713
7107,7045
7107,7109
7107,7195
7107,7358
7107,7371
7107,7389
7107,7455
7108,249
7108,297
7108,355
7108,376
7108,932
7108,1149
7108,1151
7108,1262
7108,1445
7108,1692
7108,1740
7108,2168
7108,2217
7108,2388
7108,2413
7108,2874
7108,3147
7108,3214
7108,3486
7108,3879
7108,4005
7108,4322
7108,4512
7108,4611
7108,5046
7108,5104
7108,5803
7108,6113
7108,6144
7108,6402
7108,6524
7108,6988
7108,7408
7108,7449
7108,7460
7108,7509
7109,223
7109,417
7109,1026
7109,1036
7109,1252
7109,1275
7109,1984
7109,2277
7109,2392
7109,2546
7109,4234
7109,5101
7109,5177
7109,5571
7109,5947
7109,6061
7109,6178
7109,6266
7109,7107
7109,7175
7109,7455
7110,147
7110,444
7110,481
7110,561
7110,688
7110,744
7110,746
7110,837
7110,1223
7110,1292
7110,1365
7110,1622
7110,1646
7110,1683
7110,2499
7110,2805
7110,2853
7110,3180
7110,3449
7110,3733
7110,4151
7110,4244
7110,4353
7110,4411
7110,4485
7110,4498
7110,4663
7110,4914
7110,5270
7110,5357
7110,5737
7110,5974
7110,6222
7110,6311
7110,6488
7110,6625
7110,7383
7110,7489
7110,7531
7110,7598
7112,202
7112,209
7112,364
7112,524
7112,764
7112,1263
7112,1279
7112,1556
7112,1748
7112,1906
7112,2052
7112,2254
7112,2524
7112,3219
7112,3239
7112,4106
7112,4232
7112,4283
7112,4305
7112,4628
7112,4994
7112,5115
7112,5337
7112,5402
7112,5664
7112,5713
7112,5965
7112,6201
7112,6246
7112,6307
7112,6458
7112,6481
7112,6501
7112,7049
7112,7145
7112,7639
7112,7641
7113,203
7113,215
7113,922
7113,1371
7113,1442
7113,1568
7113,2363
7113,2529
7113,2589
7113,2917
7113,3612
7113,3964
7113,4009
7113,4116
7113,4747
7113,4989
7113,5435
7113,6110
7113,6131
7113,6189
7113,6280
7113,6470
7113,6960
7113,7130
7114,89
7114,226
7114,258
7114,593
7114,1492
7114,1524
7114,1798
7114,2198
7114,2239
7114,2882
7114,3359
7114,3428
7114,3532
7114,3608
7114,4164
7114,4366
7114,4384
7114,4578
7114,4680
7114,4737
7114,4768
7114,4806
7114,4952
7114,5372
7114,5404
7114,5505
7114,5689
7114,5816
7114,6297
7114,6487
7114,6551
7114,6646
7114,6702
7114,6704
7114,6707
7114,7054
7114,7535
7114,7628
7115,1141
7115,2862
7115,3075
7115,4124
7115,6394
7116,34
7116,1058
7116,1129
7116,1210
7116,1481
7116,1744
7116,2253
7116,2287
7116,2410
7116,2440
7116,2513
7116,2558
7116,2587
7116,2704
7116,2935
7116,3049
7116,3384
7116,3545
7116,3817
7116,4160
7116,4371
7116,4376
7116,4573
7116,4592
7116,4595
7116,4670
7116,4691
7116,4805
7116,5037
7116,5112
7116,5177
7116,5251
7116,5556
7116,5559
7116,6486
7116,6592
7116,7003
7116,7213
7116,7448
7117,239
7117,302
7117,1219
7117,2876
7117,3833
7117,4020
7117,4325
7117,5106
7117,6031
7117,6109
7117,6120
7117,7292
7118,174
7118,316
7118,537
7118,755
7118,767
7118,926
7118,1364
7118,1391
7118,1685
7118,1827
7118,1849
7118,1851
7118,1969
7118,2114
7118,2132
7118,2235
7118,2281
7118,2387
7118,2643
7118,2768
7118,2775
7118,3116
7118,3401
7118,3523
7118,3558
7118,3597
7118,4142
7118,4300
7118,4566
7118,4666
7118,5602
7118,6091
7118,6465
7118,7407
7118,7648
7119,26
7119,419
7119,522
7119,899
7119,1004
7119,1024
7119,1236
7119,1591
7119,2095
7119,2173
7119,2294
7119,2819
7119,2859
7119,2871
7119,3123
7119,3241
7119,3257
7119,3621
7119,3807
7119,4217
7119,4650
7119,4791
7119,4828
7119,4848
7119,5061
7119,5302
7119,5442
7119,5568
7119,5595
7119,5932
7119,6054
7119,6759
7119,6983
7119,7276
7119,7283
7119,7398
7120,44
7120,891
7120,1142
7120,1516
7120,4699
7121,474
7121,629
7121,2143
7121,2257
7121,3895
7121,4719
7121,4892
7121,4982
7121,5936
7121,5993
7121,6898
7121,7007
7122,749
7122,850
7122,1412
7122,1648
7122,1743
7122,1759
7122,1969
7122,2250
7122,2508
7122,2754
7122,2849
7122,2975
7122,4666
7122,4960
7122,5028
7122,5272
7122,5465
7122,6357
7122,6532
7122,6679
7123,407
7123,1180
7123,1393
7123,1699
7123,4063
7123,4432
7123,4437
7123,4690
7123,4841
7123,4898
7123,5323
7123,5407
7123,5767
7123,6053
7123,6869
7123,7168
7123,7549
7124,517
7124,541
7124,661
7124,1272
7124,1504
7124,1630
7124,1759
7124,1864
7124,1867
7124,2114
7124,2250
7124,2260
7124,2281
7124,2324
7124,2327
7124,2754
7124,3036
7124,3167
7124,3272
7124,3371
7124,3528
7124,3815
7124,3874
7124,4264
7124,4300
7124,4539
7124,4666
7124,4728
7124,5245
7124,5668
7124,6465
7124,6520
7124,6552
7124,6603
7124,6679
7124,7255
7124,7566
7124,7630
7125,456
7125,1058
7125,1241
7125,1418
7125,1817
7125,1979
7125,2066
7125,2239
7125,2258
7125,2354
7125,2625
7125,3052
7125,3466
7125,3480
7125,3492
7125,3578
7125,3839
7125,4376
7125,4617
7125,4790
7125,4805
7125,5664
7125,5786
7125,5981
7125,6098
7125,6470
7125,6980
7125,7142
7125,7467
7125,7481
7125,7587
7126,409
7126,550
7126,1807
7126,2109
7126,3601
7126,3788
7126,3873
7126,3885
7126,4144
7126,4727
7126,4896
7126,4950
7126,5162
7126,6231
7126,6401
7126,6561
7126,6635
7126,6718
7126,7165
7127,552
7127,803
7127,920
7127,947
7127,2198
7127,2239
7127,3152
7127,4458
7127,4479
7127,4746
7127,4771
7127,5056
7127,6406
7127,6409
7127,7395
7128,1
7128,40
7128,483
7128,721
7128,856
7128,881
7128,1066
7128,1820
7128,1904
7128,1940
7128,2113
7128,2299
7128,2586
7128,2611
7128,2648
7128,2809
7128,2955
7128,3503
7128,4259
7128,4301
7128,4735
7128,4940
7128,4987
7128,5511
7128,6369
7128,6452
7128,6563
7128,6588
7128,7032
7128,7330
7128,7359
7129,195
7129,630
7129,1503
7129,1946
7129,2077
7129,3437
7129,3495
7129,4239
7129,5616
7129,5950
7129,6433
7130,15
7130,196
7130,203
7130,225
7130,526
7130,600
7130,628
7130,669
7130,672
7130,684
7130,892
7130,896
7130,971
7130,1084
7130,1291
7130,1601
7130,1645
7130,1761
7130,2026
7130,2092
7130,2093
7130,2111
7130,2172
7130,2234
7130,2363
7130,2376
7130,2402
7130,2581
7130,2650
7130,2732
7130,2783
7130,2903
7130,2920
7130,2945
7130,3062
7130,3078
7130,3443
7130,3510
7130,3725
7130,3742
7130,3779
7130,3839
7130,3896
7130,3962
7130,3964
7130,3991
7130,4009
7130,4067
7130,4115
7130,4503
7130,4541
7130,4593
7130,4653
7130,4747
7130,4754
7130,4805
7130,4917
7130,4957
7130,4967
7130,4990
7130,5063
7130,5064
7130,5115
7130,5240
7130,5264
7130,5335
7130,5544
7130,6038
7130,6110
7130,6170
7130,6174
7130,6388
7130,6512
7130,6569
7130,6672
7130,6909
7130,6945
7130,7000
7130,7047
7130,7077
7130,7113
7130,7250
7130,7312
7130,7325
7131,49
7131,73
7131,212
7131,382
7131,526
7131,551
7131,584
7131,683
7131,721
7131,808
7131,1189
7131,1287
7131,1291
7131,1511
7131,1607
7131,1624
7131,1810
7131,1919
7131,1922
7131,2186
7131,2215
7131,2325
7131,2529
7131,2536
7131,2579
7131,2673
7131,2703
7131,2903
7131,2948
7131,2999
7131,3083
7131,3125
7131,3190
7131,3506
7131,3513
7131,3559
7131,3574
7131,3702
7131,3751
7131,3762
7131,4067
7131,4153
7131,4427
7131,4584
7131,4653
7131,4811
7131,4917
7131,4957
7131,5650
7131,5665
7131,5851
7131,6026
7131,6059
7131,6243
7131,6296
7131,6395
7131,6412
7131,6427
7131,6610
7131,6677
7131,6713
7131,6920
7131,7006
7131,7093
7131,7102
7131,7149
7131,7322
7131,7325
7131,7345
7131,7569
7132,28
7132,361
7132,440
7132,577
7132,873
7132,1429
7132,1998
7132,2025
7132,2252
7132,2367
7132,2619
7132,3208
7132,4520
7132,4664
7132,4878
7132,4939
7132,5322
7132,5988
7132,5991
7132,6065
7132,6304
7132,7034
7132,7329
7133,166
7133,595
7133,695
7133,708
7133,745
7133,982
7133,1065
7133,1177
7133,1567
7133,1617
7133,1903
7133,1909
7133,2196
7133,2792
7133,3636
7133,4149
7133,4287
7133,4613
7133,4800
7133,4993
7133,5053
7133,5867
7133,6094
7133,6130
7133,6404
7133,6806
7133,6884
7133,7343
7133,7355
7134,73
7134,92
7134,502
7134,1189
7134,1296
7134,1444
7134,1495
7134,1910
7134,2205
7134,2414
7134,2450
7134,3688
7134,3698
7134,3832
7134,4080
7134,4096
7134,4356
7134,4422
7134,4724
7134,5091
7134,5685
7134,6422
7134,6624
7134,6740
7134,7195
7134,7239
7135,526
7135,1645
7135,2198
7135,3273
7135,3510
7135,3964
7135,4116
7135,5234
7135,5264
7135,6388
7135,6408
7135,6512
7135,7250
7135,7395
7136,695
7136,708
7136,933
7136,1065
7136,1446
7136,1502
7136,1804
7136,1909
7136,2148
7136,3656
7136,3776
7136,4146
7136,5169
7136,5237
7136,5867
7136,6090
7136,6130
7136,6200
7136,6376
7136,6652
7136,6806
7137,28
7137,305
7137,513
7137,1280
7137,1429
7137,2796
7137,4367
7137,6807
7138,798
7138,1207
7138,1257
7138,1352
7138,1405
7138,1793
7138,1890
7138,2069
7138,2289
7138,2466
7138,2942
7138,3200
7138,4079
7138,4229
7138,4299
7138,4339
7138,5477
7138,5621
7138,5683
7138,5905
7138,6150
7138,6285
7138,6543
7138,7002
7138,7185
7138,7199
7138,7429
7139,89
7139,258
7139,593
7139,1350
7139,1663
7139,1671
7139,1744
7139,1899
7139,2198
7139,2239
7139,2380
7139,2795
7139,3049
7139,3051
7139,3623
7139,4164
7139,4578
7139,4805
7139,5194
7139,5404
7139,5593
7139,5797
7139,5881
7139,6135
7139,6156
7139,6678
7139,6702
7139,7010
7140,277
7140,1704
7141,59
7141,932
7141,1841
7141,2318
7141,2388
7141,3879
7141,4237
7141,5429
7141,6113
7141,6622
7141,7009
7141,7460
7142,111
7142,495
7142,532
7142,804
7142,1241
7142,1343
7142,1426
7142,1618
7142,1795
7142,1817
7142,1956
7142,1966
7142,1979
7142,2427
7142,2563
7142,3295
7142,3381
7142,3466
7142,3492
7142,3578
7142,3742
7142,4042
7142,4043
7142,4503
7142,4790
7142,5786
7142,5880
7142,5943
7142,5944
7142,6980
7142,7125
7142,7466
7142,7467
7143,123
7143,552
7143,1293
7143,1796
7143,2198
7143,2856
7143,3311
7143,4248
7143,4384
7143,5132
7143,5296
7143,5446
7143,5593
7143,6811
7143,7090
7143,7252
7144,328
7144,517
7144,1038
7144,1434
7144,1531
7144,1630
7144,1759
7144,2114
7144,2132
7144,2260
7144,2281
7144,2324
7144,2474
7144,2622
7144,2754
7144,3006
7144,3597
7144,3874
7144,4300
7144,4554
7144,4666
7144,4739
7144,4741
7144,5028
7144,5164
7144,5245
7144,5448
7144,5512
7144,6164
7144,6257
7144,6465
7144,6552
7144,6666
7144,6771
7144,6842
7144,7043
7144,7255
7144,7470
7145,195
7145,662
7145,691
7145,912
7145,1629
7145,2379
7145,2473
7145,2492
7145,2680
7145,3046
7145,3107
7145,3642
7145,3823
7145,4051
7145,4068
7145,4804
7145,5605
7145,5894
7145,6299
7145,6509
7145,6757
7145,7025
7145,7031
7145,7112
7146,2708
7146,4440
7146,7528
7147,71
7147,85
7147,123
7147,152
7147,272
7147,341
7147,415
7147,421
7147,526
7147,552
7147,576
7147,593
7147,785
7147,789
7147,934
7147,1058
7147,1063
7147,1210
7147,1254
7147,1284
7147,1357
7147,1370
7147,1453
7147,1495
7147,1521
7147,1631
7147,1642
7147,1665
7147,1733
7147,1884
7147,1959
7147,1965
7147,1978
7147,2129
7147,2170
7147,2198
7147,2243
7147,2339
7147,2370
7147,2377
7147,2461
7147,2479
7147,2487
7147,2736
7147,2772
7147,2881
7147,2911
7147,2972
7147,2974
7147,3079
7147,3114
7147,3183
7147,3245
7147,3334
7147,3370
7147,3459
7147,3506
7147,3510
7147,3520
7147,3538
7147,3748
7147,3758
7147,3784
7147,4164
7147,4177
7147,4206
7147,4216
7147,4233
7147,4304
7147,4313
7147,4376
7147,4384
7147,4466
7147,4525
7147,4543
7147,4595
7147,4608
7147,4714
7147,4787
7147,4791
7147,4919
7147,5037
7147,5132
7147,5231
7147,5296
7147,5304
7147,5404
7147,5623
7147,5626
7147,5641
7147,5651
7147,5707
7147,5714
7147,5722
7147,5816
7147,5832
7147,5855
7147,5917
7147,5993
7147,6047
7147,6228
7147,6400
7147,6638
7147,6672
7147,6732
7147,6769
7147,6909
7147,6930
7147,6952
7147,7320
7147,7582
7148,281
7148,348
7148,354
7148,452
7148,547
7148,624
7148,635
7148,792
7148,799
7148,929
7148,1033
7148,1147
7148,1168
7148,1201
7148,1208
7148,1231
7148,1265
7148,1300
7148,1366
7148,1557
7148,1571
7148,1576
7148,1602
7148,1605
7148,1779
7148,1837
7148,1968
7148,1971
7148,2203
7148,2278
7148,2578
7148,2580
7148,2642
7148,2841
7148,2858
7148,2936
7148,3110
7148,3254
7148,3301
7148,3338
7148,3402
7148,3522
7148,3917
7148,3943
7148,4036
7148,4119
7148,4132
7148,4139
7148,4166
7148,4481
7148,4550
7148,4568
7148,4825
7148,4977
7148,4998
7148,5021
7148,5055
7148,5073
7148,5233
7148,5246
7148,5353
7148,5443
7148,5590
7148,5712
7148,6158
7148,6267
7148,6292
7148,6375
7148,6455
7148,6498
7148,6638
7148,6659
7148,6697
7148,6782
7148,6833
7148,6863
7148,6883
7148,7028
7148,7083
7148,7301
7148,7533
7148,7571
7148,7625
7149,5
7149,8
7149,49
7149,71
7149,382
7149,1133
7149,1189
7149,1196
7149,1225
7149,1607
7149,1922
7149,1967
7149,2028
7149,2529
7149,2993
7149,3083
7149,3404
7149,3701
7149,3702
7149,3751
7149,3821
7149,3827
7149,3978
7149,4692
7149,4893
7149,5280
7149,5722
7149,6243
7149,6412
7149,6835
7149,7131
7149,7222
7149,7624
7150,77
7150,258
7150,359
7150,479
7150,562
7150,659
7150,818
7150,1165
7150,1517
7150,1698
7150,1840
7150,1899
7150,2030
7150,2307
7150,2380
7150,2410
7150,2866
7150,3261
7150,3538
7150,3547
7150,3748
7150,3756
7150,3768
7150,4156
7150,4243
7150,4402
7150,4510
7150,4870
7150,4946
7150,5042
7150,5048
7150,5070
7150,5199
7150,5214
7150,5469
7150,5543
7150,5734
7150,5797
7150,6077
7150,6526
7150,6551
7150,6566
7150,6850
7150,6968
7150,7003
7150,7021
7150,7071
7150,7097
7150,7294
7150,7369
7151,113
7151,194
7151,766
7151,1546
7151,1744
7151,1753
7151,1875
7151,2198
7151,2233
7151,2239
7151,2816
7151,2977
7151,3203
7151,3330
7151,3578
7151,3672
7151,3817
7151,3866
7151,3895
7151,4376
7151,4670
7151,4743
7151,4805
7151,4851
7151,5287
7151,5455
7151,5676
7151,6553
7152,354
7152,452
7152,1201
7152,1208
7152,1473
7152,2002
7152,2278
7152,2403
7152,3510
7152,4119
7152,5645
7152,6158
7153,246
7153,331
7153,462
7153,544
7153,585
7153,846
7153,852
7153,980
7153,1032
7153,1036
7153,1246
7153,1297
7153,1335
7153,1359
7153,1522
7153,1619
7153,1669
7153,1764
7153,1904
7153,2000
7153,2222
7153,2612
7153,2739
7153,2741
7153,2809
7153,3232
7153,3313
7153,3368
7153,3496
7153,3531
7153,3631
7153,3650
7153,3712
7153,3770
7153,3911
7153,4178
7153,4255
7153,4320
7153,4362
7153,4549
7153,4555
7153,4725
7153,4767
7153,4908
7153,5014
7153,5301
7153,5571
7153,5604
7153,5630
7153,5743
7153,5839
7153,5971
7153,5986
7153,5992
7153,6030
7153,6179
7153,6198
7153,6263
7153,6298
7153,6314
7153,6328
7153,6358
7153,6491
7153,6575
7153,6619
7153,6719
7153,6777
7153,6851
7153,6868
7153,6967
7153,7039
7153,7045
7153,7191
7153,7195
7153,7375
7153,7376
7153,7412
7153,7576
7153,7590
7154,2509
7154,3578
7154,4194
7154,6700
7155,668
7155,765
7155,791
7155,1057
7155,1181
7155,1535
7155,1816
7155,2083
7155,2293
7155,2606
7155,3168
7155,3244
7155,3676
7155,4051
7155,4150
7155,4656
7155,4705
7155,4810
7155,5617
7155,5725
7155,6031
7155,6316
7155,6509
7155,6583
7155,6739
7155,6795
7155,7030
7155,7386
7155,7482
7155,7613
7155,7622
7156,234
7156,452
7156,1201
7156,4568
7156,6782
7157,315
7157,1772
7157,3892
7157,3997
7157,4208
7157,4923
7157,6111
7157,6623
7157,6653
7157,7565
7158,1934
7158,2254
7159,1058
7159,1575
7159,2000
7159,2198
7159,2370
7159,2881
7159,3311
7159,4164
7159,4768
7159,4805
7159,5404
7159,5593
7159,6354
7159,6646
7159,7296
7160,101
7160,160
7160,202
7160,1320
7160,1674
7160,1952
7160,1955
7160,2453
7160,2646
7160,3281
7160,3437
7160,3461
7160,3467
7160,3669
7160,4232
7160,4260
7160,4305
7160,4628
7160,4633
7160,4661
7160,4838
7160,5035
7160,5221
7160,5521
7160,5633
7160,5794
7160,5872
7160,6117
7160,6838
7160,6970
7160,7217
7160,7287
7160,7442
7160,7538
7160,7594
7161,327
7161,1755
7161,2082
7161,2301
7161,2464
7161,2722
7161,3169
7161,3285
7161,3666
7161,3728
7161,4470
7161,5770
7161,7242
7162,562
7162,948
7162,1083
7162,1354
7162,2168
7162,2456
7162,5032
7162,6231
7162,6295
7162,6362
7163,1058
7163,1453
7163,2564
7163,3183
7163,4067
7163,4384
7163,5404
7163,5641
7163,6801
7163,6952
7163,7265
7163,7582
7164,552
7164,760
7164,811
7164,835
7164,1236
7164,1418
7164,1442
7164,1673
7164,1682
7164,1753
7164,1875
7164,1929
7164,2005
7164,2032
7164,2143
7164,2198
7164,2239
7164,3049
7164,3138
7164,3203
7164,3433
7164,3469
7164,3578
7164,3947
7164,4160
7164,4194
7164,4198
7164,4371
7164,4376
7164,4670
7164,4693
7164,4805
7164,4894
7164,5091
7164,5171
7164,5180
7164,5203
7164,5213
7164,5234
7164,5330
7164,5372
7164,5378
7164,5518
7164,5543
7164,5804
7164,6166
7164,6171
7164,6189
7164,6219
7164,6466
7164,6702
7164,7003
7164,7467
7164,7553
7165,959
7165,1823
7165,2109
7165,2720
7165,3231
7165,3747
7165,3801
7165,4144
7165,4379
7165,4980
7165,5421
7165,5829
7165,6231
7165,6550
7165,6635
7165,7126
7165,7243
7166,98
7166,304
7166,593
7166,727
7166,762
7166,836
7166,869
7166,951
7166,1058
7166,1152
7166,1178
7166,1254
7166,1415
7166,1513
7166,1570
7166,1663
7166,1668
7166,1723
7166,1798
7166,1840
7166,1959
7166,2115
7166,2198
7166,2370
7166,2571
7166,2981
7166,3049
7166,3748
7166,4090
7166,4210
7166,4376
7166,4385
7166,4578
7166,4670
7166,4768
7166,4806
7166,5070
7166,5344
7166,5404
7166,5415
7166,5612
7166,5641
7166,5646
7166,5649
7166,5707
7166,5740
7166,5816
7166,5881
7166,5955
7166,6024
7166,6055
7166,6183
7166,6414
7166,6492
7166,6551
7166,6702
7166,6707
7166,6787
7166,6847
7166,7003
7166,7044
7166,7071
7166,7091
7166,7369
7166,7577
7167,1899
7167,1961
7167,2239
7167,3152
7167,3698
7167,5401
7167,6345
7167,7395
7168,354
7168,407
7168,452
7168,564
7168,1314
7168,1393
7168,1699
7168,2198
7168,3841
7168,4063
7168,4432
7168,4437
7168,4690
7168,4805
7168,4841
7168,4898
7168,5159
7168,5207
7168,5234
7168,5323
7168,5407
7168,5767
7168,6053
7168,6346
7168,6826
7168,6869
7168,6995
7168,7074
7168,7123
7168,7183
7168,7495
7169,558
7169,684
7169,1181
7169,1541
7169,2156
7169,2593
7169,3676
7169,4451
7169,4817
7169,4885
7169,5226
7169,5494
7169,6084
7169,6431
7169,6627
7169,7221
7169,7246
7170,23
7170,69
7170,89
7170,124
7170,240
7170,260
7170,267
7170,366
7170,431
7170,593
7170,659
7170,774
7170,1018
7170,1040
7170,1226
7170,1350
7170,1368
7170,1447
7170,1513
7170,1624
7170,1663
7170,1684
7170,1723
7170,1738
7170,1796
7170,1798
7170,1899
7170,1970
7170,1993
7170,2013
7170,2039
7170,2106
7170,2198
7170,2396
7170,2571
7170,2661
7170,2812
7170,2832
7170,3051
7170,3184
7170,3623
7170,3799
7170,3897
7170,4023
7170,4067
7170,4188
7170,4241
7170,4350
7170,4376
7170,4384
7170,4392
7170,4465
7170,4556
7170,4578
7170,4641
7170,4680
7170,4934
7170,5015
7170,5037
7170,5048
7170,5103
7170,5139
7170,5160
7170,5201
7170,5234
7170,5365
7170,5399
7170,5404
7170,5493
7170,5626
7170,5707
7170,5756
7170,5799
7170,5881
7170,5982
7170,6135
7170,6156
7170,6183
7170,6449
7170,6551
7170,6669
7170,6673
7170,6678
7170,6702
7170,6707
7170,6830
7170,7003
7170,7021
7170,7071
7170,7085
7170,7103
7170,7296
7170,7346
7170,7353
7170,7428
7170,7464
7170,7477
7170,7568
7170,7607
7171,62
7171,432
7171,495
7171,535
7171,625
7171,766
7171,771
7171,1013
7171,1014
7171,1030
7171,1069
7171,1091
7171,1377
7171,1453
7171,1499
7171,1682
7171,1802
7171,1817
7171,2028
7171,2033
7171,2060
7171,2143
7171,2198
7171,2573
7171,2620
7171,2676
7171,2765
7171,2911
7171,2977
7171,2993
7171,3010
7171,3330
7171,3421
7171,3518
7171,3578
7171,3607
7171,3671
7171,3672
7171,3691
7171,3695
7171,3781
7171,3866
7171,3871
7171,3895
7171,3925
7171,3959
7171,4037
7171,4054
7171,4086
7171,4109
7171,4343
7171,4384
7171,4493
7171,4672
7171,4680
7171,4785
7171,4890
7171,4902
7171,5098
7171,5296
7171,5452
7171,5941
7171,5957
7171,5987
7171,5998
7171,6017
7171,6098
7171,6308
7171,6581
7171,6713
7171,6747
7171,7067
7171,7079
7171,7222
7171,7269
7171,7296
7171,7370
7171,7478
7171,7480
7171,7603
7171,7623
7172,1482
7172,2982
7172,4437
7172,4766
7172,4821
7172,5308
7172,7476
7172,7636
7173,446
7173,930
7173,1058
7173,1472
7173,2198
7173,2565
7173,3171
7173,3698
7173,3969
7173,5191
7173,6593
7173,6629
7174,260
7174,304
7174,369
7174,593
7174,1058
7174,1113
7174,1453
7174,1472
7174,1663
7174,1712
7174,1798
7174,2013
7174,2039
7174,2198
7174,2215
7174,2370
7174,2571
7174,2575
7174,2580
7174,3330
7174,3506
7174,4384
7174,4680
7174,4864
7174,5015
7174,5707
7174,5782
7174,5881
7174,6409
7174,6449
7174,6551
7174,6702
7174,7003
7174,7036
7174,7269
7174,7280
7174,7296
7174,7330
7174,7353
7174,7464
7174,7535
7175,326
7175,417
7175,1026
7175,1229
7175,1252
7175,1275
7175,1398
7175,1425
7175,1465
7175,1500
7175,1549
7175,1701
7175,1729
7175,1906
7175,1910
7175,2371
7175,2392
7175,2493
7175,2546
7175,2597
7175,2716
7175,3490
7175,3781
7175,3826
7175,3865
7175,3867
7175,4096
7175,4234
7175,4518
7175,4783
7175,4811
7175,5055
7175,5101
7175,5177
7175,5347
7175,5391
7175,5422
7175,5423
7175,5525
7175,5947
7175,6036
7175,6266
7175,6314
7175,6367
7175,6647
7175,6922
7175,6939
7175,7066
7175,7109
7175,7334
7175,7360
7175,7371
7176,472
7176,1048
7176,1075
7176,1710
7176,2344
7176,2535
7176,3095
7176,3483
7176,3651
7176,4906
7176,6642
7178,347
7178,1015
7178,1043
7178,1072
7178,1565
7178,2245
7178,2282
7178,3094
7178,3603
7178,3647
7178,3735
7178,4000
7178,4104
7178,4997
7178,5578
7178,7034
7178,7450
7178,7620
7179,967
7179,1317
7179,3856
7179,3962
7179,4805
7179,5234
7179,6481
7179,7250
7180,260
7180,593
7180,1091
7180,1784
7180,1798
7180,3363
7180,3456
7180,3748
7180,3756
7180,4054
7180,4376
7180,5955
7180,6098
7180,6971
7180,7071
7180,7537
7181,89
7181,309
7181,593
7181,1744
7181,1796
7181,1899
7181,1993
7181,2198
7181,2553
7181,3051
7181,3063
7181,3105
7181,3185
7181,3623
7181,3768
7181,4347
7181,4578
7181,4641
7181,4895
7181,4954
7181,5372
7181,5881
7181,5979
7181,6215
7181,6335
7181,6673
7181,6692
7181,6702
7181,7010
7181,7021
7181,7440
7181,7568
7182,103
7182,509
7182,1293
7182,1368
7182,1427
7182,2106
7182,3171
7182,4384
7182,4952
7182,6551
7182,7599
7183,1393
7183,4437
7183,4690
7183,4841
7183,4898
7183,6053
7183,6346
7183,6869
7183,6995
7183,7168
7184,1961
7184,2996
7184,3802
7184,4187
7184,4440
7184,5305
7184,5483
7184,6341
7184,6572
7185,368
7185,798
7185,1085
7185,1257
7185,1352
7185,1384
7185,1398
7185,1405
7185,2085
7185,2167
7185,2289
7185,2429
7185,2466
7185,3200
7185,3694
7185,3971
7185,4134
7185,4299
7185,4339
7185,4364
7185,4370
7185,4794
7185,5683
7185,5905
7185,6150
7185,6167
7185,6285
7185,6543
7185,6809
7185,6862
7185,7138
7185,7199
7185,7315
7185,7429
7185,7605
7187,584
7187,3358
7187,6412
7187,6909
7188,879
7188,1346
7188,1709
7188,1803
7188,2099
7188,4264
7189,414
7189,1632
7189,1765
7189,1839
7189,2278
7189,2467
7189,2580
7189,3752
7189,3764
7189,4192
7189,4678
7189,5800
7189,6013
7189,6056
7189,6057
7189,6616
7190,403
7190,472
7190,627
7190,966
7190,1182
7190,1627
7190,1744
7190,1985
7190,2052
7190,2344
7190,2644
7190,2960
7190,3244
7190,3300
7190,4015
7190,4775
7190,4854
7190,4906
7190,5114
7190,5185
7190,5364
7190,5454
7190,5615
7190,6177
7190,6807
7190,6910
7190,7641
7191,331
7191,544
7191,585
7191,707
7191,846
7191,980
7191,1036
7191,1239
7191,1246
7191,1359
7191,1669
7191,1764
7191,2000
7191,2068
7191,2613
7191,3313
7191,3329
7191,3351
7191,3557
7191,3573
7191,3631
7191,3847
7191,3911
7191,4178
7191,4320
7191,4362
7191,4482
7191,4549
7191,4555
7191,4725
7191,4757
7191,4908
7191,5014
7191,5604
7191,5630
7191,5839
7191,6179
7191,6198
7191,6298
7191,6328
7191,6575
7191,6684
7191,6719
7191,6868
7191,6967
7191,7039
7191,7153
7191,7375
7191,7376
7191,7441
7191,7579
7192,330
7192,636
7192,1116
7192,1216
7192,1235
7192,1530
7192,1921
7192,2119
7192,2301
7192,2693
7192,3129
7192,5770
7192,6551
7192,6643
7193,544
7193,6328
7193,6575
7194,738
7194,2984
7194,7620
7195,40
7195,73
7195,616
7195,1129
7195,1252
7195,1296
7195,1511
7195,1862
7195,1904
7195,1984
7195,2213
7195,2392
7195,2629
7195,3124
7195,3351
7195,3394
7195,3427
7195,4282
7195,4320
7195,4356
7195,4362
7195,4422
7195,4724
7195,5571
7195,6123
7195,6328
7195,6624
7195,6740
7195,7107
7195,7134
7195,7153
7195,7633
7196,20
7196,40
7196,73
7196,137
7196,305
7196,551
7196,616
7196,803
7196,1563
7196,1586
7196,1831
7196,1877
7196,1958
7196,2071
7196,2332
7196,2346
7196,3212
7196,3359
7196,3664
7196,3698
7196,4141
7196,4168
7196,4427
7196,4479
7196,4986
7196,5375
7196,5445
7196,5513
7196,6001
7196,6078
7196,6369
7196,6395
7196,6411
7196,6545
7196,6815
7196,7305
7196,7374
7197,85
7197,260
7197,304
7197,538
7197,584
7197,1284
7197,1293
7197,1330
7197,1453
7197,1478
7197,1798
7197,1860
7197,2198
7197,2215
7197,2370
7197,2377
7197,2620
7197,2765
7197,2911
7197,3183
7197,3311
7197,3406
7197,3408
7197,3538
7197,3559
7197,3895
7197,3898
7197,3948
7197,4080
7197,4384
7197,4584
7197,4785
7197,4865
7197,4952
7197,5222
7197,5296
7197,5641
7197,5952
7197,6412
7197,6551
7197,6707
7197,6760
7197,6811
7197,7101
7197,7252
7197,7296
7197,7385
7197,7599
7198,1162
7198,1903
7198,1909
7198,2666
7198,2674
7198,3143
7198,4075
7198,4943
7198,5336
7198,5591
7198,6206
7198,6681
7198,6855
7199,140
7199,282
7199,368
7199,371
7199,396
7199,437
7199,546
7199,565
7199,574
7199,798
7199,799
7199,979
7199,1033
7199,1085
7199,1200
7199,1207
7199,1208
7199,1257
7199,1352
7199,1369
7199,1384
7199,1398
7199,1451
7199,1547
7199,1605
7199,1606
7199,1719
7199,1793
7199,1848
7199,1890
7199,1968
7199,1986
7199,2020
7199,2069
7199,2085
7199,2167
7199,2178
7199,2242
7199,2289
7199,2351
7199,2429
7199,2459
7199,2501
7199,2519
7199,2699
7199,2851
7199,2971
7199,3055
7199,3126
7199,3192
7199,3200
7199,3390
7199,3505
7199,3517
7199,3519
7199,3535
7199,3537
7199,3609
7199,3639
7199,3679
7199,3694
7199,3696
7199,3764
7199,3790
7199,3921
7199,3935
7199,3971
7199,3986
7199,4018
7199,4036
7199,4059
7199,4134
7199,4229
7199,4299
7199,4339
7199,4364
7199,4370
7199,4374
7199,4396
7199,4597
7199,4652
7199,4793
7199,4794
7199,4815
7199,4929
7199,4955
7199,4996
7199,5096
7199,5342
7199,5477
7199,5516
7199,5570
7199,5579
7199,5621
7199,5670
7199,5683
7199,5695
7199,5776
7199,5805
7199,5850
7199,5900
7199,5905
7199,5956
7199,6167
7199,6248
7199,6285
7199,6317
7199,6326
7199,6456
7199,6498
7199,6529
7199,6543
7199,6727
7199,6742
7199,6781
7199,6809
7199,6820
7199,6862
7199,6903
7199,6932
7199,6934
7199,6977
7199,7002
7199,7040
7199,7082
7199,7089
7199,7138
7199,7185
7199,7326
7199,7358
7199,7429
7199,7439
7199,7605
7200,381
7200,462
7200,525
7200,1132
7200,1764
7200,1934
7200,1950
7200,2000
7200,2162
7200,3141
7200,3329
7200,3336
7200,3524
7200,3709
7200,4136
7200,4482
7200,4621
7200,5253
7200,5318
7200,5501
7200,5604
7200,5907
7200,6274
7200,6300
7200,6328
7200,6491
7200,6908
7200,7078
7200,7579
7200,7591
7201,1129
7201,1936
7201,2762
7201,5666
7202,6807
7203,183
7203,258
7203,593
7203,924
7203,1226
7203,1513
7203,1744
7203,1796
7203,1798
7203,1899
7203,1993
7203,2198
7203,2206
7203,2541
7203,2553
7203,2637
7203,3051
7203,3160
7203,3184
7203,3748
7203,4538
7203,4578
7203,4670
7203,4805
7203,5048
7203,5132
7203,5881
7203,5979
7203,6078
7203,6409
7203,6414
7203,6669
7203,6673
7203,6702
7203,6907
7203,7003
7203,7010
7203,7464
7203,7477
7203,7577
7204,258
7204,469
7204,593
7204,633
7204,659
7204,1467
7204,1517
7204,1671
7204,1744
7204,1899
7204,2030
7204,2380
7204,2381
7204,3061
7204,4156
7204,4161
7204,4243
7204,4484
7204,4510
7204,4662
7204,4870
7204,4946
7204,5042
7204,5048
7204,5070
7204,5214
7204,5372
7204,5797
7204,6077
7204,6887
7204,7097
7204,7294
7204,7369
7204,7536
7205,46
7205,191
7205,465
7205,3425
7205,3833
7205,3955
7205,3975
7205,4325
7205,6583
7205,7041
7205,7292
7205,7620
7206,924
7206,1280
7206,1429
7206,2163
7206,5209
7206,6807
7207,1636
7207,3345
7208,745
7208,1021
7208,1128
7208,1146
7208,1162
7208,1449
7208,2101
7208,3361
7208,3569
7208,4149
7208,4618
7208,4632
7208,4943
7208,5867
7208,6133
7208,6138
7208,6376
7208,6387
7208,6671
7208,6681
7208,7343
7208,7631
7209,61
7209,290
7209,593
7209,1102
7209,1210
7209,1249
7209,2106
7209,2198
7209,2553
7209,3370
7209,3502
7209,3632
7209,3782
7209,4768
7209,5404
7209,5782
7209,6702
7209,7036
7210,98
7210,345
7210,2198
7210,3172
7210,3235
7210,3616
7210,4376
7210,4787
7210,5404
7210,5707
7210,5816
7210,5881
7210,6492
7210,6801
7211,2762
7211,6147
7212,789
7212,2060
7212,3748
7212,4384
7212,5132
7213,1042
7213,2440
7213,2513
7213,2958
7213,3049
7213,4805
7213,5559
7213,7116
7214,481
7214,744
7214,1475
7214,1622
7214,1830
7214,2067
7214,2652
7214,3500
7214,3733
7214,3904
7214,4244
7214,4498
7214,5038
7214,5383
7214,6106
7214,6488
7215,183
7215,261
7215,309
7215,455
7215,484
7215,562
7215,593
7215,622
7215,659
7215,900
7215,906
7215,1058
7215,1097
7215,1152
7215,1280
7215,1620
7215,1727
7215,1798
7215,1838
7215,1899
7215,2102
7215,2198
7215,2340
7215,2380
7215,2553
7215,2571
7215,2675
7215,2906
7215,2931
7215,3020
7215,3049
7215,3446
7215,3545
7215,3578
7215,3648
7215,3703
7215,3704
7215,3799
7215,3856
7215,3951
7215,3962
7215,3974
7215,4023
7215,4538
7215,4573
7215,4590
7215,4594
7215,4680
7215,4774
7215,4805
7215,4934
7215,5013
7215,5234
7215,5241
7215,5255
7215,5348
7215,5493
7215,5538
7215,5584
7215,5734
7215,5881
7215,5937
7215,6021
7215,6215
7215,6284
7215,6361
7215,6409
7215,6673
7215,6678
7215,6702
7215,6849
7215,6909
7215,6978
7215,6990
7215,7003
7215,7337
7215,7352
7215,7464
7215,7477
7216,116
7216,1058
7216,2175
7216,2558
7216,3203
7216,4376
7216,4670
7216,4805
7217,1319
7217,2078
7217,3281
7217,3819
7217,3829
7217,4002
7217,4424
7217,5690
7217,6223
7217,7030
7217,7160
7217,7287
7217,7316
7217,7538
7218,147
7218,561
7218,688
7218,746
7218,782
7218,1223
7218,2395
7218,2499
7218,4117
7218,4151
7218,4244
7218,4252
7218,4353
7218,4663
7218,5072
7218,5489
7218,5737
7218,5974
7218,6488
7218,6609
7218,6625
7218,6924
7218,7383
7218,7598
7219,1293
7219,1415
7219,1876
7219,2198
7219,2205
7219,2370
7219,2958
7219,3183
7219,3580
7219,4384
7219,4595
7219,5404
7219,7535
7220,64
7220,355
7220,1151
7220,1304
7220,2168
7220,2413
7220,2874
7220,3135
7220,3266
7220,4005
7220,4093
7220,5046
7220,6144
7220,7509
7221,1773
7221,3673
7221,3856
7221,3989
7221,4656
7221,5671
7221,6084
7221,6316
7221,7169
7221,7281
7222,336
7222,495
7222,502
7222,748
7222,766
7222,771
7222,1013
7222,1069
7222,1225
7222,1418
7222,1432
7222,1494
7222,1499
7222,1566
7222,1572
7222,1794
7222,1802
7222,1966
7222,2028
7222,2143
7222,2490
7222,2625
7222,2993
7222,3223
7222,3330
7222,3404
7222,3421
7222,3513
7222,3607
7222,3866
7222,3871
7222,3895
7222,3925
7222,3959
7222,4037
7222,4054
7222,5098
7222,5150
7222,5280
7222,5650
7222,5957
7222,6098
7222,6581
7222,6815
7222,7067
7222,7149
7222,7171
7222,7269
7222,7330
7222,7370
7222,7401
7222,7452
7222,7480
7222,7603
7222,7623
7222,7624
7223,128
7223,2094
7223,2665
7223,7099
7224,21
7224,195
7224,456
7224,764
7224,1534
7224,1773
7224,2293
7224,3154
7224,3244
7224,3267
7224,3396
7224,3735
7224,3766
7224,3819
7224,3869
7224,4533
7224,4665
7224,4906
7224,4935
7224,5390
7224,5466
7224,5664
7224,7620
7224,7621
7225,1215
7225,1379
7225,1409
7225,1725
7225,2239
7225,2795
7225,3578
7225,3887
7225,4029
7225,5022
7225,5263
7225,5674
7225,5864
7225,7589
7226,73
7226,308
7226,495
7226,501
7226,532
7226,597
7226,766
7226,1069
7226,1339
7226,1418
7226,1623
7226,1990
7226,2055
7226,2372
7226,2425
7226,2576
7226,2625
7226,3203
7226,3295
7226,3466
7226,3480
7226,3578
7226,3698
7226,3866
7226,4054
7226,4863
7226,5378
7226,5455
7226,5664
7226,5772
7226,5981
7226,6098
7226,6211
7226,6864
7226,7005
7226,7022
7227,4360
7228,1897
7228,5130
7229,1728
7229,3082
7229,4748
7230,122
7230,144
7230,222
7230,1124
7230,1676
7230,1835
7230,2140
7230,2409
7230,2710
7230,2720
7230,3028
7230,3231
7230,3280
7230,3482
7230,4512
7230,7243
7230,7317
7231,23
7231,73
7231,258
7231,260
7231,369
7231,479
7231,593
7231,1058
7231,1284
7231,1415
7231,1513
7231,1684
7231,1798
7231,1959
7231,2129
7231,2198
7231,2313
7231,2340
7231,2981
7231,3051
7231,3226
7231,3459
7231,3748
7231,3996
7231,4157
7231,4376
7231,4806
7231,4952
7231,5132
7231,5641
7231,5756
7231,5799
7231,5816
7231,5955
7231,5966
7231,5979
7231,6082
7231,6540
7231,6597
7231,6673
7231,6678
7231,6702
7231,6707
7231,7003
7231,7071
7231,7296
7231,7353
7231,7395
7231,7464
7231,7572
7231,7607
7232,84
7232,5473
7232,7620
7233,360
7233,669
7233,2026
7233,2104
7233,2440
7233,2581
7233,3742
7233,4160
7233,4754
7233,4805
7233,6388
7234,502
7234,1189
7234,1289
7234,1361
7234,3878
7234,5845
7234,7338
7235,128
7235,252
7235,564
7235,908
7235,1358
7235,1435
7235,1888
7235,2044
7235,2094
7235,2096
7235,2263
7235,2378
7235,2944
7235,3365
7235,3478
7235,3484
7235,3555
7235,4024
7235,4430
7235,4882
7235,5192
7235,5486
7235,5570
7235,5625
7235,5636
7235,6162
7236,758
7236,995
7236,1656
7236,2382
7236,2757
7236,3150
7236,3563
7236,3880
7236,4143
7236,4280
7236,4673
7236,6163
7236,6601
7237,53
7237,365
7237,1251
7237,1515
7237,1936
7237,1939
7237,3227
7237,3244
7237,3437
7237,3872
7237,3884
7237,3960
7237,4305
7237,4646
7237,4689
7237,4906
7237,5043
7237,5185
7237,5382
7237,5666
7237,5821
7237,5970
7237,6307
7237,6433
7237,6523
7237,6585
7237,7586
7237,7618
7238,236
7238,850
7238,914
7238,1282
7238,1396
7238,1609
7238,1743
7238,1969
7238,2419
7238,2516
7238,2728
7238,2975
7238,4667
7238,4960
7238,5250
7238,5465
7238,5849
7238,5879
7238,5906
7238,6007
7238,6010
7238,6046
7238,6250
7238,6357
7238,6363
7238,6442
7238,6670
7238,7073
7239,26
7239,304
7239,502
7239,881
7239,1296
7239,1418
7239,1453
7239,1499
7239,1927
7239,2021
7239,2143
7239,2205
7239,2763
7239,2765
7239,2871
7239,2993
7239,3183
7239,3469
7239,3559
7239,3895
7239,3950
7239,4356
7239,4384
7239,4952
7239,5080
7239,5098
7239,5132
7239,5171
7239,6409
7239,6624
7239,7134
7239,7452
7240,71
7240,352
7240,521
7240,655
7240,785
7240,911
7240,1337
7240,1493
7240,1549
7240,1810
7240,1919
7240,1978
7240,2122
7240,2231
7240,2325
7240,2418
7240,2488
7240,2525
7240,2536
7240,3246
7240,3250
7240,3455
7240,3784
7240,4358
7240,4502
7240,4519
7240,4584
7240,4902
7240,5120
7240,5373
7240,5813
7240,6036
7240,6067
7240,6128
7240,6131
7240,6296
7240,6547
7240,6872
7240,7054
7240,7322
7241,412
7241,828
7241,1434
7241,1531
7241,1648
7241,1696
7241,1759
7241,1766
7241,2019
7241,2260
7241,2327
7241,2754
7241,2775
7241,3024
7241,3116
7241,3840
7241,3874
7241,4048
7241,4236
7241,4412
7241,4496
7241,4666
7241,4881
7241,4960
7241,5182
7241,5245
7241,5512
7241,5529
7241,5602
7241,5692
7241,5848
7241,5849
7241,5856
7241,5978
7241,6164
7241,6772
7241,6842
7241,7348
7242,327
7242,1008
7242,1201
7242,1235
7242,1530
7242,1677
7242,1755
7242,1789
7242,1878
7242,2082
7242,2464
7242,2865
7242,3728
7242,4030
7242,5792
7242,6471
7242,6857
7242,6885
7242,7161
7243,409
7243,1055
7243,1323
7243,1354
7243,1410
7243,1533
7243,1638
7243,1807
7243,1823
7243,1828
7243,2181
7243,2788
7243,2877
7243,2951
7243,3128
7243,3231
7243,3601
7243,3755
7243,3885
7243,4144
7243,4145
7243,4896
7243,5297
7243,5537
7243,6428
7243,6718
7243,6816
7243,7165
7243,7230
7243,7342
7243,7356
7244,2149
7244,3267
7244,5741
7244,6329
7244,6513
7244,7048
7245,101
7245,1319
7245,3437
7245,3942
7245,4106
7245,4305
7245,4527
7245,5035
7246,1181
7246,4551
7246,7169
7247,24
7247,61
7247,89
7247,258
7247,269
7247,319
7247,366
7247,375
7247,593
7247,622
7247,633
7247,710
7247,736
7247,800
7247,1028
7247,1100
7247,1165
7247,1351
7247,1467
7247,1663
7247,1738
7247,1752
7247,1838
7247,2102
7247,2197
7247,2198
7247,2239
7247,2380
7247,2541
7247,2614
7247,2649
7247,2689
7247,2832
7247,3008
7247,3185
7247,3277
7247,3359
7247,3373
7247,3439
7247,3683
7247,3704
7247,3856
7247,3893
7247,3946
7247,3987
7247,4127
7247,4344
7247,4380
7247,4415
7247,4453
7247,4511
7247,4522
7247,4531
7247,4565
7247,4578
7247,4586
7247,4588
7247,4641
7247,4734
7247,4870
7247,5006
7247,5013
7247,5050
7247,5214
7247,5324
7247,5372
7247,5385
7247,5469
7247,5495
7247,5542
7247,5543
7247,5584
7247,5606
7247,5679
7247,5734
7247,5769
7247,5799
7247,5853
7247,5903
7247,6077
7247,6219
7247,6315
7247,6330
7247,6345
7247,6381
7247,6526
7247,6551
7247,6578
7247,6614
7247,6678
7247,6692
7247,6702
7247,6921
7247,6923
7247,7097
7247,7302
7247,7339
7247,7395
7247,7477
7247,7610
7247,7619
7248,158
7248,512
7248,4265
7248,5395
7249,1332
7249,1781
7249,1865
7249,1937
7249,2022
7249,2139
7249,2369
7249,3350
7249,3416
7249,3797
7249,4515
7249,5113
7249,5416
7249,5607
7249,5655
7249,5681
7249,5954
7249,6018
7249,6220
7249,6865
7249,7642
7250,203
7250,360
7250,410
7250,438
7250,499
7250,526
7250,600
7250,669
7250,672
7250,809
7250,892
7250,922
7250,923
7250,967
7250,1042
7250,1084
7250,1241
7250,1280
7250,1382
7250,1448
7250,1568
7250,1601
7250,1645
7250,1761
7250,2026
7250,2092
7250,2093
7250,2111
7250,2170
7250,2234
7250,2363
7250,2376
7250,2567
7250,2568
7250,2581
7250,2655
7250,2660
7250,2800
7250,2904
7250,2917
7250,2920
7250,3056
7250,3134
7250,3296
7250,3457
7250,3480
7250,3492
7250,3510
7250,3513
7250,3587
7250,3725
7250,3742
7250,3779
7250,3839
7250,3896
7250,3920
7250,3962
7250,3964
7250,3991
7250,4009
7250,4116
7250,4442
7250,4503
7250,4629
7250,4653
7250,4747
7250,4754
7250,4790
7250,4805
7250,4858
7250,4917
7250,4957
7250,4989
7250,4990
7250,5002
7250,5063
7250,5064
7250,5170
7250,5264
7250,5295
7250,5335
7250,5373
7250,5428
7250,5445
7250,5504
7250,5544
7250,5546
7250,5556
7250,5635
7250,5716
7250,5728
7250,5739
7250,5786
7250,6038
7250,6110
7250,6131
7250,6170
7250,6320
7250,6388
7250,6445
7250,6458
7250,6481
7250,6512
7250,6569
7250,6672
7250,6916
7250,7000
7250,7047
7250,7090
7250,7130
7250,7135
7250,7179
7250,7312
7250,7318
7250,7325
7250,7328
7251,139
7251,429
7251,3007
7251,6608
7252,85
7252,123
7252,170
7252,235
7252,448
7252,502
7252,552
7252,726
7252,789
7252,904
7252,905
7252,942
7252,973
7252,986
7252,1058
7252,1368
7252,1414
7252,1430
7252,1453
7252,1478
7252,1511
7252,1860
7252,2033
7252,2106
7252,2194
7252,2198
7252,2339
7252,2370
7252,2377
7252,2744
7252,2755
7252,2765
7252,2770
7252,2772
7252,2881
7252,2974
7252,3068
7252,3183
7252,3269
7252,3284
7252,3311
7252,3370
7252,3384
7252,3406
7252,3796
7252,3895
7252,3898
7252,3948
7252,3970
7252,4080
7252,4173
7252,4228
7252,4269
7252,4376
7252,4384
7252,4785
7252,4919
7252,4952
7252,4983
7252,5058
7252,5091
7252,5108
7252,5194
7252,5222
7252,5259
7252,5296
7252,5350
7252,5446
7252,5593
7252,5816
7252,5952
7252,6484
7252,6618
7252,6624
7252,6723
7252,6811
7252,6848
7252,6952
7252,6961
7252,6984
7252,7096
7252,7101
7252,7143
7252,7197
7252,7288
7252,7296
7252,7365
7252,7612
7253,2705
7253,3485
7253,4121
7253,5890
7253,6905
7253,6908
7253,7057
7253,7078
7254,3698
7254,4080
7254,4384
7254,6462
7254,6738
7255,136
7255,275
7255,316
7255,442
7255,463
7255,516
7255,517
7255,541
7255,556
7255,767
7255,786
7255,882
7255,926
7255,1016
7255,1037
7255,1038
7255,1221
7255,1272
7255,1391
7255,1504
7255,1630
7255,1685
7255,1759
7255,1766
7255,1851
7255,1863
7255,1864
7255,1983
7255,2019
7255,2037
7255,2114
7255,2132
7255,2260
7255,2281
7255,2327
7255,2357
7255,2387
7255,2389
7255,2474
7255,2557
7255,2609
7255,2643
7255,2717
7255,2768
7255,3090
7255,3099
7255,3167
7255,3217
7255,3291
7255,3324
7255,3356
7255,3392
7255,3401
7255,3523
7255,3528
7255,3553
7255,3820
7255,3840
7255,3874
7255,4034
7255,4048
7255,4142
7255,4281
7255,4300
7255,4441
7255,4583
7255,4614
7255,4619
7255,4666
7255,4741
7255,4751
7255,4758
7255,4819
7255,5306
7255,5409
7255,5451
7255,5529
7255,5588
7255,5692
7255,5825
7255,5828
7255,5978
7255,6046
7255,6099
7255,6104
7255,6164
7255,6257
7255,6502
7255,6648
7255,6666
7255,6679
7255,6771
7255,6772
7255,6913
7255,7043
7255,7060
7255,7061
7255,7075
7255,7124
7255,7144
7255,7272
7255,7284
7255,7366
7255,7402
7255,7407
7255,7470
7255,7555
7255,7566
7255,7648
7256,414
7256,2616
7256,6405
7257,131
7257,1903
7257,4088
7257,4149
7257,4655
7257,4993
7257,5277
7257,5336
7257,5736
7257,7342
7258,512
7258,1280
7258,2250
7258,6383
7259,609
7259,4663
7259,6625
7259,7383
7260,53
7260,66
7260,662
7260,941
7260,1049
7260,1219
7260,1629
7260,1756
7260,1939
7260,2056
7260,2412
7260,2433
7260,2492
7260,2680
7260,2840
7260,3086
7260,3107
7260,3425
7260,3442
7260,3953
7260,4215
7260,4646
7260,4738
7260,4961
7260,5043
7260,5106
7260,5260
7260,5414
7260,5693
7260,5733
7260,5872
7260,6087
7260,6813
7260,7025
7260,7041
7260,7063
7260,7475
7260,7575
7260,7620
7261,53
7261,66
7261,588
7261,662
7261,1219
7261,1242
7261,1565
7261,1629
7261,2492
7261,2680
7261,2840
7261,3175
7261,3219
7261,3425
7261,3735
7261,3953
7261,3972
7261,4235
7261,4646
7261,5260
7261,5603
7261,6169
7261,6514
7261,6768
7261,6814
7261,7025
7261,7063
7261,7081
7261,7620
7262,835
7262,1371
7262,1442
7262,1660
7262,2005
7262,2127
7262,2198
7262,2287
7262,3277
7262,3331
7262,3433
7262,3567
7262,3612
7262,3817
7262,4670
7262,4805
7262,4863
7262,4967
7262,5213
7262,5781
7262,5865
7262,6110
7262,6172
7262,6470
7262,6864
7262,6960
7262,7467
7262,7518
7263,147
7263,398
7263,481
7263,561
7263,618
7263,663
7263,679
7263,688
7263,744
7263,746
7263,837
7263,855
7263,901
7263,1223
7263,1622
7263,1683
7263,1889
7263,2491
7263,2499
7263,2786
7263,2827
7263,3180
7263,3733
7263,3904
7263,4244
7263,4411
7263,4485
7263,4487
7263,4494
7263,4498
7263,4663
7263,5072
7263,5974
7263,6083
7263,6106
7263,6311
7263,6488
7263,6625
7263,7383
7263,7489
7263,7598
7264,204
7264,595
7264,824
7264,932
7264,1124
7264,1237
7264,1256
7264,1326
7264,1392
7264,1422
7264,1737
7264,2318
7264,2388
7264,2391
7264,2399
7264,2528
7264,2943
7264,3231
7264,3569
7264,3736
7264,3879
7264,4237
7264,4399
7264,5104
7264,5131
7264,6199
7264,6347
7264,6362
7264,6622
7264,7404
7264,7460
7264,7491
7265,85
7265,1521
7265,2215
7265,2639
7265,3506
7265,4384
7265,5132
7265,5286
7265,5641
7265,7163
7265,7572
7266,358
7266,446
7266,552
7266,593
7266,770
7266,835
7266,1058
7266,1414
7266,1481
7266,1517
7266,1744
7266,1797
7266,1899
7266,1993
7266,2198
7266,2239
7266,2406
7266,2432
7266,2553
7266,3049
7266,3079
7266,3546
7266,3578
7266,3623
7266,3704
7266,3713
7266,3721
7266,4296
7266,4376
7266,4378
7266,4573
7266,4594
7266,4670
7266,4805
7266,4913
7266,5048
7266,5155
7266,5234
7266,5404
7266,5415
7266,5504
7266,5544
7266,5649
7266,5982
7266,6354
7266,6414
7266,6475
7266,6649
7266,6673
7266,6702
7266,6847
7266,7021
7266,7289
7266,7467
7266,7573
7267,329
7267,429
7267,523
7267,548
7267,648
7267,752
7267,1261
7267,1335
7267,1394
7267,1436
7267,1611
7267,1731
7267,2213
7267,2274
7267,2527
7267,2574
7267,2997
7267,3351
7267,3709
7267,4255
7267,4282
7267,4462
7267,4823
7267,5315
7267,5379
7267,5499
7267,5550
7267,5571
7267,5661
7267,6142
7267,6314
7267,6548
7267,6721
7267,6777
7267,7087
7267,7414
7268,550
7268,959
7268,1124
7268,2154
7268,3231
7268,3494
7268,3747
7268,3801
7268,4237
7268,5803
7268,6090
7268,6130
7268,6231
7268,6635
7268,7460
7269,62
7269,95
7269,185
7269,226
7269,421
7269,432
7269,502
7269,551
7269,583
7269,625
7269,629
7269,721
7269,766
7269,771
7269,795
7269,1014
7269,1030
7269,1070
7269,1091
7269,1094
7269,1284
7269,1293
7269,1333
7269,1377
7269,1418
7269,1430
7269,1456
7269,1479
7269,1483
7269,1499
7269,1682
7269,1794
7269,1802
7269,1958
7269,1962
7269,2028
7269,2055
7269,2086
7269,2113
7269,2118
7269,2143
7269,2198
7269,2299
7269,2434
7269,2521
7269,2522
7269,2577
7269,2595
7269,2620
7269,2676
7269,2719
7269,2763
7269,2855
7269,2977
7269,2993
7269,3015
7269,3025
7269,3106
7269,3223
7269,3330
7269,3421
7269,3476
7269,3607
7269,3613
7269,3671
7269,3672
7269,3691
7269,3781
7269,3866
7269,3871
7269,3890
7269,3895
7269,3950
7269,3959
7269,4037
7269,4046
7269,4054
7269,4097
7269,4140
7269,4223
7269,4233
7269,4286
7269,4343
7269,4384
7269,4398
7269,4427
7269,4523
7269,4562
7269,4616
7269,4692
7269,4830
7269,4871
7269,4890
7269,4987
7269,5082
7269,5171
7269,5455
7269,5513
7269,5626
7269,5651
7269,5709
7269,5730
7269,5749
7269,5851
7269,5998
7269,6001
7269,6017
7269,6086
7269,6308
7269,6395
7269,6503
7269,6518
7269,6531
7269,6581
7269,6660
7269,6802
7269,6815
7269,6966
7269,7067
7269,7101
7269,7171
7269,7174
7269,7222
7269,7278
7269,7452
7269,7468
7269,7478
7269,7480
7269,7569
7269,7603
7269,7623
7270,526
7270,3896
7270,4273
7270,6074
7271,581
7271,741
7271,1244
7271,1824
7271,1825
7271,2064
7271,2426
7271,2813
7271,4802
7271,5283
7271,5444
7271,5877
7271,6623
7271,7065
7272,189
7272,275
7272,316
7272,328
7272,787
7272,801
7272,1391
7272,1696
7272,1759
7272,1849
7272,1867
7272,1947
7272,1969
7272,1972
7272,2090
7272,2114
7272,2147
7272,2189
7272,2260
7272,2324
7272,2327
7272,2622
7272,2635
7272,2754
7272,3305
7272,3324
7272,3597
7272,4070
7272,4467
7272,4539
7272,4666
7272,4728
7272,4739
7272,5245
7272,5448
7272,6164
7272,6212
7272,6465
7272,6552
7272,6679
7272,6793
7272,6842
7272,7255
7272,7366
7273,2168
7273,2413
7273,2874
7273,4322
7273,7449
7273,7472
7274,2826
7275,120
7275,595
7275,745
7275,932
7275,1303
7275,1422
7275,1567
7275,1728
7275,1841
7275,2196
7275,2362
7275,2366
7275,2399
7275,2538
7275,2939
7275,2943
7275,3201
7275,3361
7275,3572
7275,3719
7275,4237
7275,4399
7275,4418
7275,4615
7275,4861
7275,5429
7275,6094
7275,6396
7275,6423
7275,6480
7275,6993
7275,7404
7275,7405
7275,7483
7275,7500
7276,26
7276,134
7276,383
7276,419
7276,522
7276,533
7276,592
7276,593
7276,658
7276,774
7276,906
7276,1004
7276,1024
7276,1092
7276,1194
7276,1197
7276,1236
7276,1280
7276,1347
7276,1492
7276,1591
7276,1744
7276,1899
7276,1999
7276,2047
7276,2117
7276,2173
7276,2198
7276,2294
7276,2556
7276,2586
7276,2685
7276,2778
7276,2819
7276,2859
7276,2871
7276,2931
7276,3053
7276,3063
7276,3123
7276,3242
7276,3243
7276,3247
7276,3294
7276,3438
7276,3657
7276,3854
7276,3923
7276,4013
7276,4033
7276,4082
7276,4210
7276,4217
7276,4243
7276,4345
7276,4688
7276,4791
7276,4848
7276,5133
7276,5234
7276,5302
7276,5327
7276,5442
7276,5568
7276,5597
7276,5661
7276,5703
7276,6054
7276,6175
7276,6353
7276,6409
7276,6506
7276,6702
7276,6723
7276,6759
7276,6790
7276,6917
7276,6983
7276,7097
7276,7119
7276,7365
7276,7398
7276,7464
7276,7526
7276,7534
7276,7601
7277,115
7277,1058
7277,1089
7277,1210
7277,1211
7277,1357
7277,1414
7277,1415
7277,1453
7277,1575
7277,1999
7277,2115
7277,2198
7277,2239
7277,2370
7277,2471
7277,2772
7277,3050
7277,3362
7277,3545
7277,3578
7277,3748
7277,4080
7277,4095
7277,4164
7277,4376
7277,4384
7277,4466
7277,4570
7277,4580
7277,4680
7277,4806
7277,5037
7277,5108
7277,5132
7277,5251
7277,5286
7277,5296
7277,5404
7277,5740
7277,5816
7277,5855
7277,5881
7277,5962
7277,6098
7277,6140
7277,6409
7277,6553
7277,6702
7277,6952
7277,7046
7277,7369
7277,7448
7277,7478
7277,7572
7278,369
7278,593
7278,693
7278,766
7278,1058
7278,1284
7278,1415
7278,1453
7278,1798
7278,1854
7278,2198
7278,2215
7278,2239
7278,4376
7278,4384
7278,5143
7278,5212
7278,5404
7278,5979
7278,6702
7278,7067
7278,7085
7278,7269
7278,7464
7279,4749
7280,24
7280,77
7280,85
7280,89
7280,113
7280,220
7280,243
7280,258
7280,260
7280,267
7280,294
7280,304
7280,345
7280,346
7280,353
7280,359
7280,369
7280,435
7280,455
7280,479
7280,562
7280,593
7280,659
7280,693
7280,711
7280,727
7280,735
7280,774
7280,780
7280,795
7280,813
7280,831
7280,836
7280,841
7280,924
7280,939
7280,973
7280,1058
7280,1100
7280,1210
7280,1281
7280,1350
7280,1368
7280,1415
7280,1447
7280,1453
7280,1485
7280,1582
7280,1628
7280,1668
7280,1723
7280,1784
7280,1798
7280,1805
7280,1833
7280,1874
7280,1883
7280,1899
7280,1958
7280,2030
7280,2039
7280,2102
7280,2106
7280,2129
7280,2198
7280,2307
7280,2320
7280,2377
7280,2380
7280,2396
7280,2553
7280,2564
7280,2657
7280,2661
7280,2671
7280,2772
7280,2812
7280,2832
7280,2916
7280,2961
7280,2972
7280,3039
7280,3050
7280,3185
7280,3221
7280,3251
7280,3264
7280,3347
7280,3362
7280,3446
7280,3459
7280,3547
7280,3620
7280,3623
7280,3693
7280,3748
7280,3756
7280,3768
7280,3782
7280,3858
7280,3859
7280,3895
7280,3897
7280,3947
7280,3970
7280,4023
7280,4062
7280,4095
7280,4127
7280,4161
7280,4184
7280,4210
7280,4241
7280,4243
7280,4290
7280,4350
7280,4355
7280,4376
7280,4384
7280,4408
7280,4453
7280,4484
7280,4510
7280,4535
7280,4556
7280,4590
7280,4608
7280,4638
7280,4712
7280,4805
7280,4806
7280,4919
7280,4934
7280,4946
7280,5037
7280,5132
7280,5160
7280,5251
7280,5255
7280,5259
7280,5296
7280,5330
7280,5365
7280,5399
7280,5404
7280,5455
7280,5518
7280,5538
7280,5623
7280,5646
7280,5651
7280,5679
7280,5707
7280,5730
7280,5797
7280,5799
7280,5816
7280,5859
7280,5881
7280,5976
7280,6021
7280,6024
7280,6077
7280,6082
7280,6135
7280,6140
7280,6156
7280,6208
7280,6284
7280,6327
7280,6335
7280,6397
7280,6407
7280,6484
7280,6497
7280,6505
7280,6551
7280,6692
7280,6702
7280,6707
7280,6723
7280,6787
7280,6805
7280,6887
7280,6892
7280,6907
7280,6921
7280,6930
7280,6968
7280,7021
7280,7044
7280,7071
7280,7097
7280,7103
7280,7174
7280,7346
7280,7464
7280,7520
7280,7535
7280,7536
7280,7572
7280,7582
7280,7607
7281,151
7281,866
7281,878
7281,957
7281,1107
7281,1238
7281,1381
7281,1443
7281,1541
7281,1625
7281,1773
7281,1989
7281,2156
7281,2316
7281,2416
7281,2646
7281,2662
7281,3233
7281,3267
7281,3396
7281,3525
7281,3630
7281,3676
7281,3989
7281,4323
7281,4533
7281,4804
7281,5043
7281,5185
7281,5358
7281,5382
7281,5440
7281,5466
7281,5857
7281,6329
7281,6392
7281,6817
7281,7221
7282,783
7282,884
7282,1162
7282,2064
7282,3143
7282,3494
7282,5618
7282,5793
7282,5877
7282,6130
7282,6206
7282,6226
7282,6635
7283,26
7283,419
7283,522
7283,1004
7283,1024
7283,1236
7283,1591
7283,2095
7283,2173
7283,2294
7283,2309
7283,2819
7283,2859
7283,3053
7283,3241
7283,3257
7283,3621
7283,3807
7283,4013
7283,4082
7283,4217
7283,4650
7283,4791
7283,4848
7283,5133
7283,5568
7283,5595
7283,5932
7283,6054
7283,6353
7283,6759
7283,6983
7283,7119
7283,7398
7283,7534
7284,972
7284,1863
7284,1913
7284,2098
7284,2419
7284,3649
7284,6502
7284,7255
7284,7437
7285,729
7285,932
7285,2399
7285,2439
7285,3569
7285,3879
7285,3939
7285,4237
7285,4399
7285,4861
7285,5163
7285,5429
7285,6113
7285,6138
7285,6347
7285,6480
7285,6935
7285,7460
7285,7500
7286,150
7286,373
7286,650
7286,1026
7286,2136
7286,2315
7286,2709
7286,2830
7286,2875
7286,3354
7286,3622
7286,3993
7286,5026
7286,5177
7286,5314
7286,5358
7286,5466
7286,5723
7286,6821
7286,6991
7287,66
7287,101
7287,1814
7287,1955
7287,3086
7287,3227
7287,3437
7287,3442
7287,3461
7287,3949
7287,4305
7287,4628
7287,5035
7287,5074
7287,5260
7287,5663
7287,5817
7287,5872
7287,6307
7287,6554
7287,6735
7287,6768
7287,7160
7287,7217
7287,7594
7287,7641
7288,266
7288,358
7288,446
7288,551
7288,1174
7288,1453
7288,1472
7288,1927
7288,2021
7288,2143
7288,2198
7288,2205
7288,2239
7288,2913
7288,3040
7288,3269
7288,4384
7288,4952
7288,5132
7288,5222
7288,5234
7288,5993
7288,6328
7288,6409
7288,6740
7288,7252
7289,42
7289,61
7289,76
7289,320
7289,446
7289,540
7289,552
7289,593
7289,731
7289,770
7289,810
7289,1040
7289,1058
7289,1178
7289,1254
7289,1286
7289,1370
7289,1399
7289,1561
7289,1705
7289,1744
7289,1782
7289,1862
7289,1975
7289,2039
7289,2166
7289,2198
7289,2239
7289,2294
7289,2336
7289,2432
7289,2541
7289,2645
7289,2882
7289,2981
7289,3008
7289,3020
7289,3049
7289,3051
7289,3152
7289,3172
7289,3177
7289,3178
7289,3234
7289,3364
7289,3384
7289,3403
7289,3459
7289,3677
7289,3698
7289,3704
7289,3713
7289,3748
7289,3996
7289,4161
7289,4184
7289,4243
7289,4257
7289,4376
7289,4392
7289,4479
7289,4535
7289,4616
7289,4642
7289,4670
7289,4680
7289,4746
7289,4771
7289,4805
7289,4827
7289,5007
7289,5070
7289,5108
7289,5148
7289,5195
7289,5234
7289,5296
7289,5344
7289,5404
7289,5412
7289,5415
7289,5531
7289,5612
7289,5649
7289,5833
7289,5881
7289,6215
7289,6345
7289,6353
7289,6354
7289,6414
7289,6466
7289,6518
7289,6551
7289,6658
7289,6847
7289,6877
7289,6890
7289,7036
7289,7091
7289,7105
7289,7266
7289,7311
7289,7369
7289,7374
7289,7525
7289,7572
7289,7582
7290,27
7290,48
7290,258
7290,269
7290,306
7290,375
7290,389
7290,411
7290,593
7290,680
7290,875
7290,1034
7290,1098
7290,1215
7290,1239
7290,1377
7290,1585
7290,1661
7290,1872
7290,2062
7290,2166
7290,2198
7290,2239
7290,2572
7290,2820
7290,3194
7290,3216
7290,3277
7290,3359
7290,3561
7290,3681
7290,3910
7290,4154
7290,4230
7290,4289
7290,4422
7290,4822
7290,5289
7290,5404
7290,5474
7290,5797
7290,6210
7290,6403
7290,6437
7290,6447
7290,6761
7290,6854
7290,6901
7290,7295
7290,7298
7290,7357
7290,7395
7290,7592
7291,17
7291,617
7291,709
7291,884
7291,1455
7291,1702
7291,1737
7291,1791
7291,1846
7291,1909
7291,2064
7291,2291
7291,3104
7291,3366
7291,3754
7291,4237
7291,4814
7291,4849
7291,5034
7291,5140
7291,5432
7291,5515
7291,6042
7291,6130
7291,6221
7291,6404
7291,6598
7291,6667
7291,6806
7291,6884
7291,7065
7291,7404
7291,7491
7292,191
7292,242
7292,465
7292,941
7292,1035
7292,2379
7292,3107
7292,3227
7292,3244
7292,3437
7292,3571
7292,3953
7292,4051
7292,4065
7292,4810
7292,4961
7292,5560
7292,5578
7292,5733
7292,6031
7292,6307
7292,6583
7292,6682
7292,6813
7292,7041
7292,7117
7292,7205
7292,7620
7292,7641
7293,28
7293,40
7293,143
7293,456
7293,920
7293,1185
7293,1280
7293,1347
7293,1429
7293,1962
7293,2415
7293,2438
7293,2586
7293,2738
7293,2795
7293,2801
7293,3339
7293,3849
7293,3856
7293,3889
7293,4031
7293,4033
7293,4173
7293,4373
7293,4522
7293,5181
7293,5209
7293,5343
7293,5504
7293,5708
7293,5997
7293,6015
7293,6210
7293,6379
7293,6384
7293,6403
7293,6807
7293,6852
7293,7020
7293,7032
7294,77
7294,89
7294,258
7294,319
7294,377
7294,593
7294,633
7294,868
7294,1206
7294,1634
7294,1663
7294,1798
7294,2198
7294,2239
7294,3105
7294,3185
7294,3277
7294,3459
7294,3506
7294,3946
7294,4127
7294,4156
7294,4243
7294,4352
7294,4376
7294,4484
7294,4510
7294,4578
7294,4805
7294,5006
7294,5132
7294,5234
7294,5734
7294,5756
7294,5979
7294,6100
7294,6414
7294,6702
7294,6707
7294,7150
7294,7204
7294,7320
7294,7395
7294,7464
7294,7535
7294,7568
7294,7607
7295,149
7295,269
7295,639
7295,1424
7295,1439
7295,1827
7295,2201
7295,2239
7295,2290
7295,2541
7295,2663
7295,2979
7295,3171
7295,3277
7295,3359
7295,3698
7295,3859
7295,4522
7295,4952
7295,5003
7295,5029
7295,6590
7295,6786
7295,7290
7295,7395
7295,7551
7296,23
7296,33
7296,85
7296,95
7296,235
7296,266
7296,304
7296,408
7296,431
7296,475
7296,538
7296,553
7296,593
7296,599
7296,626
7296,629
7296,677
7296,726
7296,780
7296,789
7296,813
7296,869
7296,903
7296,905
7296,921
7296,930
7296,942
7296,1011
7296,1018
7296,1102
7296,1113
7296,1129
7296,1226
7296,1254
7296,1284
7296,1287
7296,1330
7296,1349
7296,1368
7296,1378
7296,1414
7296,1430
7296,1453
7296,1456
7296,1521
7296,1524
7296,1545
7296,1590
7296,1621
7296,1624
7296,1665
7296,1668
7296,1735
7296,1784
7296,1833
7296,1840
7296,1854
7296,1927
7296,1978
7296,1999
7296,2013
7296,2039
7296,2048
7296,2086
7296,2186
7296,2194
7296,2198
7296,2215
7296,2239
7296,2313
7296,2334
7296,2410
7296,2427
7296,2522
7296,2575
7296,2595
7296,2600
7296,2620
7296,2632
7296,2657
7296,2664
7296,2671
7296,2719
7296,2744
7296,2765
7296,2770
7296,2794
7296,2808
7296,2809
7296,2852
7296,2855
7296,2883
7296,2888
7296,2911
7296,2938
7296,2954
7296,2956
7296,2974
7296,3060
7296,3079
7296,3093
7296,3177
7296,3178
7296,3183
7296,3209
7296,3225
7296,3284
7296,3297
7296,3311
7296,3370
7296,3403
7296,3408
7296,3502
7296,3520
7296,3538
7296,3593
7296,3635
7296,3692
7296,3748
7296,3758
7296,3808
7296,3867
7296,3890
7296,3926
7296,3958
7296,3996
7296,4037
7296,4062
7296,4086
7296,4096
7296,4161
7296,4210
7296,4223
7296,4233
7296,4253
7296,4286
7296,4303
7296,4313
7296,4376
7296,4384
7296,4523
7296,4529
7296,4535
7296,4570
7296,4680
7296,4787
7296,4864
7296,4865
7296,4871
7296,4952
7296,5015
7296,5082
7296,5095
7296,5111
7296,5120
7296,5132
7296,5165
7296,5201
7296,5278
7296,5470
7296,5471
7296,5513
7296,5576
7296,5623
7296,5629
7296,5709
7296,5714
7296,5722
7296,5730
7296,5859
7296,5888
7296,5926
7296,5931
7296,5961
7296,6017
7296,6022
7296,6098
7296,6242
7296,6284
7296,6395
7296,6412
7296,6449
7296,6466
7296,6507
7296,6537
7296,6540
7296,6638
7296,6699
7296,6705
7296,6740
7296,6760
7296,6848
7296,6892
7296,6951
7296,6961
7296,6981
7296,6984
7296,6992
7296,7079
7296,7085
7296,7101
7296,7159
7296,7170
7296,7171
7296,7174
7296,7197
7296,7231
7296,7252
7296,7320
7296,7331
7296,7369
7296,7401
7296,7465
7296,7580
7296,7582
7296,7597
7297,28
7297,3856
7298,40
7298,143
7298,161
7298,211
7298,299
7298,389
7298,456
7298,714
7298,1098
7298,1185
7298,1280
7298,1585
7298,1929
7298,2062
7298,2415
7298,2586
7298,2795
7298,2801
7298,2835
7298,3157
7298,3216
7298,3277
7298,3339
7298,3888
7298,3889
7298,3983
7298,4029
7298,4033
7298,4098
7298,4154
7298,4294
7298,4301
7298,4373
7298,4522
7298,4565
7298,4569
7298,4940
7298,5022
7298,5289
7298,5376
7298,5708
7298,6210
7298,6403
7298,6852
7298,7020
7298,7032
7298,7290
7299,2239
7299,3331
7300,835
7300,1514
7300,1645
7300,1915
7300,1926
7300,2066
7300,3232
7300,3317
7300,3433
7300,4116
7300,4196
7300,4358
7300,4559
7300,4957
7300,5070
7300,5213
7300,5264
7300,5363
7300,5545
7300,6178
7300,6264
7300,6942
7300,7312
7301,68
7301,104
7301,348
7301,354
7301,396
7301,416
7301,451
7301,452
7301,547
7301,574
7301,594
7301,624
7301,635
7301,792
7301,799
7301,823
7301,1025
7301,1033
7301,1147
7301,1154
7301,1168
7301,1201
7301,1203
7301,1208
7301,1231
7301,1265
7301,1307
7301,1349
7301,1366
7301,1384
7301,1542
7301,1602
7301,1605
7301,1779
7301,1837
7301,1968
7301,1971
7301,2203
7301,2276
7301,2278
7301,2403
7301,2578
7301,2580
7301,2642
7301,2692
7301,2696
7301,2716
7301,2841
7301,2846
7301,2937
7301,3055
7301,3110
7301,3228
7301,3254
7301,3286
7301,3301
7301,3338
7301,3390
7301,3402
7301,3505
7301,3522
7301,3535
7301,3769
7301,3943
7301,4036
7301,4119
7301,4132
7301,4139
7301,4166
7301,4444
7301,4481
7301,4547
7301,4550
7301,4825
7301,4927
7301,4977
7301,5021
7301,5055
7301,5073
7301,5112
7301,5149
7301,5193
7301,5196
7301,5233
7301,5246
7301,5590
7301,5712
7301,6011
7301,6158
7301,6204
7301,6375
7301,6455
7301,6498
7301,6659
7301,6697
7301,6833
7301,6863
7301,6883
7301,6932
7301,6938
7301,6943
7301,7028
7301,7040
7301,7148
7301,7350
7301,7533
7301,7567
7301,7625
7302,319
7302,593
7302,1467
7302,2198
7302,2239
7302,2553
7302,4380
7302,4805
7302,5234
7302,5404
7302,6414
7302,6702
7302,7247
7302,7395
7303,1116
7303,1506
7303,1677
7303,2082
7303,2464
7303,2721
7303,3668
7303,3977
7303,4841
7303,4898
7304,146
7304,159
7304,764
7304,1052
7304,1143
7304,1181
7304,2016
7304,2374
7304,3005
7304,3097
7304,3778
7304,3783
7304,4189
7304,4400
7304,4451
7304,4577
7304,4817
7304,5009
7304,5170
7304,5226
7304,6048
7304,6114
7304,6378
7304,6481
7304,6627
7304,6651
7304,6748
7305,28
7305,73
7305,137
7305,149
7305,162
7305,229
7305,305
7305,306
7305,461
7305,616
7305,803
7305,1108
7305,1280
7305,1429
7305,1454
7305,1534
7305,1586
7305,1679
7305,1689
7305,1707
7305,1757
7305,1831
7305,1877
7305,1961
7305,1981
7305,2111
7305,2164
7305,2192
7305,2198
7305,2239
7305,2419
7305,2577
7305,2663
7305,2751
7305,2801
7305,2996
7305,3022
7305,3049
7305,3101
7305,3178
7305,3224
7305,3279
7305,3359
7305,3384
7305,3394
7305,3492
7305,3698
7305,3716
7305,3723
7305,3802
7305,3866
7305,3887
7305,3928
7305,4015
7305,4185
7305,4265
7305,4433
7305,4440
7305,4479
7305,4670
7305,4746
7305,5146
7305,5305
7305,5375
7305,5378
7305,5420
7305,5445
7305,5467
7305,5484
7305,5504
7305,5556
7305,5614
7305,5694
7305,5772
7305,6014
7305,6078
7305,6105
7305,6282
7305,6297
7305,6340
7305,6403
7305,6411
7305,6450
7305,6494
7305,6545
7305,6733
7305,6828
7305,6951
7305,7196
7305,7373
7305,7374
7305,7395
7305,7510
7306,464
7306,697
7306,2180
7306,2504
7306,3843
7306,4126
7306,4897
7306,5236
7306,6607
7306,7645
7307,308
7307,804
7307,892
7307,898
7307,975
7307,1120
7307,1241
7307,1343
7307,1426
7307,1802
7307,1817
7307,1966
7307,1979
7307,2427
7307,2893
7307,3295
7307,3480
7307,3492
7307,3757
7307,3922
7307,4851
7307,4990
7307,5189
7307,5574
7307,5880
7307,5944
7307,6879
7307,7022
7307,7029
7307,7608
7308,10
7308,1041
7308,1264
7308,1616
7308,1736
7308,1881
7308,1980
7308,2192
7308,2337
7308,2435
7308,2623
7308,2777
7308,3116
7308,3415
7308,3583
7308,3678
7308,3749
7308,3992
7308,4509
7308,4723
7308,4905
7308,5110
7308,5509
7308,6357
7308,6628
7308,7348
7308,7437
7308,7458
7308,7513
7309,305
7309,1225
7309,6470
7310,766
7310,1575
7310,2143
7310,2198
7310,3223
7310,3578
7310,3866
7310,3890
7310,4376
7310,4805
7310,5948
7310,6098
7310,6211
7310,6246
7311,258
7311,593
7311,924
7311,1165
7311,1293
7311,1744
7311,1763
7311,1899
7311,2198
7311,2206
7311,2239
7311,2380
7311,3051
7311,3623
7311,4023
7311,4082
7311,4164
7311,4217
7311,4376
7311,5311
7311,5372
7311,5404
7311,5518
7311,5707
7311,5734
7311,5979
7311,6024
7311,6180
7311,6414
7311,6702
7311,6787
7311,7021
7311,7289
7312,264
7312,526
7312,672
7312,1058
7312,1589
7312,2026
7312,2111
7312,2198
7312,2356
7312,2359
7312,2376
7312,2581
7312,3049
7312,3273
7312,3510
7312,3962
7312,3964
7312,4067
7312,4116
7312,4416
7312,4573
7312,4805
7312,5063
7312,5234
7312,5264
7312,5335
7312,5544
7312,6038
7312,6388
7312,6569
7312,6570
7312,6668
7312,6702
7312,6909
7312,7130
7312,7250
7312,7300
7312,7512
7313,669
7313,2092
7313,2111
7313,5063
7313,6481
7313,6909
7314,273
7314,315
7314,557
7314,995
7314,1079
7314,1131
7314,1772
7314,2133
7314,2654
7314,2757
7314,3460
7314,3741
7314,3924
7314,4125
7314,4143
7314,4208
7314,4280
7314,4673
7314,4899
7314,5019
7314,5300
7314,5380
7314,6347
7314,6653
7314,7565
7315,1405
7315,2085
7315,2297
7315,3200
7315,4299
7315,4370
7315,4794
7315,6150
7315,6529
7315,6875
7315,7185
7315,7429
7316,21
7316,66
7316,193
7316,209
7316,242
7316,524
7316,531
7316,588
7316,734
7316,918
7316,1035
7316,2496
7316,2702
7316,3107
7316,3121
7316,3303
7316,3352
7316,3425
7316,3735
7316,3953
7316,4209
7316,4646
7316,4961
7316,5057
7316,5260
7316,5656
7316,5684
7316,5713
7316,6169
7316,6514
7316,6612
7316,6768
7316,6814
7316,7050
7316,7081
7316,7217
7316,7532
7316,7620
7317,144
7317,730
7317,1115
7317,1262
7317,1772
7317,2391
7317,2528
7317,2951
7317,3128
7317,3231
7317,3361
7317,4237
7317,4512
7317,5611
7317,7011
7317,7230
7317,7356
7318,2026
7318,6512
7318,6570
7318,7250
7319,593
7319,1663
7319,1763
7319,1840
7319,1899
7319,5404
7319,6702
7319,7003
7319,7071
7320,85
7320,260
7320,304
7320,369
7320,484
7320,552
7320,593
7320,727
7320,863
7320,989
7320,1058
7320,1254
7320,1268
7320,1293
7320,1357
7320,1368
7320,1453
7320,1575
7320,1862
7320,1908
7320,1978
7320,2120
7320,2198
7320,2215
7320,2239
7320,2267
7320,2332
7320,2370
7320,2410
7320,2441
7320,2618
7320,2659
7320,2703
7320,2808
7320,2848
7320,2855
7320,2888
7320,3160
7320,3183
7320,3206
7320,3279
7320,3692
7320,3695
7320,3748
7320,3758
7320,3895
7320,4080
7320,4086
7320,4090
7320,4095
7320,4164
7320,4184
7320,4303
7320,4376
7320,4384
7320,4392
7320,4803
7320,4805
7320,4806
7320,5070
7320,5132
7320,5194
7320,5258
7320,5296
7320,5404
7320,5415
7320,5507
7320,5641
7320,5707
7320,5732
7320,5816
7320,5859
7320,5952
7320,5976
7320,6315
7320,6576
7320,6693
7320,6701
7320,6702
7320,6707
7320,6760
7320,6877
7320,7008
7320,7071
7320,7147
7320,7294
7320,7296
7320,7401
7320,7464
7320,7525
7320,7582
7320,7607
7321,103
7321,593
7321,1293
7321,1472
7321,1524
7321,1999
7321,2198
7321,2755
7321,3370
7321,3748
7321,4086
7321,4376
7321,4384
7321,4952
7321,5412
7321,6707
7321,7501
7322,225
7322,352
7322,382
7322,526
7322,584
7322,629
7322,655
7322,808
7322,1291
7322,1521
7322,1810
7322,1926
7322,1976
7322,2059
7322,2113
7322,2215
7322,2325
7322,2402
7322,2423
7322,2525
7322,2536
7322,2703
7322,2903
7322,2945
7322,3062
7322,3125
7322,3246
7322,3503
7322,3506
7322,3510
7322,3559
7322,3760
7322,4067
7322,4069
7322,4153
7322,4502
7322,4584
7322,4917
7322,5120
7322,5144
7322,5641
7322,5719
7322,5722
7322,5851
7322,6131
7322,6296
7322,6408
7322,6412
7322,6427
7322,6547
7322,6569
7322,6630
7322,6668
7322,6841
7322,6909
7322,7077
7322,7131
7322,7240
7322,7512
7322,7608
7323,39
7323,881
7323,1310
7323,4904
7323,6281
7323,7330
7324,147
7324,481
7324,561
7324,578
7324,746
7324,782
7324,943
7324,1086
7324,1223
7324,1646
7324,2395
7324,2398
7324,2491
7324,2983
7324,3180
7324,3211
7324,3255
7324,3449
7324,4191
7324,4244
7324,4411
7324,4423
7324,4491
7324,4494
7324,4564
7324,4663
7324,4711
7324,4884
7324,5230
7324,5489
7324,5718
7324,5737
7324,5972
7324,5974
7324,6222
7324,6311
7324,6488
7324,6609
7324,6625
7324,6924
7324,7383
7324,7489
7324,7598
7325,203
7325,526
7325,922
7325,1321
7325,1568
7325,1607
7325,1973
7325,2026
7325,2111
7325,2279
7325,2493
7325,2529
7325,2624
7325,3510
7325,3827
7325,3964
7325,4116
7325,4653
7325,4957
7325,4989
7325,5064
7325,5264
7325,6038
7325,6668
7325,7093
7325,7130
7325,7131
7325,7250
7326,1848
7326,3200
7326,4134
7326,4597
7326,4929
7326,6317
7326,7199
7327,608
7327,798
7327,1135
7327,1606
7327,3200
7327,4401
7327,5683
7327,6080
7327,7082
7328,352
7328,526
7328,1472
7328,2286
7328,2581
7328,3457
7328,3506
7328,3856
7328,4805
7328,5063
7328,6038
7328,6408
7328,6481
7328,6569
7328,6672
7328,6909
7328,7250
7329,67
7329,101
7329,150
7329,282
7329,361
7329,440
7329,826
7329,872
7329,873
7329,2025
7329,2252
7329,2367
7329,2505
7329,2619
7329,2971
7329,3208
7329,4793
7329,4875
7329,4939
7329,5322
7329,5805
7329,5988
7329,5991
7329,6065
7329,6304
7329,6608
7329,7132
7330,39
7330,51
7330,75
7330,92
7330,106
7330,107
7330,127
7330,167
7330,217
7330,226
7330,248
7330,259
7330,339
7330,372
7330,450
7330,460
7330,466
7330,474
7330,483
7330,490
7330,500
7330,521
7330,551
7330,555
7330,601
7330,680
7330,705
7330,715
7330,766
7330,793
7330,831
7330,875
7330,881
7330,916
7330,939
7330,1064
7330,1098
7330,1104
7330,1133
7330,1189
7330,1212
7330,1215
7330,1281
7330,1286
7330,1289
7330,1310
7330,1315
7330,1361
7330,1377
7330,1379
7330,1406
7330,1409
7330,1430
7330,1456
7330,1479
7330,1486
7330,1495
7330,1511
7330,1551
7330,1590
7330,1610
7330,1612
7330,1708
7330,1722
7330,1725
7330,1801
7330,1802
7330,1872
7330,1894
7330,1907
7330,1958
7330,1975
7330,1976
7330,2021
7330,2024
7330,2028
7330,2042
7330,2043
7330,2084
7330,2086
7330,2198
7330,2211
7330,2215
7330,2239
7330,2294
7330,2332
7330,2348
7330,2486
7330,2522
7330,2569
7330,2588
7330,2600
7330,2610
7330,2648
7330,2661
7330,2683
7330,2701
7330,2734
7330,2755
7330,2820
7330,2834
7330,2901
7330,2905
7330,2977
7330,3073
7330,3190
7330,3212
7330,3264
7330,3320
7330,3341
7330,3359
7330,3388
7330,3515
7330,3532
7330,3542
7330,3561
7330,3585
7330,3613
7330,3643
7330,3664
7330,3672
7330,3686
7330,3772
7330,3784
7330,3832
7330,3844
7330,3855
7330,3868
7330,3895
7330,3944
7330,3950
7330,3954
7330,4062
7330,4076
7330,4097
7330,4186
7330,4188
7330,4223
7330,4228
7330,4259
7330,4286
7330,4302
7330,4315
7330,4366
7330,4376
7330,4381
7330,4406
7330,4469
7330,4484
7330,4490
7330,4519
7330,4523
7330,4569
7330,4606
7330,4626
7330,4674
7330,4710
7330,4719
7330,4724
7330,4797
7330,4822
7330,4871
7330,4879
7330,4892
7330,4904
7330,4918
7330,4982
7330,4991
7330,5001
7330,5022
7330,5058
7330,5091
7330,5111
7330,5132
7330,5188
7330,5216
7330,5218
7330,5259
7330,5263
7330,5289
7330,5292
7330,5396
7330,5404
7330,5420
7330,5452
7330,5464
7330,5474
7330,5478
7330,5505
7330,5575
7330,5576
7330,5650
7330,5661
7330,5674
7330,5745
7330,5772
7330,5801
7330,5845
7330,5864
7330,5865
7330,5963
7330,6001
7330,6021
7330,6063
7330,6179
7330,6272
7330,6281
7330,6301
7330,6395
7330,6417
7330,6437
7330,6447
7330,6451
7330,6518
7330,6563
7330,6578
7330,6588
7330,6617
7330,6620
7330,6660
7330,6676
7330,6737
7330,6743
7330,6775
7330,6803
7330,6810
7330,6878
7330,6898
7330,6901
7330,6911
7330,7067
7330,7101
7330,7102
7330,7128
7330,7174
7330,7222
7330,7323
7330,7338
7330,7359
7330,7430
7330,7452
7330,7480
7330,7487
7330,7510
7330,7520
7330,7556
7330,7589
7330,7603
7330,7623
7330,7633
7331,85
7331,260
7331,584
7331,789
7331,1113
7331,1453
7331,1478
7331,1798
7331,2194
7331,2198
7331,2239
7331,2320
7331,2744
7331,3183
7331,3311
7331,3406
7331,3698
7331,3748
7331,3895
7331,4080
7331,4384
7331,4952
7331,5455
7331,6053
7331,6412
7331,6618
7331,6702
7331,7296
7332,111
7332,643
7332,1990
7332,2613
7332,2629
7332,3405
7332,3485
7332,3739
7332,4172
7332,5863
7332,6422
7332,6608
7334,66
7334,195
7334,202
7334,214
7334,496
7334,988
7334,993
7334,1035
7334,1134
7334,1454
7334,2052
7334,2056
7334,2078
7334,2254
7334,2412
7334,2608
7334,2662
7334,2833
7334,3343
7334,3467
7334,3674
7334,4633
7334,4665
7334,4738
7334,4867
7334,5172
7334,5454
7334,5663
7334,5794
7334,6245
7334,6549
7334,6813
7334,6838
7334,7175
7334,7412
7334,7621
7335,1103
7335,2125
7335,3049
7335,3578
7335,5180
7335,7467
7336,352
7336,584
7336,593
7336,1291
7336,2111
7336,2198
7336,2423
7336,2536
7336,2965
7336,3510
7336,3985
7336,4067
7336,4206
7336,5132
7336,5404
7336,6909
7337,169
7337,183
7337,322
7337,455
7337,593
7337,710
7337,722
7337,836
7337,924
7337,945
7337,1018
7337,1268
7337,1415
7337,1467
7337,1513
7337,1663
7337,1727
7337,1744
7337,1792
7337,1796
7337,1899
7337,1993
7337,2198
7337,2239
7337,2432
7337,2485
7337,2553
7337,2637
7337,2649
7337,2906
7337,3001
7337,3051
7337,3138
7337,3274
7337,3377
7337,3623
7337,3648
7337,3683
7337,3703
7337,3704
7337,3720
7337,4023
7337,4024
7337,4074
7337,4538
7337,4573
7337,4578
7337,4641
7337,4669
7337,4805
7337,4941
7337,4979
7337,5132
7337,5139
7337,5241
7337,5328
7337,5348
7337,5734
7337,5853
7337,5878
7337,5881
7337,5937
7337,5979
7337,5982
7337,6188
7337,6361
7337,6414
7337,6634
7337,6669
7337,6673
7337,6678
7337,6702
7337,6707
7337,6787
7337,7003
7337,7010
7337,7021
7337,7215
7337,7352
7337,7353
7337,7440
7337,7477
7337,7577
7337,7607
7338,304
7338,1291
7338,2536
7338,5132
7338,7234
7338,7330
7339,319
7339,593
7339,1357
7339,1467
7339,1723
7339,1744
7339,2198
7339,3277
7339,4023
7339,4376
7339,4522
7339,4641
7339,4805
7339,5132
7339,6409
7339,6551
7339,6673
7339,6702
7339,7247
7339,7395
7339,7607
7340,726
7340,1575
7340,2198
7340,2370
7340,4376
7340,5404
7340,5816
7341,3510
7341,3964
7341,5234
7341,5544
7341,6481
7342,131
7342,615
7342,1410
7342,1903
7342,4149
7342,4613
7342,4655
7342,5267
7342,5277
7342,5336
7342,5537
7342,5736
7342,6094
7342,6366
7342,7011
7342,7243
7342,7257
7343,420
7343,595
7343,745
7343,982
7343,1177
7343,1487
7343,1567
7343,2064
7343,2196
7343,2774
7343,2792
7343,3684
7343,4149
7343,4340
7343,4620
7343,4800
7343,4943
7343,5256
7343,6094
7343,6130
7343,6138
7343,6221
7343,6423
7343,6453
7343,6681
7343,6915
7343,7133
7343,7208
7343,7631
7344,229
7344,393
7344,780
7344,875
7344,1700
7344,2198
7344,2239
7344,2384
7344,3070
7344,3072
7344,3152
7344,3359
7344,3664
7344,3866
7344,4039
7344,4406
7344,4422
7344,4791
7344,6297
7344,6437
7344,6485
7344,6707
7344,6828
7344,6878
7344,6880
7344,7395
7345,382
7345,584
7345,2371
7345,3513
7345,3751
7345,4427
7345,4917
7345,6026
7345,6243
7345,6677
7345,7131
7346,261
7346,484
7346,593
7346,811
7346,1899
7346,2198
7346,3909
7346,4630
7346,4816
7346,5518
7346,5669
7346,5679
7346,5734
7346,5881
7346,6702
7346,7170
7346,7280
7347,1115
7347,1262
7347,1772
7347,1841
7347,2391
7347,4208
7347,6138
7347,6347
7347,7460
7348,10
7348,349
7348,605
7348,828
7348,981
7348,1016
7348,1041
7348,1088
7348,1334
7348,1391
7348,1616
7348,1736
7348,1766
7348,1881
7348,1980
7348,1983
7348,2260
7348,2337
7348,2435
7348,2446
7348,2623
7348,2717
7348,2777
7348,3102
7348,3316
7348,3415
7348,3583
7348,3678
7348,3711
7348,3717
7348,3749
7348,3840
7348,3992
7348,4070
7348,4236
7348,4375
7348,4509
7348,4566
7348,4619
7348,4723
7348,4740
7348,4829
7348,4992
7348,5110
7348,5509
7348,5692
7348,5852
7348,5868
7348,5929
7348,6357
7348,6502
7348,6557
7348,6628
7348,6665
7348,6876
7348,7060
7348,7241
7348,7308
7348,7437
7348,7458
7348,7513
7349,116
7349,127
7349,576
7349,766
7349,1069
7349,1884
7349,2198
7349,2239
7349,2427
7349,2816
7349,3049
7349,3203
7349,3578
7349,4384
7349,4578
7349,5132
7349,5404
7349,5455
7349,5962
7349,6098
7349,7467
7350,68
7350,354
7350,452
7350,547
7350,565
7350,799
7350,1025
7350,1147
7350,1208
7350,1265
7350,1968
7350,1971
7350,2020
7350,2278
7350,2442
7350,2466
7350,2580
7350,2846
7350,2858
7350,3402
7350,4036
7350,4119
7350,4396
7350,4481
7350,5023
7350,6158
7350,6498
7350,6697
7350,6798
7350,7301
7350,7466
7350,7533
7351,28
7351,36
7351,456
7351,920
7351,1280
7351,1429
7351,1457
7351,1579
7351,2045
7351,2163
7351,2738
7351,2826
7351,3271
7351,3856
7351,4001
7351,4033
7351,5114
7351,5209
7351,5343
7351,5437
7351,5496
7351,5791
7351,6572
7351,6807
7351,6852
7352,369
7352,455
7352,593
7352,951
7352,1018
7352,1058
7352,1097
7352,1152
7352,1329
7352,1415
7352,1447
7352,1513
7352,1727
7352,1744
7352,1796
7352,1899
7352,1993
7352,2198
7352,2410
7352,2553
7352,2571
7352,2906
7352,3051
7352,3311
7352,3446
7352,3648
7352,3703
7352,4023
7352,4463
7352,4538
7352,4641
7352,4669
7352,4805
7352,4934
7352,5132
7352,5139
7352,5234
7352,5241
7352,5348
7352,5365
7352,5372
7352,5385
7352,5404
7352,5556
7352,5734
7352,5799
7352,5881
7352,5903
7352,5937
7352,5982
7352,6183
7352,6414
7352,6678
7352,6702
7352,6830
7352,6978
7352,7003
7352,7103
7352,7215
7352,7337
7352,7428
7352,7477
7352,7577
7352,7607
7353,23
7353,27
7353,89
7353,258
7353,260
7353,267
7353,304
7353,345
7353,359
7353,366
7353,369
7353,374
7353,392
7353,431
7353,455
7353,479
7353,482
7353,593
7353,622
7353,836
7353,857
7353,1018
7353,1058
7353,1268
7353,1350
7353,1357
7353,1368
7353,1415
7353,1421
7353,1447
7353,1453
7353,1513
7353,1614
7353,1663
7353,1671
7353,1684
7353,1690
7353,1723
7353,1738
7353,1744
7353,1796
7353,1798
7353,1899
7353,1959
7353,1970
7353,1993
7353,2013
7353,2106
7353,2129
7353,2198
7353,2239
7353,2340
7353,2380
7353,2396
7353,2406
7353,2541
7353,2553
7353,2575
7353,2661
7353,2794
7353,2812
7353,2832
7353,2855
7353,2881
7353,3008
7353,3105
7353,3184
7353,3226
7353,3347
7353,3362
7353,3620
7353,3623
7353,3646
7353,3648
7353,3859
7353,3897
7353,4012
7353,4023
7353,4157
7353,4241
7353,4243
7353,4350
7353,4376
7353,4384
7353,4453
7353,4510
7353,4578
7353,4642
7353,4680
7353,4712
7353,4928
7353,4934
7353,5160
7353,5194
7353,5296
7353,5365
7353,5399
7353,5404
7353,5518
7353,5612
7353,5626
7353,5641
7353,5707
7353,5799
7353,5816
7353,5976
7353,6075
7353,6135
7353,6156
7353,6183
7353,6315
7353,6397
7353,6398
7353,6497
7353,6540
7353,6551
7353,6562
7353,6634
7353,6669
7353,6673
7353,6678
7353,6692
7353,6702
7353,6706
7353,6707
7353,6887
7353,6921
7353,7010
7353,7071
7353,7103
7353,7170
7353,7174
7353,7231
7353,7337
7353,7428
7353,7464
7353,7511
7353,7520
7353,7568
7353,7572
7353,7577
7353,7582
7353,7607
7354,326
7354,643
7354,1465
7354,2231
7354,2488
7354,5062
7354,6922
7354,7454
7354,7637
7355,29
7355,550
7355,773
7355,1303
7355,1533
7355,2168
7355,2196
7355,3375
7355,3494
7355,4993
7355,6290
7355,6423
7355,7037
7355,7133
7355,7500
7355,7631
7356,144
7356,391
7356,567
7356,1124
7356,1311
7356,1354
7356,2366
7356,2720
7356,2788
7356,2951
7356,3128
7356,3231
7356,5297
7356,5759
7356,5829
7356,6286
7356,6410
7356,6428
7356,6816
7356,7243
7356,7317
7357,226
7357,411
7357,590
7357,1776
7357,1975
7357,2043
7357,2239
7357,2384
7357,2743
7357,3277
7357,3359
7357,3532
7357,3834
7357,3889
7357,3983
7357,4154
7357,4373
7357,4522
7357,4565
7357,4822
7357,5452
7357,6063
7357,6069
7357,6403
7357,6578
7357,6604
7357,6775
7357,6854
7357,7032
7357,7290
7357,7510
7357,7524
7357,7592
7358,368
7358,451
7358,1398
7358,1451
7358,1547
7358,1553
7358,1968
7358,1971
7358,2167
7358,2178
7358,2218
7358,2278
7358,2351
7358,2429
7358,2501
7358,2580
7358,3200
7358,3321
7358,3390
7358,3535
7358,3639
7358,3679
7358,3694
7358,3863
7358,3971
7358,4036
7358,4364
7358,4597
7358,4652
7358,4815
7358,4929
7358,4996
7358,5096
7358,5101
7358,5900
7358,6326
7358,6415
7358,6529
7358,6809
7358,6820
7358,6862
7358,6977
7358,7107
7358,7199
7358,7499
7358,7567
7359,1
7359,40
7359,143
7359,161
7359,456
7359,483
7359,490
7359,629
7359,856
7359,881
7359,1066
7359,1185
7359,2113
7359,2145
7359,2298
7359,2586
7359,2626
7359,2809
7359,3013
7359,3077
7359,3339
7359,3503
7359,3990
7359,4031
7359,4173
7359,4259
7359,4294
7359,4735
7359,4940
7359,4987
7359,5022
7359,5081
7359,5504
7359,5993
7359,6369
7359,6417
7359,6452
7359,6588
7359,6777
7359,7032
7359,7128
7359,7330
7360,160
7360,807
7360,1026
7360,1425
7360,1500
7360,1984
7360,2392
7360,2524
7360,2546
7360,2867
7360,4518
7360,5177
7360,5318
7360,5391
7360,5422
7360,5947
7360,6266
7360,6367
7360,6501
7360,6845
7360,7175
7360,7455
7361,147
7361,481
7361,744
7361,837
7361,1477
7361,1622
7361,1683
7361,2489
7361,3180
7361,3452
7361,3733
7361,3904
7361,4191
7361,4244
7361,4411
7361,4485
7361,4487
7361,4498
7361,4663
7361,4873
7361,5573
7361,5750
7361,6033
7361,6106
7361,6488
7361,6829
7361,6972
7361,7489
7363,2239
7363,3152
7363,5585
7364,28
7364,593
7364,756
7364,1280
7364,1429
7364,1470
7364,1744
7364,1899
7364,2239
7364,2286
7364,2380
7364,2447
7364,2740
7364,3152
7364,3856
7364,4805
7364,5500
7364,5608
7364,6702
7364,7395
7365,26
7365,103
7365,149
7365,471
7365,834
7365,970
7365,1060
7365,1185
7365,1253
7365,1347
7365,1353
7365,1359
7365,1627
7365,1682
7365,1777
7365,1981
7365,2143
7365,2198
7365,2375
7365,2586
7365,2871
7365,3035
7365,3310
7365,3370
7365,3577
7365,3698
7365,3895
7365,4054
7365,4080
7365,4356
7365,4384
7365,4386
7365,4725
7365,4745
7365,4952
7365,5132
7365,5404
7365,5461
7365,5661
7365,5843
7365,5953
7365,6085
7365,6269
7365,6572
7365,6726
7365,7252
7365,7276
7365,7409
7365,7503
7365,7596
7366,189
7366,328
7366,517
7366,541
7366,801
7366,1505
7366,1630
7366,1717
7366,1759
7366,1849
7366,1867
7366,1969
7366,2037
7366,2090
7366,2114
7366,2260
7366,2281
7366,2324
7366,2327
7366,2622
7366,2754
7366,3090
7366,3167
7366,3528
7366,3840
7366,3874
7366,4300
7366,4539
7366,4666
7366,4728
7366,4739
7366,4758
7366,5245
7366,5588
7366,6164
7366,6465
7366,6552
7366,6679
7366,6842
7366,7255
7366,7272
7367,199
7367,242
7367,325
7367,1035
7367,1503
7367,1939
7367,1946
7367,2319
7367,2436
7367,2492
7367,2607
7367,2984
7367,3229
7367,3495
7367,4108
7367,4272
7367,4646
7367,4742
7367,5043
7367,5065
7367,5119
7367,5310
7367,5337
7367,5382
7367,5414
7367,5616
7367,5624
7367,6169
7367,6433
7367,6656
7367,6698
7367,7063
7367,7081
7368,38
7368,529
7368,569
7368,779
7368,1309
7368,1706
7368,2552
7368,3032
7368,3570
7368,3598
7368,5491
7368,5662
7368,6275
7368,6602
7368,7646
7369,42
7369,138
7369,169
7369,240
7369,260
7369,415
7369,482
7369,593
7369,727
7369,810
7369,836
7369,1058
7369,1102
7369,1210
7369,1266
7369,1268
7369,1357
7369,1414
7369,1415
7369,1430
7369,1453
7369,1485
7369,1524
7369,1747
7369,1798
7369,1862
7369,1908
7369,1959
7369,2039
7369,2048
7369,2115
7369,2129
7369,2198
7369,2229
7369,2239
7369,2370
7369,2410
7369,2618
7369,2621
7369,2736
7369,2848
7369,2981
7369,3070
7369,3160
7369,3172
7369,3177
7369,3234
7369,3403
7369,3493
7369,3659
7369,3692
7369,3748
7369,3996
7369,4091
7369,4113
7369,4161
7369,4164
7369,4177
7369,4184
7369,4257
7369,4313
7369,4376
7369,4384
7369,4466
7369,4525
7369,4535
7369,4553
7369,4570
7369,4805
7369,4806
7369,4827
7369,5058
7369,5132
7369,5194
7369,5195
7369,5258
7369,5296
7369,5404
7369,5504
7369,5626
7369,5641
7369,5649
7369,5707
7369,5740
7369,5816
7369,5881
7369,6047
7369,6100
7369,6156
7369,6315
7369,6354
7369,6449
7369,6701
7369,6702
7369,6707
7369,6723
7369,6877
7369,6961
7369,6992
7369,7003
7369,7071
7369,7091
7369,7150
7369,7166
7369,7204
7369,7277
7369,7289
7369,7296
7369,7464
7369,7568
7369,7572
7369,7582
7370,495
7370,614
7370,766
7370,867
7370,953
7370,1013
7370,1069
7370,1418
7370,1673
7370,1794
7370,1979
7370,2055
7370,2143
7370,2258
7370,2664
7370,2977
7370,2993
7370,3010
7370,3270
7370,3330
7370,3492
7370,3520
7370,3695
7370,3784
7370,3887
7370,3920
7370,4037
7370,4863
7370,4890
7370,5171
7370,5174
7370,5234
7370,5378
7370,6770
7370,7171
7370,7222
7370,7478
7370,7518
7370,7603
7370,7623
7370,7624
7371,1026
7371,1252
7371,2218
7371,2392
7371,5598
7371,5947
7371,7107
7371,7175
7372,470
7372,1968
7372,2597
7372,2797
7372,5075
7373,28
7373,50
7373,305
7373,306
7373,485
7373,604
7373,1034
7373,1280
7373,1423
7373,1429
7373,1872
7373,2239
7373,2761
7373,2871
7373,3302
7373,3578
7373,3686
7373,3698
7373,3849
7373,4021
7373,4668
7373,4956
7373,4958
7373,5317
7373,5610
7373,5791
7373,6015
7373,6338
7373,6756
7373,7072
7373,7305
7373,7374
7373,7561
7374,20
7374,92
7374,149
7374,162
7374,305
7374,593
7374,616
7374,1174
7374,1510
7374,1563
7374,1586
7374,1757
7374,1877
7374,1961
7374,2179
7374,2201
7374,2239
7374,2565
7374,2663
7374,2771
7374,2801
7374,3171
7374,3359
7374,3369
7374,3394
7374,3473
7374,3501
7374,3591
7374,3698
7374,3802
7374,4080
7374,4173
7374,4479
7374,5415
7374,5694
7374,6014
7374,6078
7374,6545
7374,7196
7374,7289
7374,7305
7374,7373
7375,331
7375,585
7375,846
7375,980
7375,1036
7375,1353
7375,1359
7375,1764
7375,2000
7375,2739
7375,3232
7375,3313
7375,3339
7375,3368
7375,3531
7375,3557
7375,3573
7375,3631
7375,4078
7375,4178
7375,4320
7375,4362
7375,4482
7375,4555
7375,4725
7375,5301
7375,5604
7375,5630
7375,5743
7375,5992
7375,6198
7375,6263
7375,6293
7375,6298
7375,6328
7375,6358
7375,6370
7375,6575
7375,6619
7375,6684
7375,6719
7375,6868
7375,6967
7375,7039
7375,7153
7375,7191
7375,7576
7375,7579
7376,73
7376,85
7376,707
7376,769
7376,1239
7376,1359
7376,1534
7376,1655
7376,1718
7376,2000
7376,2068
7376,2198
7376,2210
7376,2239
7376,2314
7376,2505
7376,2583
7376,3170
7376,3329
7376,3370
7376,3521
7376,3557
7376,3566
7376,3650
7376,3911
7376,3952
7376,4027
7376,4362
7376,4482
7376,4691
7376,4725
7376,5301
7376,5604
7376,5630
7376,5839
7376,5971
7376,6179
7376,6198
7376,6241
7376,6328
7376,6575
7376,6769
7376,6867
7376,6967
7376,7039
7376,7153
7376,7191
7376,7441
7376,7579
7377,1856
7377,2505
7377,3329
7377,4033
7377,4118
7377,5200
7377,6941
7377,7441
7378,7
7378,247
7378,337
7378,464
7378,781
7378,1471
7378,1613
7378,1636
7378,1895
7378,2180
7378,3048
7378,3204
7378,3315
7378,3471
7378,3481
7378,3489
7378,3738
7378,4265
7378,4334
7378,4598
7378,4639
7378,4644
7378,4648
7378,4795
7378,4855
7378,5147
7378,5236
7378,5275
7378,5393
7378,5727
7378,5755
7378,5977
7378,6081
7378,6255
7378,6641
7378,6687
7379,588
7379,1049
7379,3137
7379,3248
7379,3437
7379,4209
7379,6169
7379,7545
7380,1280
7380,1863
7380,1961
7380,2250
7380,3036
7380,3532
7380,4956
7380,4958
7380,6679
7381,327
7381,452
7381,1602
7381,2936
7381,3144
7381,3917
7381,6267
7382,1058
7382,1575
7382,2198
7382,2239
7382,2772
7382,3672
7382,4376
7382,4384
7382,4805
7382,5251
7382,6549
7383,179
7383,221
7383,298
7383,398
7383,425
7383,444
7383,481
7383,510
7383,561
7383,578
7383,609
7383,618
7383,619
7383,663
7383,671
7383,685
7383,688
7383,746
7383,782
7383,812
7383,855
7383,992
7383,1086
7383,1292
7383,1365
7383,1466
7383,1477
7383,1509
7383,1529
7383,1562
7383,1683
7383,1889
7383,1892
7383,1917
7383,2012
7383,2067
7383,2073
7383,2137
7383,2259
7383,2352
7383,2361
7383,2383
7383,2395
7383,2398
7383,2444
7383,2449
7383,2468
7383,2491
7383,2499
7383,2548
7383,2786
7383,2805
7383,2843
7383,2873
7383,2896
7383,2926
7383,2983
7383,3211
7383,3255
7383,3393
7383,3399
7383,3411
7383,3441
7383,3449
7383,3452
7383,3504
7383,3584
7383,4117
7383,4123
7383,4151
7383,4252
7383,4310
7383,4353
7383,4397
7383,4423
7383,4459
7383,4478
7383,4491
7383,4494
7383,4524
7383,4585
7383,4607
7383,4659
7383,4663
7383,4681
7383,4703
7383,4708
7383,4761
7383,4873
7383,4884
7383,4886
7383,4921
7383,4968
7383,5016
7383,5038
7383,5072
7383,5228
7383,5230
7383,5270
7383,5345
7383,5357
7383,5405
7383,5476
7383,5489
7383,5573
7383,5609
7383,5718
7383,5721
7383,5737
7383,5751
7383,5896
7383,5920
7383,5972
7383,5974
7383,6033
7383,6083
7383,6092
7383,6103
7383,6168
7383,6227
7383,6229
7383,6488
7383,6496
7383,6508
7383,6625
7383,6709
7383,6725
7383,7012
7383,7015
7383,7024
7383,7110
7383,7218
7383,7259
7383,7263
7383,7324
7383,7426
7383,7444
7383,7463
7383,7490
7383,7502
7383,7531
7384,1801
7384,1894
7384,2455
7384,2544
7384,2948
7384,5000
7384,7556
7385,85
7385,304
7385,369
7385,904
7385,1293
7385,1453
7385,1478
7385,1621
7385,1798
7385,1862
7385,2013
7385,2377
7385,2620
7385,2765
7385,2883
7385,2911
7385,3003
7385,3025
7385,3183
7385,3311
7385,3428
7385,3538
7385,3748
7385,3895
7385,4080
7385,4262
7385,4303
7385,4376
7385,4384
7385,4785
7385,4952
7385,6016
7385,6551
7385,6618
7385,6646
7385,6760
7385,7197
7385,7401
7385,7455
7385,7535
7386,545
7386,827
7386,1381
7386,1534
7386,1536
7386,3197
7386,3244
7386,3396
7386,4587
7386,4804
7386,4810
7386,4875
7386,4906
7386,5185
7386,5238
7386,5666
7386,5746
7386,6431
7386,6433
7386,6504
7386,6773
7386,7155
7386,7620
7387,867
7387,953
7387,1013
7387,1418
7387,3784
7387,4790
7387,5179
7387,6029
7387,6702
7388,447
7388,819
7388,1061
7388,1326
7388,1400
7388,1675
7388,2343
7388,2456
7388,2528
7388,2877
7388,3084
7388,3431
7388,3569
7388,4443
7388,4647
7388,4974
7388,5279
7388,5480
7388,5815
7388,5934
7388,7500
7389,417
7389,1984
7389,2392
7389,2546
7389,4234
7389,5101
7389,5947
7389,6061
7389,6178
7389,7107
7389,7455
7390,4628
7390,5454
7391,1153
7391,4033
7391,4378
7391,4577
7391,4804
7391,5234
7391,6592
7392,1905
7392,3054
7392,4100
7392,4295
7392,5299
7393,128
7393,252
7393,452
7393,564
7393,822
7393,908
7393,1300
7393,1358
7393,1435
7393,2027
7393,2094
7393,2944
7393,3067
7393,3418
7393,4327
7393,4769
7393,4882
7393,5192
7393,5486
7393,5636
7393,6158
7393,6162
7393,6555
7393,7094
7394,4628
7395,0
7395,27
7395,28
7395,48
7395,50
7395,61
7395,77
7395,89
7395,92
7395,114
7395,124
7395,213
7395,258
7395,259
7395,260
7395,269
7395,276
7395,285
7395,291
7395,312
7395,318
7395,322
7395,346
7395,366
7395,375
7395,389
7395,411
7395,449
7395,450
7395,469
7395,476
7395,582
7395,590
7395,593
7395,604
7395,633
7395,639
7395,659
7395,714
7395,720
7395,722
7395,774
7395,780
7395,800
7395,803
7395,811
7395,813
7395,863
7395,869
7395,916
7395,947
7395,1034
7395,1067
7395,1102
7395,1106
7395,1152
7395,1167
7395,1178
7395,1184
7395,1258
7395,1280
7395,1344
7395,1351
7395,1377
7395,1406
7395,1423
7395,1431
7395,1439
7395,1444
7395,1467
7395,1485
7395,1492
7395,1551
7395,1561
7395,1569
7395,1586
7395,1619
7395,1658
7395,1661
7395,1671
7395,1700
7395,1711
7395,1738
7395,1782
7395,1850
7395,1877
7395,1883
7395,1899
7395,1935
7395,1941
7395,1965
7395,1975
7395,2005
7395,2030
7395,2042
7395,2043
7395,2086
7395,2087
7395,2106
7395,2128
7395,2142
7395,2197
7395,2198
7395,2201
7395,2212
7395,2228
7395,2239
7395,2241
7395,2290
7395,2330
7395,2348
7395,2380
7395,2384
7395,2484
7395,2502
7395,2521
7395,2541
7395,2571
7395,2586
7395,2600
7395,2614
7395,2621
7395,2661
7395,2689
7395,2743
7395,2750
7395,2950
7395,2991
7395,3001
7395,3008
7395,3070
7395,3072
7395,3074
7395,3152
7395,3171
7395,3185
7395,3216
7395,3225
7395,3251
7395,3262
7395,3277
7395,3282
7395,3359
7395,3373
7395,3419
7395,3428
7395,3439
7395,3476
7395,3532
7395,3582
7395,3593
7395,3627
7395,3664
7395,3667
7395,3670
7395,3683
7395,3688
7395,3710
7395,3723
7395,3756
7395,3832
7395,3834
7395,3844
7395,3854
7395,3856
7395,3859
7395,3893
7395,3910
7395,3930
7395,3973
7395,3983
7395,3987
7395,4039
7395,4041
7395,4049
7395,4154
7395,4161
7395,4174
7395,4184
7395,4190
7395,4196
7395,4203
7395,4230
7395,4243
7395,4307
7395,4337
7395,4352
7395,4355
7395,4373
7395,4381
7395,4406
7395,4415
7395,4422
7395,4453
7395,4465
7395,4476
7395,4510
7395,4511
7395,4522
7395,4531
7395,4565
7395,4641
7395,4682
7395,4697
7395,4734
7395,4768
7395,4771
7395,4787
7395,4870
7395,4877
7395,4928
7395,5007
7395,5008
7395,5029
7395,5039
7395,5056
7395,5111
7395,5125
7395,5199
7395,5213
7395,5214
7395,5247
7395,5254
7395,5261
7395,5273
7395,5281
7395,5309
7395,5330
7395,5372
7395,5392
7395,5398
7395,5412
7395,5469
7395,5495
7395,5510
7395,5518
7395,5534
7395,5543
7395,5606
7395,5689
7395,5708
7395,5764
7395,5769
7395,5772
7395,5797
7395,5799
7395,5816
7395,5844
7395,5853
7395,5904
7395,5937
7395,5945
7395,5993
7395,6020
7395,6063
7395,6066
7395,6069
7395,6077
7395,6082
7395,6208
7395,6228
7395,6297
7395,6315
7395,6322
7395,6330
7395,6331
7395,6345
7395,6381
7395,6397
7395,6403
7395,6437
7395,6449
7395,6451
7395,6468
7395,6485
7395,6489
7395,6497
7395,6526
7395,6527
7395,6540
7395,6551
7395,6582
7395,6588
7395,6594
7395,6604
7395,6614
7395,6620
7395,6631
7395,6646
7395,6664
7395,6678
7395,6692
7395,6707
7395,6775
7395,6778
7395,6787
7395,6850
7395,6854
7395,6880
7395,6887
7395,6890
7395,6895
7395,6953
7395,6968
7395,7059
7395,7097
7395,7104
7395,7127
7395,7135
7395,7167
7395,7231
7395,7247
7395,7290
7395,7294
7395,7295
7395,7302
7395,7305
7395,7339
7395,7344
7395,7364
7395,7440
7395,7487
7395,7510
7395,7524
7395,7526
7395,7535
7395,7551
7395,7592
7395,7593
7395,7607
7395,7610
7395,7619
7395,7628
7397,675
7397,2295
7397,3578
7397,5123
7397,5664
7398,25
7398,26
7398,134
7398,383
7398,592
7398,593
7398,739
7398,899
7398,1002
7398,1024
7398,1082
7398,1194
7398,1236
7398,1591
7398,1744
7398,2095
7398,2117
7398,2198
7398,2309
7398,2556
7398,2685
7398,2778
7398,2819
7398,2871
7398,2887
7398,3049
7398,3063
7398,3243
7398,3247
7398,3257
7398,3294
7398,3433
7398,3438
7398,3657
7398,3923
7398,4082
7398,4217
7398,4345
7398,4650
7398,4812
7398,4828
7398,4912
7398,5048
7398,5133
7398,5234
7398,5293
7398,5327
7398,5568
7398,5595
7398,5932
7398,5958
7398,6175
7398,6289
7398,6343
7398,6371
7398,6790
7398,7119
7398,7276
7398,7283
7398,7601
7399,3836
7400,2250
7400,3006
7400,3825
7400,5164
7400,6124
7400,6764
7400,6840
7401,85
7401,266
7401,408
7401,502
7401,677
7401,1011
7401,1030
7401,1218
7401,1287
7401,1453
7401,1472
7401,1549
7401,1572
7401,1778
7401,1958
7401,1999
7401,2194
7401,2215
7401,2392
7401,2579
7401,2673
7401,2719
7401,2729
7401,2809
7401,2883
7401,2991
7401,3060
7401,3183
7401,3518
7401,3593
7401,3616
7401,3671
7401,3758
7401,3895
7401,3959
7401,3965
7401,4167
7401,4233
7401,4384
7401,4864
7401,4865
7401,5373
7401,5576
7401,5709
7401,5722
7401,5816
7401,5941
7401,5996
7401,6115
7401,6313
7401,6713
7401,6802
7401,6966
7401,6992
7401,7222
7401,7296
7401,7320
7401,7385
7401,7569
7402,28
7402,1280
7402,1429
7402,1863
7402,1961
7402,2180
7402,2250
7402,2260
7402,2754
7402,3036
7402,3371
7402,4644
7402,4666
7402,4960
7402,5692
7402,6164
7402,6502
7402,6784
7402,6807
7402,7255
7403,2140
7403,3280
7404,17
7404,120
7404,256
7404,439
7404,595
7404,709
7404,884
7404,1256
7404,1455
7404,1702
7404,1791
7404,1923
7404,2064
7404,2333
7404,3754
7404,4181
7404,4237
7404,4382
7404,4814
7404,4849
7404,4925
7404,5131
7404,5153
7404,5169
7404,5432
7404,5439
7404,5697
7404,6042
7404,6130
7404,6221
7404,6667
7404,6681
7404,6685
7404,6806
7404,7264
7404,7275
7404,7291
7404,7451
7404,7491
7405,932
7405,1099
7405,1237
7405,1449
7405,2318
7405,2399
7405,2528
7405,2538
7405,2605
7405,3201
7405,3361
7405,3412
7405,3572
7405,3719
7405,3939
7405,4237
7405,4399
7405,4618
7405,4861
7405,5124
7405,5279
7405,6374
7405,6550
7405,7275
7405,7491
7405,7544
7406,495
7406,606
7406,970
7406,1253
7406,1347
7406,1353
7406,1596
7406,1610
7406,1738
7406,2198
7406,2205
7406,2239
7406,2871
7406,3035
7406,3183
7406,3310
7406,3351
7406,3578
7406,3698
7406,4952
7406,5461
7406,5571
7406,5661
7406,5843
7406,6269
7406,6572
7406,6726
7406,7409
7406,7455
7406,7596
7407,516
7407,749
7407,1391
7407,1648
7407,1732
7407,1759
7407,1947
7407,1969
7407,2114
7407,2250
7407,2260
7407,2281
7407,2324
7407,2754
7407,3090
7407,3523
7407,3528
7407,3663
7407,4056
7407,4566
7407,4666
7407,4949
7407,4960
7407,5028
7407,5164
7407,5448
7407,5497
7407,5512
7407,5668
7407,6046
7407,6383
7407,6465
7407,6840
7407,6842
7407,7013
7407,7014
7407,7073
7407,7118
7407,7255
7408,64
7408,249
7408,355
7408,996
7408,1149
7408,1151
7408,1692
7408,2168
7408,2413
7408,2874
7408,3135
7408,4005
7408,4202
7408,4322
7408,5104
7408,5803
7408,6144
7408,7108
7408,7449
7408,7509
7409,295
7409,471
7409,629
7409,881
7409,970
7409,1076
7409,1185
7409,1347
7409,1353
7409,1457
7409,1610
7409,1666
7409,1714
7409,2113
7409,2145
7409,2626
7409,2871
7409,2941
7409,3179
7409,3310
7409,3990
7409,4033
7409,4173
7409,4217
7409,4301
7409,4386
7409,4735
7409,4876
7409,5504
7409,5661
7409,5936
7409,5993
7409,6301
7409,6572
7409,6726
7409,7365
7409,7406
7409,7526
7410,85
7410,89
7410,260
7410,304
7410,1058
7410,1113
7410,1708
7410,2039
7410,2106
7410,2198
7410,2215
7410,2239
7410,2571
7410,3782
7410,3895
7410,4384
7410,4578
7410,4952
7410,5404
7410,5412
7410,5649
7410,6468
7410,6551
7410,6702
7410,6707
7410,7067
7411,186
7411,335
7411,1785
7411,1900
7411,1977
7411,2235
7411,2364
7411,2667
7411,2892
7411,2895
7411,2899
7411,2953
7411,3283
7411,3961
7411,4072
7411,4105
7411,4905
7411,5080
7411,5117
7411,5711
7411,7506
7412,846
7412,1416
7412,1950
7412,2416
7412,2505
7412,3824
7412,4320
7412,4362
7412,5318
7412,5535
7412,5992
7412,7153
7412,7334
7412,7621
7413,593
7413,963
7413,1899
7413,2198
7413,3720
7413,4641
7413,4805
7413,5734
7413,6373
7413,6414
7413,6673
7413,6702
7413,6978
7413,7477
7414,329
7414,523
7414,648
7414,1179
7414,1394
7414,1510
7414,1611
7414,1731
7414,2213
7414,2430
7414,2481
7414,2527
7414,2574
7414,2997
7414,3040
7414,3202
7414,3625
7414,4033
7414,4173
7414,4255
7414,4461
7414,4462
7414,4823
7414,4887
7414,4910
7414,5145
7414,5183
7414,5315
7414,5379
7414,5550
7414,6015
7414,6027
7414,6142
7414,6399
7414,6513
7414,6548
7414,6721
7414,6861
7414,7087
7414,7267
7415,1418
7415,2375
7415,5091
7415,5132
7415,5234
7415,6560
7416,223
7416,934
7416,1063
7416,2049
7416,2431
7416,4216
7416,6954
7417,90
7417,160
7417,1385
7417,1386
7417,1403
7417,1816
7417,2014
7417,2872
7417,3524
7417,3705
7417,3975
7417,4838
7417,5400
7417,5798
7417,6501
7417,6715
7417,6728
7417,6757
7417,7442
7418,907
7418,1290
7418,1760
7418,2110
7418,2465
7418,2880
7418,3097
7418,4952
7418,5771
7418,6459
7419,2515
7419,3740
7419,4172
7419,5076
7419,5890
7419,6214
7419,6905
7419,7057
7420,211
7420,526
7420,1293
7420,1603
7420,2415
7420,2438
7420,2672
7420,3207
7420,3302
7420,4469
7420,7032
7421,2825
7421,2836
7421,3175
7421,6979
7422,85
7422,526
7422,728
7422,1493
7422,1624
7422,2021
7422,2215
7422,2232
7422,2525
7422,2579
7422,2903
7422,3506
7422,3510
7422,4153
7422,4343
7422,4384
7422,4584
7422,5851
7422,5998
7422,6427
7422,6713
7422,6920
7422,7569
7423,1035
7423,1320
7423,3227
7423,3352
7423,3735
7423,3766
7423,4209
7423,4242
7423,4677
7423,5260
7423,5520
7423,5822
7423,6025
7423,6169
7423,6768
7423,6814
7423,7485
7423,7575
7423,7620
7424,260
7424,593
7424,1058
7424,1663
7424,2198
7424,3895
7424,4376
7424,4384
7424,4392
7424,5707
7424,5740
7424,7464
7424,7525
7425,1207
7425,2242
7425,2942
7425,3033
7425,3519
7425,4339
7425,5477
7425,5481
7425,6023
7425,6080
7425,6543
7425,7002
7426,425
7426,481
7426,561
7426,746
7426,837
7426,943
7426,1223
7426,1646
7426,3211
7426,3255
7426,3795
7426,4244
7426,4423
7426,4663
7426,5072
7426,5230
7426,5357
7426,5928
7426,5974
7426,6222
7426,6311
7426,6609
7426,6625
7426,6924
7426,7383
7426,7598
7427,108
7427,150
7427,200
7427,549
7427,765
7427,873
7427,1075
7427,1338
7427,1403
7427,1450
7427,1964
7427,2034
7427,2136
7427,2422
7427,2512
7427,2606
7427,2608
7427,2709
7427,3038
7427,3186
7427,3233
7427,3615
7427,3633
7427,3647
7427,3729
7427,3823
7427,3993
7427,4051
7427,4665
7427,5047
7427,5057
7427,6556
7427,6599
7427,6606
7427,6957
7427,7621
7428,23
7428,77
7428,89
7428,169
7428,183
7428,243
7428,260
7428,304
7428,369
7428,431
7428,593
7428,774
7428,1058
7428,1067
7428,1113
7428,1293
7428,1513
7428,1517
7428,1663
7428,1684
7428,1723
7428,1744
7428,1796
7428,1798
7428,1899
7428,2198
7428,2239
7428,2432
7428,2553
7428,3051
7428,3446
7428,4023
7428,4164
7428,4210
7428,4384
7428,4453
7428,4538
7428,4578
7428,4805
7428,4934
7428,5330
7428,5404
7428,5756
7428,5799
7428,5881
7428,5979
7428,5982
7428,6082
7428,6156
7428,6315
7428,6414
7428,6551
7428,6673
7428,6678
7428,6692
7428,6702
7428,6707
7428,6787
7428,6882
7428,7010
7428,7021
7428,7103
7428,7170
7428,7352
7428,7353
7428,7464
7428,7477
7428,7572
7428,7582
7428,7607
7428,7610
7429,368
7429,371
7429,437
7429,608
7429,798
7429,1085
7429,1207
7429,1606
7429,2167
7429,3200
7429,3694
7429,3971
7429,4134
7429,4339
7429,4370
7429,4794
7429,5450
7429,5905
7429,6150
7429,6167
7429,6543
7429,6809
7429,6875
7429,7138
7429,7185
7429,7199
7429,7315
7429,7605
7430,456
7430,966
7430,1280
7430,1429
7430,2015
7430,2239
7430,2586
7430,2801
7430,3271
7430,3856
7430,4033
7430,5496
7430,7330
7431,206
7431,647
7431,1332
7431,2022
7431,2369
7431,2503
7431,3416
7431,4052
7431,4515
7431,4721
7431,4981
7431,5005
7431,5113
7431,5319
7431,5416
7431,5607
7431,5681
7431,6018
7431,6220
7431,6239
7431,6273
7431,6734
7431,6865
7431,6918
7431,7484
7431,7642
7431,7645
7432,2443
7432,3941
7432,4802
7433,2078
7433,2083
7433,2512
7433,2872
7433,3168
7433,3227
7433,3934
7433,4424
7433,4452
7433,5221
7433,6120
7434,3175
7434,4646
7434,4906
7434,6443
7435,560
7435,891
7435,912
7435,1386
7435,2373
7435,3437
7435,3894
7435,3979
7435,4106
7435,4628
7435,4646
7435,4922
7436,2670
7437,10
7437,149
7437,349
7437,605
7437,981
7437,1041
7437,1334
7437,1364
7437,1616
7437,1736
7437,1881
7437,1980
7437,2337
7437,2435
7437,2623
7437,2777
7437,3102
7437,3415
7437,3583
7437,3649
7437,3678
7437,3711
7437,3717
7437,3749
7437,4509
7437,4723
7437,4740
7437,4829
7437,4905
7437,4992
7437,5110
7437,5509
7437,5602
7437,5662
7437,5852
7437,5868
7437,5929
7437,6357
7437,6645
7437,6665
7437,6876
7437,7284
7437,7308
7437,7348
7437,7458
7437,7513
7438,1936
7438,2003
7438,3352
7438,3872
7438,3960
7438,4646
7438,4689
7438,5043
7438,5337
7438,5382
7438,5430
7438,5715
7438,7586
7439,140
7439,437
7439,1451
7439,1547
7439,2178
7439,2429
7439,3192
7439,3200
7439,3639
7439,3696
7439,4018
7439,4134
7439,4364
7439,4374
7439,4597
7439,4652
7439,4929
7439,4996
7439,5516
7439,5900
7439,6248
7439,6326
7439,6809
7439,6862
7439,7089
7439,7199
7440,258
7440,366
7440,456
7440,593
7440,732
7440,906
7440,924
7440,947
7440,1152
7440,1210
7440,1357
7440,1399
7440,1569
7440,1738
7440,1744
7440,1796
7440,1899
7440,2198
7440,2206
7440,2239
7440,2307
7440,2380
7440,2553
7440,2832
7440,3051
7440,3152
7440,3160
7440,3379
7440,3578
7440,3623
7440,3856
7440,4210
7440,4680
7440,4805
7440,4870
7440,4895
7440,4954
7440,5070
7440,5199
7440,5214
7440,5241
7440,5372
7440,5404
7440,5415
7440,5799
7440,5878
7440,5881
7440,5982
7440,6354
7440,6414
7440,6497
7440,6664
7440,6673
7440,6702
7440,6707
7440,6807
7440,6847
7440,6921
7440,6968
7440,7021
7440,7097
7440,7181
7440,7337
7440,7395
7440,7464
7440,7467
7440,7477
7440,7607
7441,769
7441,1239
7441,2000
7441,2068
7441,2162
7441,2210
7441,2384
7441,2613
7441,2695
7441,3233
7441,3329
7441,3368
7441,3557
7441,3589
7441,3911
7441,4118
7441,4482
7441,4507
7441,4555
7441,4691
7441,4725
7441,5604
7441,6005
7441,6198
7441,6274
7441,6544
7441,6967
7441,7039
7441,7191
7441,7376
7441,7377
7441,7579
7442,90
7442,160
7442,200
7442,202
7442,496
7442,586
7442,872
7442,927
7442,993
7442,1134
7442,1340
7442,1403
7442,1534
7442,1674
7442,1750
7442,1816
7442,1879
7442,2121
7442,2422
7442,2524
7442,2695
7442,2709
7442,2764
7442,3197
7442,3467
7442,3496
7442,3633
7442,3647
7442,3655
7442,3674
7442,3902
7442,4019
7442,4232
7442,4633
7442,4810
7442,4838
7442,5152
7442,5454
7442,6245
7442,6418
7442,6504
7442,6549
7442,6599
7442,6728
7442,6838
7442,6910
7442,7160
7442,7417
7442,7621
7443,495
7443,718
7443,766
7443,1267
7443,4223
7443,4343
7443,7067
7444,147
7444,481
7444,561
7444,685
7444,837
7444,943
7444,1086
7444,1223
7444,1509
7444,1646
7444,1683
7444,2073
7444,2491
7444,2499
7444,3180
7444,3211
7444,3452
7444,3733
7444,4244
7444,4478
7444,4485
7444,4564
7444,4663
7444,5489
7444,5737
7444,5974
7444,6083
7444,6103
7444,6106
7444,6311
7444,6488
7444,6609
7444,6625
7444,6924
7444,7016
7444,7383
7444,7489
7444,7598
7445,606
7445,705
7445,919
7445,2648
7445,2901
7445,2959
7445,3275
7445,3643
7445,4186
7445,4309
7445,4422
7445,4716
7445,4797
7445,5012
7445,5467
7445,5511
7445,6920
7445,7007
7446,904
7446,1058
7446,1062
7446,1284
7446,1414
7446,1546
7446,1575
7446,1790
7446,1875
7446,1990
7446,2170
7446,2175
7446,2772
7446,3203
7446,3268
7446,3384
7446,3753
7446,3895
7446,3982
7446,4120
7446,4160
7446,4365
7446,4371
7446,4376
7446,4670
7446,4714
7446,4805
7446,5251
7446,5312
7446,5332
7446,5455
7446,5967
7446,6197
7446,6272
7446,6732
7446,7481
7446,7627
7447,1035
7447,2608
7447,3107
7447,3227
7447,3244
7447,3352
7447,3437
7447,3735
7447,3814
7447,3953
7447,4235
7447,4646
7447,4810
7447,4906
7447,4961
7447,5563
7447,6813
7447,7041
7447,7620
7448,446
7448,552
7448,784
7448,1058
7448,1210
7448,1357
7448,1368
7448,1415
7448,1651
7448,1655
7448,1665
7448,1667
7448,1862
7448,1884
7448,1959
7448,2104
7448,2170
7448,2198
7448,2208
7448,2239
7448,2267
7448,2370
7448,2377
7448,2440
7448,2471
7448,2558
7448,2660
7448,2798
7448,3049
7448,3050
7448,3115
7448,3311
7448,3748
7448,4080
7448,4164
7448,4376
7448,4384
7448,4553
7448,4714
7448,4805
7448,4806
7448,5037
7448,5132
7448,5194
7448,5251
7448,5286
7448,5296
7448,5312
7448,5403
7448,5404
7448,5415
7448,5649
7448,5740
7448,5881
7448,5937
7448,6140
7448,6242
7448,6847
7448,6954
7448,6961
7448,7003
7448,7046
7448,7116
7448,7277
7448,7467
7448,7572
7449,11
7449,64
7449,249
7449,297
7449,307
7449,355
7449,959
7449,996
7449,1149
7449,1151
7449,1692
7449,1740
7449,1807
7449,2168
7449,2413
7449,2534
7449,2874
7449,2947
7449,3135
7449,3147
7449,3214
7449,3266
7449,3486
7449,3494
7449,4005
7449,4093
7449,4202
7449,4279
7449,4288
7449,4322
7449,4611
7449,5046
7449,5104
7449,5128
7449,5803
7449,5834
7449,5951
7449,6144
7449,6402
7449,6524
7449,6988
7449,7108
7449,7273
7449,7408
7449,7472
7450,1015
7450,1288
7450,1565
7450,2053
7450,2100
7450,2825
7450,2976
7450,3094
7450,3156
7450,3175
7450,3191
7450,3292
7450,3735
7450,4258
7450,4275
7450,4429
7450,4625
7450,4720
7450,4856
7450,4866
7450,5020
7450,5462
7450,5642
7450,5684
7450,5720
7450,6050
7450,6205
7450,6324
7450,6472
7450,6514
7450,6979
7450,7178
7450,7575
7450,7620
7451,315
7451,1772
7451,1923
7451,2064
7451,3741
7451,3759
7451,3771
7451,3794
7451,3892
7451,4143
7451,4181
7451,4208
7451,4280
7451,5153
7451,5587
7451,6194
7451,6623
7451,6653
7451,7404
7451,7565
7452,73
7452,532
7452,551
7452,748
7452,867
7452,1091
7452,1189
7452,1225
7452,1337
7452,1453
7452,1566
7452,1572
7452,1575
7452,1794
7452,2028
7452,2522
7452,2625
7452,3183
7452,3223
7452,3330
7452,3359
7452,3513
7452,3607
7452,3671
7452,3695
7452,3866
7452,3895
7452,3959
7452,3978
7452,4376
7452,4384
7452,4493
7452,4692
7452,5222
7452,5280
7452,6904
7452,7054
7452,7067
7452,7222
7452,7239
7452,7269
7452,7330
7452,7624
7453,296
7453,652
7453,3512
7453,4295
7453,4367
7453,5154
7453,5654
7453,6807
7454,326
7454,559
7454,643
7454,1465
7454,2231
7454,2488
7454,5062
7454,6922
7454,7354
7454,7637
7455,370
7455,417
7455,1026
7455,1229
7455,1275
7455,1729
7455,1906
7455,1984
7455,2218
7455,2277
7455,2392
7455,2546
7455,2955
7455,3286
7455,3781
7455,3901
7455,4096
7455,4234
7455,4262
7455,4880
7455,5101
7455,5177
7455,5947
7455,6061
7455,6178
7455,6266
7455,6460
7455,6647
7455,6912
7455,7066
7455,7107
7455,7109
7455,7360
7455,7385
7455,7389
7455,7406
7455,7498
7455,7550
7456,47
7456,334
7456,461
7456,501
7456,723
7456,952
7456,960
7456,1103
7456,1413
7456,2195
7456,2425
7456,2714
7456,3195
7456,3295
7456,3342
7456,3745
7456,3922
7456,4338
7456,4419
7456,5758
7456,6546
7457,848
7457,2250
7457,2475
7457,3164
7457,3187
7457,3326
7457,3471
7457,3562
7457,4631
7457,4702
7457,4723
7457,4795
7457,5236
7457,5393
7457,5727
7457,5755
7457,6390
7457,6764
7458,10
7458,1041
7458,1264
7458,1334
7458,1616
7458,1736
7458,1785
7458,1881
7458,1980
7458,2337
7458,2364
7458,2435
7458,2667
7458,2777
7458,2899
7458,3102
7458,3415
7458,3583
7458,3678
7458,3717
7458,3749
7458,3992
7458,4509
7458,4723
7458,4829
7458,4905
7458,4992
7458,5110
7458,5117
7458,5852
7458,5868
7458,5929
7458,6357
7458,6557
7458,6665
7458,6876
7458,7308
7458,7348
7458,7437
7458,7513
7459,526
7459,4067
7459,5063
7459,5384
7459,6569
7459,7047
7460,54
7460,59
7460,121
7460,122
7460,126
7460,166
7460,177
7460,204
7460,208
7460,219
7460,249
7460,315
7460,355
7460,367
7460,581
7460,595
7460,667
7460,729
7460,730
7460,773
7460,824
7460,884
7460,932
7460,968
7460,997
7460,1021
7460,1099
7460,1115
7460,1124
7460,1256
7460,1262
7460,1303
7460,1311
7460,1323
7460,1367
7460,1422
7460,1449
7460,1455
7460,1567
7460,1664
7460,1676
7460,1724
7460,1737
7460,1762
7460,1807
7460,1841
7460,1868
7460,1920
7460,1923
7460,2038
7460,2079
7460,2133
7460,2140
7460,2151
7460,2168
7460,2182
7460,2196
7460,2204
7460,2318
7460,2333
7460,2366
7460,2388
7460,2391
7460,2399
7460,2413
7460,2439
7460,2528
7460,2534
7460,2538
7460,2605
7460,2710
7460,2788
7460,2790
7460,2874
7460,2943
7460,2949
7460,3087
7460,3104
7460,3147
7460,3163
7460,3201
7460,3231
7460,3258
7460,3266
7460,3361
7460,3366
7460,3412
7460,3423
7460,3569
7460,3684
7460,3719
7460,3755
7460,3774
7460,3803
7460,3850
7460,3873
7460,3879
7460,3939
7460,3988
7460,4202
7460,4208
7460,4226
7460,4237
7460,4322
7460,4399
7460,4443
7460,4497
7460,4530
7460,4534
7460,4599
7460,4610
7460,4615
7460,4618
7460,4861
7460,4896
7460,4923
7460,4924
7460,4925
7460,4945
7460,4950
7460,4974
7460,4984
7460,5019
7460,5025
7460,5131
7460,5140
7460,5163
7460,5271
7460,5429
7460,5439
7460,5611
7460,5673
7460,5762
7460,5815
7460,5934
7460,6113
7460,6130
7460,6133
7460,6173
7460,6194
7460,6199
7460,6221
7460,6233
7460,6247
7460,6268
7460,6286
7460,6347
7460,6377
7460,6423
7460,6480
7460,6530
7460,6550
7460,6622
7460,6718
7460,6899
7460,6935
7460,6993
7460,7009
7460,7108
7460,7141
7460,7264
7460,7268
7460,7285
7460,7347
7460,7483
7460,7491
7460,7500
7460,7509
7460,7530
7461,120
7461,617
7461,709
7461,884
7461,1702
7461,2064
7461,3494
7461,4208
7461,4237
7461,4849
7461,4925
7461,5515
7461,5877
7461,6130
7461,7565
7462,855
7462,3264
7462,3795
7462,3904
7462,4384
7462,4459
7463,688
7463,782
7463,992
7463,1772
7463,2444
7463,3504
7463,4151
7463,4353
7463,4491
7463,4884
7463,5072
7463,5476
7463,5737
7463,5751
7463,5896
7463,7383
7463,7565
7464,23
7464,26
7464,33
7464,42
7464,77
7464,124
7464,134
7464,169
7464,183
7464,185
7464,220
7464,243
7464,258
7464,267
7464,294
7464,304
7464,321
7464,345
7464,359
7464,369
7464,415
7464,431
7464,469
7464,475
7464,479
7464,482
7464,522
7464,534
7464,538
7464,542
7464,562
7464,593
7464,604
7464,633
7464,657
7464,658
7464,659
7464,693
7464,726
7464,735
7464,774
7464,795
7464,814
7464,841
7464,849
7464,903
7464,916
7464,924
7464,939
7464,945
7464,951
7464,958
7464,1024
7464,1067
7464,1097
7464,1104
7464,1113
7464,1170
7464,1178
7464,1214
7464,1224
7464,1226
7464,1268
7464,1305
7464,1330
7464,1350
7464,1368
7464,1421
7464,1431
7464,1456
7464,1478
7464,1492
7464,1511
7464,1517
7464,1524
7464,1545
7464,1582
7464,1584
7464,1614
7464,1621
7464,1628
7464,1668
7464,1671
7464,1684
7464,1708
7464,1735
7464,1744
7464,1753
7464,1784
7464,1796
7464,1798
7464,1833
7464,1840
7464,1847
7464,1854
7464,1899
7464,1907
7464,1942
7464,1945
7464,1965
7464,1993
7464,2013
7464,2030
7464,2039
7464,2040
7464,2095
7464,2115
7464,2120
7464,2173
7464,2198
7464,2206
7464,2229
7464,2262
7464,2294
7464,2307
7464,2313
7464,2393
7464,2406
7464,2410
7464,2432
7464,2479
7464,2540
7464,2549
7464,2571
7464,2573
7464,2575
7464,2637
7464,2661
7464,2675
7464,2725
7464,2808
7464,2855
7464,2859
7464,2882
7464,2888
7464,2921
7464,2931
7464,2938
7464,3027
7464,3039
7464,3051
7464,3079
7464,3081
7464,3093
7464,3123
7464,3149
7464,3184
7464,3226
7464,3237
7464,3241
7464,3242
7464,3297
7464,3347
7464,3363
7464,3377
7464,3408
7464,3428
7464,3438
7464,3459
7464,3469
7464,3476
7464,3546
7464,3582
7464,3608
7464,3616
7464,3621
7464,3623
7464,3659
7464,3683
7464,3692
7464,3704
7464,3708
7464,3713
7464,3715
7464,3721
7464,3734
7464,3756
7464,3768
7464,3859
7464,3882
7464,3898
7464,3926
7464,3947
7464,3958
7464,3970
7464,4071
7464,4074
7464,4095
7464,4157
7464,4161
7464,4164
7464,4190
7464,4210
7464,4211
7464,4217
7464,4241
7464,4243
7464,4262
7464,4286
7464,4303
7464,4333
7464,4350
7464,4366
7464,4376
7464,4384
7464,4402
7464,4465
7464,4484
7464,4510
7464,4525
7464,4538
7464,4556
7464,4570
7464,4578
7464,4590
7464,4595
7464,4608
7464,4616
7464,4642
7464,4658
7464,4669
7464,4712
7464,4737
7464,4768
7464,4792
7464,4803
7464,4806
7464,4827
7464,4839
7464,4870
7464,4871
7464,4928
7464,5008
7464,5015
7464,5042
7464,5048
7464,5070
7464,5095
7464,5103
7464,5139
7464,5148
7464,5155
7464,5160
7464,5201
7464,5205
7464,5214
7464,5220
7464,5241
7464,5273
7464,5281
7464,5290
7464,5296
7464,5316
7464,5385
7464,5387
7464,5399
7464,5404
7464,5518
7464,5612
7464,5626
7464,5640
7464,5669
7464,5714
7464,5730
7464,5734
7464,5740
7464,5756
7464,5797
7464,5799
7464,5833
7464,5859
7464,5881
7464,5955
7464,5966
7464,5979
7464,5982
7464,5993
7464,6016
7464,6021
7464,6024
7464,6055
7464,6076
7464,6077
7464,6082
7464,6156
7464,6183
7464,6188
7464,6265
7464,6284
7464,6287
7464,6313
7464,6381
7464,6397
7464,6414
7464,6449
7464,6475
7464,6484
7464,6492
7464,6497
7464,6510
7464,6540
7464,6560
7464,6562
7464,6597
7464,6658
7464,6669
7464,6673
7464,6678
7464,6702
7464,6704
7464,6736
7464,6759
7464,6787
7464,6802
7464,6810
7464,6847
7464,6850
7464,6882
7464,6887
7464,6889
7464,6892
7464,6906
7464,6921
7464,6930
7464,6933
7464,6968
7464,6971
7464,6978
7464,7021
7464,7023
7464,7071
7464,7085
7464,7091
7464,7097
7464,7101
7464,7104
7464,7170
7464,7174
7464,7203
7464,7215
7464,7231
7464,7276
7464,7278
7464,7280
7464,7294
7464,7320
7464,7353
7464,7369
7464,7424
7464,7428
7464,7440
7464,7487
7464,7511
7464,7520
7464,7535
7464,7537
7464,7539
7464,7568
7464,7580
7464,7597
7464,7607
7465,23
7465,85
7465,124
7465,260
7465,415
7465,474
7465,593
7465,789
7465,795
7465,973
7465,1113
7465,1218
7465,1254
7465,1284
7465,1293
7465,1368
7465,1453
7465,1478
7465,1621
7465,1798
7465,1959
7465,2039
7465,2106
7465,2215
7465,2290
7465,2320
7465,2377
7465,2911
7465,3039
7465,3183
7465,3226
7465,3297
7465,3311
7465,3370
7465,3408
7465,3538
7465,3895
7465,4037
7465,4080
7465,4157
7465,4233
7465,4262
7465,4286
7465,4303
7465,4326
7465,4376
7465,4384
7465,4465
7465,4787
7465,4952
7465,4987
7465,5095
7465,5222
7465,5261
7465,5296
7465,5707
7465,5730
7465,5816
7465,5975
7465,6492
7465,6537
7465,6551
7465,6618
7465,6707
7465,6760
7465,6981
7465,7104
7465,7296
7465,7535
7465,7580
7465,7582
7466,95
7466,238
7466,495
7466,532
7466,547
7466,1025
7466,1208
7466,1398
7466,1915
7466,1956
7466,1968
7466,1971
7466,2198
7466,2239
7466,2278
7466,2580
7466,2625
7466,2846
7466,3040
7466,3055
7466,3433
7466,3578
7466,4036
7466,4059
7466,4164
7466,4204
7466,4319
7466,4444
7466,4672
7466,4805
7466,5149
7466,5193
7466,5196
7466,5213
7466,5652
7466,5676
7466,5695
7466,5865
7466,5891
7466,6098
7466,6747
7466,7040
7466,7142
7466,7350
7466,7467
7467,3
7467,41
7467,91
7467,109
7467,269
7467,274
7467,276
7467,336
7467,413
7467,434
7467,489
7467,495
7467,501
7467,558
7467,597
7467,675
7467,723
7467,764
7467,766
7467,821
7467,835
7467,847
7467,858
7467,920
7467,954
7467,1046
7467,1058
7467,1108
7467,1120
7467,1145
7467,1195
7467,1227
7467,1250
7467,1337
7467,1343
7467,1413
7467,1414
7467,1426
7467,1494
7467,1520
7467,1546
7467,1579
7467,1782
7467,1795
7467,1817
7467,1875
7467,1877
7467,1905
7467,1915
7467,1929
7467,1962
7467,1966
7467,1979
7467,2005
7467,2031
7467,2032
7467,2066
7467,2089
7467,2125
7467,2195
7467,2198
7467,2233
7467,2239
7467,2244
7467,2287
7467,2317
7467,2345
7467,2354
7467,2368
7467,2372
7467,2400
7467,2418
7467,2425
7467,2427
7467,2471
7467,2494
7467,2513
7467,2514
7467,2533
7467,2559
7467,2563
7467,2627
7467,2686
7467,2743
7467,2773
7467,2795
7467,2857
7467,2950
7467,2961
7467,3049
7467,3072
7467,3155
7467,3158
7467,3162
7467,3203
7467,3218
7467,3223
7467,3249
7467,3295
7467,3331
7467,3359
7467,3381
7467,3433
7467,3466
7467,3480
7467,3492
7467,3527
7467,3545
7467,3556
7467,3578
7467,3612
7467,3683
7467,3692
7467,3695
7467,3697
7467,3723
7467,3743
7467,3773
7467,3817
7467,3866
7467,3887
7467,3889
7467,3925
7467,3994
7467,4042
7467,4120
7467,4161
7467,4182
7467,4185
7467,4194
7467,4344
7467,4371
7467,4376
7467,4408
7467,4438
7467,4508
7467,4573
7467,4670
7467,4682
7467,4685
7467,4693
7467,4722
7467,4743
7467,4771
7467,4790
7467,4805
7467,4835
7467,4863
7467,4985
7467,5150
7467,5213
7467,5234
7467,5273
7467,5307
7467,5484
7467,5487
7467,5504
7467,5543
7467,5620
7467,5634
7467,5664
7467,5729
7467,5781
7467,5880
7467,5889
7467,5924
7467,6012
7467,6041
7467,6066
7467,6098
7467,6128
7467,6172
7467,6235
7467,6246
7467,6309
7467,6354
7467,6438
7467,6448
7467,6654
7467,6672
7467,6747
7467,6852
7467,6880
7467,6929
7467,6976
7467,7005
7467,7125
7467,7142
7467,7164
7467,7262
7467,7266
7467,7335
7467,7349
7467,7440
7467,7448
7467,7466
7467,7481
7467,7518
7467,7587
7467,7632
7468,137
7468,551
7468,584
7468,611
7468,1189
7468,1453
7468,1896
7468,1958
7468,1975
7468,1999
7468,2143
7468,2198
7468,2215
7468,2332
7468,2370
7468,2993
7468,3532
7468,3698
7468,3748
7468,3765
7468,4080
7468,4490
7468,4952
7468,5296
7468,5420
7468,5641
7468,5650
7468,6001
7468,6105
7468,6395
7468,6411
7468,6547
7468,6828
7468,7269
7469,481
7469,561
7469,618
7469,1509
7469,2491
7469,3452
7469,3984
7469,4244
7469,4478
7469,4663
7469,5072
7469,6083
7469,6625
7470,1504
7470,1759
7470,1766
7470,1864
7470,2114
7470,2260
7470,2281
7470,2327
7470,2754
7470,3006
7470,3528
7470,3597
7470,3874
7470,4300
7470,4666
7470,4819
7470,5245
7470,5529
7470,6104
7470,6164
7470,6465
7470,6502
7470,6679
7470,6956
7470,7144
7470,7255
7471,69
7471,260
7471,540
7471,1058
7471,1210
7471,1268
7471,1357
7471,1368
7471,1415
7471,1575
7471,1620
7471,1744
7471,1899
7471,2198
7471,2206
7471,2938
7471,3050
7471,3160
7471,3514
7471,3693
7471,4164
7471,4376
7471,4384
7471,4408
7471,4857
7471,4919
7471,5037
7471,5251
7471,5404
7471,5651
7471,5707
7471,5816
7471,5878
7471,6140
7471,6400
7471,6907
7471,7572
7472,64
7472,297
7472,355
7472,543
7472,1149
7472,1692
7472,1740
7472,1807
7472,2168
7472,2413
7472,2874
7472,2947
7472,3147
7472,3494
7472,3511
7472,4005
7472,4202
7472,4611
7472,5877
7472,6144
7472,7273
7472,7449
7473,5671
7473,6051
7473,6606
7474,149
7474,1544
7474,1586
7474,1961
7474,2239
7474,3070
7474,3698
7474,4091
7474,4174
7474,4376
7474,4729
7474,4952
7474,5222
7475,664
7475,1072
7475,1773
7475,1953
7475,2815
7475,2836
7475,3972
7475,4275
7475,4291
7475,5086
7475,6324
7475,6469
7475,6698
7475,7034
7475,7260
7475,7620
7476,1482
7476,2982
7476,4766
7476,4821
7476,5308
7476,7172
7476,7636
7477,169
7477,183
7477,366
7477,392
7477,431
7477,455
7477,593
7477,599
7477,632
7477,659
7477,722
7477,774
7477,814
7477,906
7477,924
7477,945
7477,1018
7477,1097
7477,1152
7477,1210
7477,1222
7477,1447
7477,1467
7477,1569
7477,1584
7477,1663
7477,1727
7477,1744
7477,1792
7477,1796
7477,1797
7477,1838
7477,1899
7477,1902
7477,1942
7477,1993
7477,2198
7477,2262
7477,2380
7477,2432
7477,2540
7477,2553
7477,2637
7477,2649
7477,2904
7477,2906
7477,3001
7477,3008
7477,3081
7477,3092
7477,3138
7477,3274
7477,3373
7477,3623
7477,3648
7477,3683
7477,3703
7477,3704
7477,3720
7477,3721
7477,4023
7477,4024
7477,4074
7477,4157
7477,4176
7477,4213
7477,4241
7477,4453
7477,4531
7477,4538
7477,4588
7477,4590
7477,4594
7477,4641
7477,4662
7477,4669
7477,4688
7477,4805
7477,4870
7477,4934
7477,4941
7477,4979
7477,5042
7477,5139
7477,5241
7477,5348
7477,5359
7477,5365
7477,5372
7477,5404
7477,5488
7477,5518
7477,5543
7477,5567
7477,5669
7477,5734
7477,5780
7477,5833
7477,5853
7477,5878
7477,5881
7477,5897
7477,5903
7477,5937
7477,5979
7477,5982
7477,6021
7477,6066
7477,6135
7477,6137
7477,6315
7477,6361
7477,6381
7477,6414
7477,6526
7477,6669
7477,6673
7477,6678
7477,6692
7477,6702
7477,6749
7477,6787
7477,6847
7477,6849
7477,6907
7477,6978
7477,7003
7477,7010
7477,7021
7477,7103
7477,7170
7477,7203
7477,7215
7477,7247
7477,7337
7477,7352
7477,7413
7477,7428
7477,7440
7477,7520
7477,7573
7477,7577
7477,7607
7478,62
7478,111
7478,305
7478,495
7478,766
7478,771
7478,1013
7478,1069
7478,1339
7478,1418
7478,1494
7478,1572
7478,1673
7478,1682
7478,1802
7478,2028
7478,2143
7478,2490
7478,2579
7478,3098
7478,3421
7478,3578
7478,3607
7478,3671
7478,3672
7478,3866
7478,3871
7478,3887
7478,3895
7478,3959
7478,4037
7478,4054
7478,4109
7478,4343
7478,4864
7478,5179
7478,5957
7478,5998
7478,6098
7478,6531
7478,6581
7478,7067
7478,7171
7478,7269
7478,7277
7478,7370
7478,7480
7478,7603
7478,7624
7479,250
7479,747
7479,1335
7479,1453
7479,2274
7479,2430
7479,2897
7479,3004
7479,3240
7479,3351
7479,3635
7479,3731
7479,3937
7479,4282
7479,4368
7479,4571
7479,4605
7479,5765
7479,7588
7480,62
7480,495
7480,766
7480,771
7480,904
7480,1091
7480,1499
7480,2028
7480,2143
7480,2425
7480,2577
7480,2993
7480,3330
7480,3351
7480,3421
7480,3538
7480,3578
7480,3607
7480,3671
7480,3866
7480,3871
7480,3895
7480,3959
7480,4037
7480,4054
7480,4343
7480,4384
7480,4427
7480,4490
7480,4584
7480,4890
7480,5098
7480,5171
7480,5957
7480,5998
7480,6017
7480,6118
7480,6522
7480,6565
7480,6581
7480,7067
7480,7171
7480,7222
7480,7269
7480,7330
7480,7478
7480,7603
7481,3
7481,69
7481,456
7481,495
7481,552
7481,576
7481,766
7481,847
7481,1185
7481,1210
7481,1414
7481,1426
7481,1575
7481,1631
7481,1642
7481,1650
7481,1651
7481,1655
7481,1667
7481,1790
7481,1884
7481,1979
7481,2032
7481,2049
7481,2117
7481,2170
7481,2198
7481,2239
7481,2258
7481,2370
7481,2410
7481,2461
7481,2558
7481,2595
7481,2627
7481,2913
7481,3203
7481,3206
7481,3578
7481,3617
7481,3710
7481,3713
7481,3718
7481,4042
7481,4164
7481,4204
7481,4216
7481,4304
7481,4371
7481,4376
7481,4580
7481,4670
7481,4714
7481,5037
7481,5068
7481,5132
7481,5231
7481,5304
7481,5404
7481,5649
7481,5888
7481,5898
7481,6098
7481,6193
7481,6197
7481,6228
7481,6305
7481,6451
7481,6584
7481,6769
7481,6945
7481,6952
7481,7018
7481,7125
7481,7446
7481,7467
7481,7553
7481,7572
7482,195
7482,764
7482,872
7482,941
7482,988
7482,2293
7482,2353
7482,2646
7482,3244
7482,3437
7482,4061
7482,4106
7482,4628
7482,4810
7482,4906
7482,5185
7482,5454
7482,5506
7482,5633
7482,6307
7482,7155
7482,7641
7483,932
7483,1323
7483,2366
7483,2399
7483,3163
7483,3361
7483,4237
7483,4861
7483,5279
7483,7275
7483,7460
7484,78
7484,206
7484,459
7484,647
7484,1313
7484,1332
7484,1781
7484,2022
7484,2139
7484,2369
7484,2503
7484,2842
7484,3350
7484,3416
7484,4052
7484,4515
7484,4721
7484,4911
7484,4981
7484,5005
7484,5113
7484,5242
7484,5319
7484,5416
7484,5607
7484,5681
7484,5871
7484,5954
7484,6018
7484,6220
7484,6239
7484,6273
7484,6559
7484,6734
7484,6865
7484,6918
7484,7431
7484,7642
7484,7645
7485,941
7485,2379
7485,3437
7485,3586
7485,3735
7485,4065
7485,4106
7485,5047
7485,5520
7485,6768
7485,7041
7485,7423
7485,7620
7486,225
7486,336
7486,432
7486,434
7486,583
7486,597
7486,1499
7486,2055
7486,2058
7486,2089
7486,2577
7486,2732
7486,3158
7486,3162
7486,3223
7486,3492
7486,4054
7486,4115
7486,5009
7486,5126
7486,6026
7486,7067
7487,23
7487,85
7487,260
7487,479
7487,542
7487,593
7487,727
7487,795
7487,1113
7487,1170
7487,1293
7487,1784
7487,1798
7487,1902
7487,2013
7487,2106
7487,2239
7487,2313
7487,2370
7487,2571
7487,3183
7487,3408
7487,3459
7487,3895
7487,4167
7487,4303
7487,4384
7487,4608
7487,4616
7487,4803
7487,4952
7487,5084
7487,5412
7487,5756
7487,5816
7487,5955
7487,5976
7487,6100
7487,6462
7487,6540
7487,6551
7487,6906
7487,6971
7487,7067
7487,7071
7487,7330
7487,7395
7487,7464
7487,7537
7487,7568
7488,268
7488,577
7488,694
7488,2691
7488,3813
7488,4360
7488,7034
7489,298
7489,398
7489,444
7489,481
7489,510
7489,561
7489,618
7489,653
7489,663
7489,671
7489,679
7489,855
7489,992
7489,1086
7489,1096
7489,1223
7489,1292
7489,1365
7489,1466
7489,1509
7489,1529
7489,1562
7489,1683
7489,1889
7489,2067
7489,2073
7489,2449
7489,2468
7489,2491
7489,2548
7489,2786
7489,2873
7489,3211
7489,3393
7489,3399
7489,3411
7489,3449
7489,3452
7489,3479
7489,3584
7489,4117
7489,4244
7489,4252
7489,4310
7489,4397
7489,4423
7489,4459
7489,4475
7489,4478
7489,4487
7489,4498
7489,4524
7489,4607
7489,4663
7489,4681
7489,4708
7489,4761
7489,4873
7489,4886
7489,4968
7489,5038
7489,5228
7489,5345
7489,5357
7489,5405
7489,5489
7489,5609
7489,5737
7489,5751
7489,5784
7489,5908
7489,5972
7489,6092
7489,6103
7489,6227
7489,6508
7489,6609
7489,6709
7489,6829
7489,6972
7489,7015
7489,7024
7489,7110
7489,7263
7489,7324
7489,7361
7489,7444
7489,7531
7489,7598
7490,147
7490,481
7490,561
7490,837
7490,1223
7490,2444
7490,3255
7490,4663
7490,5737
7490,5974
7490,6311
7490,6625
7490,6924
7490,7383
7490,7598
7491,595
7491,932
7491,1003
7491,1021
7491,1234
7491,1303
7491,1422
7491,1449
7491,1737
7491,2196
7491,2318
7491,2388
7491,2399
7491,2528
7491,2943
7491,3201
7491,3258
7491,3361
7491,3879
7491,3939
7491,4237
7491,4399
7491,4861
7491,4924
7491,5163
7491,5429
7491,5934
7491,6113
7491,6138
7491,6423
7491,6480
7491,6652
7491,6993
7491,7264
7491,7291
7491,7404
7491,7405
7491,7460
7491,7544
7492,515
7492,3998
7493,2111
7493,4116
7493,4805
7493,5264
7494,2168
7495,1202
7495,1574
7495,3841
7495,4063
7495,4437
7495,4690
7495,4841
7495,4898
7495,5767
7495,6053
7495,6346
7495,6826
7495,6869
7495,7168
7497,135
7497,1015
7497,1565
7497,2035
7497,2053
7497,2100
7497,2230
7497,2976
7497,3094
7497,3156
7497,3175
7497,3191
7497,3292
7497,4242
7497,4258
7497,4720
7497,4732
7497,4843
7497,4850
7497,4866
7497,5020
7497,5086
7497,5548
7497,5558
7497,5601
7497,5642
7497,5789
7497,5960
7497,6050
7497,6150
7497,6205
7497,6324
7497,6514
7497,6573
7497,6819
7497,7562
7497,7575
7497,7620
7498,159
7498,417
7498,1134
7498,1252
7498,1275
7498,1906
7498,1950
7498,2214
7498,2218
7498,2465
7498,2524
7498,2880
7498,3097
7498,3496
7498,4460
7498,4783
7498,4880
7498,5456
7498,5506
7498,6460
7498,7045
7498,7455
7499,44
7499,929
7499,1033
7499,1553
7499,1577
7499,1844
7499,2020
7499,2088
7499,2105
7499,3321
7499,3541
7499,3568
7499,3694
7499,3853
7499,3857
7499,4389
7499,5809
7499,6415
7499,6697
7499,6768
7499,7004
7499,7358
7499,7571
7500,54
7500,255
7500,257
7500,819
7500,1256
7500,1449
7500,1737
7500,2079
7500,2204
7500,2399
7500,2439
7500,2528
7500,3087
7500,3163
7500,3361
7500,3412
7500,3431
7500,3879
7500,3939
7500,4197
7500,4534
7500,4618
7500,4748
7500,4861
7500,5140
7500,5163
7500,5271
7500,6113
7500,6935
7500,7275
7500,7285
7500,7355
7500,7388
7500,7460
7500,7544
7501,258
7501,260
7501,304
7501,593
7501,1472
7501,1524
7501,1999
7501,2198
7501,2239
7501,4080
7501,4253
7501,5707
7501,5839
7501,5931
7501,6034
7501,6313
7501,6321
7501,6487
7501,6551
7501,6646
7501,6707
7501,6831
7501,7321
7501,7535
7501,7628
7502,147
7502,444
7502,481
7502,1646
7502,2499
7502,3211
7502,4244
7502,4663
7502,6311
7502,6488
7502,6609
7502,7016
7502,7383
7503,28
7503,456
7503,920
7503,1060
7503,1253
7503,1280
7503,1347
7503,1353
7503,1457
7503,1610
7503,1666
7503,1714
7503,1905
7503,2586
7503,2738
7503,2871
7503,4033
7503,4173
7503,4294
7503,4295
7503,4386
7503,5661
7503,6085
7503,6572
7503,6807
7503,7365
7503,7526
7503,7633
7504,19
7504,22
7504,315
7504,554
7504,557
7504,581
7504,794
7504,995
7504,1079
7504,1587
7504,1656
7504,1772
7504,1818
7504,2240
7504,2284
7504,2382
7504,2757
7504,3391
7504,3563
7504,3741
7504,3892
7504,3903
7504,3924
7504,4008
7504,4143
7504,4171
7504,4208
7504,4280
7504,4351
7504,4567
7504,4673
7504,4726
7504,5380
7504,5587
7504,5686
7504,5876
7504,5914
7504,6199
7504,6653
7504,6712
7504,7541
7504,7565
7505,16
7506,186
7506,335
7506,703
7506,1785
7506,1900
7506,1977
7506,2364
7506,2667
7506,2899
7506,2953
7506,4105
7506,4403
7506,4905
7506,5117
7506,5619
7506,5658
7506,5711
7506,7411
7507,43
7507,195
7507,325
7507,1166
7507,1441
7507,1503
7507,2121
7507,2436
7507,2477
7507,2789
7507,3495
7507,3934
7507,4452
7507,4646
7507,5057
7507,5074
7507,5172
7507,5690
7507,5885
7507,6433
7508,830
7508,2492
7508,2840
7508,6316
7509,249
7509,297
7509,307
7509,355
7509,996
7509,1151
7509,1445
7509,1807
7509,2168
7509,2217
7509,2318
7509,2413
7509,2534
7509,2874
7509,3135
7509,3147
7509,3214
7509,3511
7509,4005
7509,4093
7509,4202
7509,4279
7509,4322
7509,4611
7509,4744
7509,5046
7509,5104
7509,5128
7509,5803
7509,6144
7509,7108
7509,7220
7509,7408
7509,7460
7510,27
7510,48
7510,92
7510,213
7510,259
7510,411
7510,450
7510,476
7510,590
7510,604
7510,780
7510,875
7510,1098
7510,1585
7510,1603
7510,1776
7510,1801
7510,1872
7510,1948
7510,1975
7510,2179
7510,2198
7510,2239
7510,2572
7510,2795
7510,2820
7510,3152
7510,3277
7510,3298
7510,3359
7510,3561
7510,3834
7510,3910
7510,4039
7510,4141
7510,4174
7510,4626
7510,4822
7510,5214
7510,5404
7510,5474
7510,5534
7510,5839
7510,6077
7510,6228
7510,6331
7510,6447
7510,6518
7510,6594
7510,6604
7510,6775
7510,6947
7510,7072
7510,7305
7510,7330
7510,7357
7510,7395
7511,169
7511,183
7511,369
7511,431
7511,593
7511,1447
7511,1453
7511,1472
7511,1513
7511,1663
7511,1723
7511,1796
7511,2198
7511,2432
7511,2553
7511,3051
7511,3330
7511,3623
7511,3648
7511,4012
7511,4384
7511,4578
7511,4641
7511,4805
7511,4934
7511,5404
7511,5740
7511,5979
7511,5982
7511,6183
7511,6414
7511,6702
7511,7010
7511,7021
7511,7353
7511,7464
7511,7577
7512,225
7512,283
7512,352
7512,499
7512,526
7512,587
7512,728
7512,808
7512,911
7512,956
7512,1196
7512,1291
7512,1448
7512,1493
7512,1521
7512,1739
7512,1810
7512,1922
7512,2215
7512,2402
7512,2525
7512,2536
7512,2567
7512,2655
7512,2856
7512,3083
7512,3125
7512,3134
7512,3506
7512,3559
7512,4067
7512,4707
7512,4990
7512,5170
7512,5231
7512,5739
7512,6029
7512,6036
7512,6256
7512,6408
7512,6569
7512,6630
7512,6668
7512,6728
7512,6909
7512,7077
7512,7312
7512,7322
7512,7608
7513,10
7513,349
7513,605
7513,1041
7513,1264
7513,1334
7513,1616
7513,1736
7513,1881
7513,1980
7513,2337
7513,2435
7513,2623
7513,2777
7513,3102
7513,3415
7513,3583
7513,3678
7513,3717
7513,3749
7513,3992
7513,4509
7513,4723
7513,4740
7513,4829
7513,4992
7513,5110
7513,5509
7513,5868
7513,5929
7513,6357
7513,6557
7513,6876
7513,7308
7513,7348
7513,7437
7513,7458
7514,1298
7514,4277
7514,4636
7515,323
7515,825
7515,842
7515,1742
7515,1799
7515,1865
7515,2022
7515,2050
7515,2503
7515,2737
7515,3652
7515,3797
7515,3940
7515,4052
7515,4298
7515,4425
7515,4575
7515,4675
7515,4901
7515,5147
7515,5426
7515,5431
7515,5565
7515,5831
7515,6218
7515,6853
7515,6858
7515,6865
7515,6919
7515,7642
7515,7645
7516,1336
7516,1565
7516,2053
7516,2100
7516,2976
7516,3156
7516,4242
7516,4321
7516,4657
7516,4732
7516,4843
7516,4866
7516,4903
7516,5592
7516,6205
7516,7575
7516,7595
7516,7620
7517,526
7517,713
7517,3896
7517,3976
7517,4805
7517,6824
7517,6909
7518,109
7518,532
7518,835
7518,1371
7518,1407
7518,1442
7518,1520
7518,1660
7518,1813
7518,1956
7518,2005
7518,2032
7518,2317
7518,2356
7518,2368
7518,2502
7518,2559
7518,2633
7518,2649
7518,2907
7518,3433
7518,3451
7518,3567
7518,3578
7518,3612
7518,3817
7518,3856
7518,4185
7518,4641
7518,4685
7518,4693
7518,4790
7518,4805
7518,4967
7518,5052
7518,5079
7518,5213
7518,5234
7518,5280
7518,5435
7518,5484
7518,5531
7518,5652
7518,5667
7518,5761
7518,5781
7518,5957
7518,6078
7518,6110
7518,6126
7518,6172
7518,6189
7518,6280
7518,6470
7518,6675
7518,6703
7518,6864
7518,6960
7518,7262
7518,7370
7518,7467
7519,526
7519,754
7519,934
7519,1655
7519,1667
7519,1884
7519,2339
7519,3114
7519,4067
7519,4216
7519,4304
7519,4376
7519,4543
7519,6193
7519,6769
7519,6952
7519,6954
7520,85
7520,89
7520,260
7520,593
7520,1058
7520,1113
7520,1152
7520,1178
7520,1293
7520,1370
7520,1415
7520,1513
7520,1575
7520,1663
7520,1798
7520,1959
7520,2039
7520,2106
7520,2198
7520,2239
7520,2370
7520,2571
7520,3359
7520,3362
7520,3693
7520,3748
7520,4071
7520,4164
7520,4376
7520,4384
7520,4573
7520,4578
7520,4608
7520,4680
7520,4805
7520,4806
7520,5132
7520,5194
7520,5251
7520,5258
7520,5296
7520,5404
7520,5707
7520,5816
7520,5881
7520,6400
7520,6702
7520,6707
7520,6847
7520,7003
7520,7046
7520,7280
7520,7330
7520,7353
7520,7464
7520,7477
7520,7572
7521,3532
7521,3613
7521,3772
7521,3895
7521,4384
7523,28
7523,264
7523,1429
7523,2239
7523,2795
7523,3152
7523,3698
7523,3744
7523,5040
7523,5056
7523,5412
7523,6325
7523,6807
7524,48
7524,411
7524,604
7524,947
7524,1098
7524,1423
7524,1872
7524,1961
7524,2198
7524,2239
7524,2572
7524,2820
7524,3277
7524,3359
7524,3561
7524,3698
7524,3710
7524,4422
7524,4522
7524,4822
7524,5412
7524,5474
7524,6069
7524,6210
7524,6947
7524,7357
7524,7395
7525,201
7525,552
7525,593
7525,731
7525,789
7525,810
7525,1058
7525,1268
7525,1284
7525,1368
7525,1478
7525,2113
7525,2194
7525,2320
7525,2377
7525,2410
7525,2617
7525,2736
7525,2765
7525,2855
7525,2911
7525,3183
7525,3264
7525,3538
7525,3748
7525,3926
7525,3996
7525,4096
7525,4164
7525,4376
7525,4384
7525,4408
7525,4952
7525,5037
7525,5258
7525,5296
7525,5351
7525,5404
7525,5707
7525,5730
7525,5975
7525,7289
7525,7320
7525,7424
7526,26
7526,28
7526,305
7526,485
7526,834
7526,899
7526,970
7526,1024
7526,1152
7526,1253
7526,1280
7526,1347
7526,1353
7526,1429
7526,1633
7526,1744
7526,1777
7526,1899
7526,1961
7526,1981
7526,2173
7526,2198
7526,2239
7526,2871
7526,3035
7526,3053
7526,3123
7526,3152
7526,3310
7526,3438
7526,3577
7526,3578
7526,3621
7526,3856
7526,4033
7526,4217
7526,4390
7526,4791
7526,4805
7526,5191
7526,5234
7526,5302
7526,5953
7526,6054
7526,6085
7526,6269
7526,6450
7526,6572
7526,6593
7526,6600
7526,6702
7526,6726
7526,6807
7526,6996
7526,7276
7526,7395
7526,7409
7526,7503
7526,7596
7527,1744
7527,1899
7527,2198
7527,2615
7527,5415
7527,6409
7527,6702
7527,6847
7528,2708
7528,7146
7528,7581
7529,333
7529,1230
7529,2515
7529,3485
7529,3740
7529,5564
7529,5574
7529,5814
7529,5890
7529,6214
7529,7057
7530,602
7530,617
7530,709
7530,884
7530,932
7530,1065
7530,1702
7530,1791
7530,1920
7530,2064
7530,2251
7530,3366
7530,3494
7530,3900
7530,4060
7530,4237
7530,4557
7530,4814
7530,4925
7530,5094
7530,5131
7530,5421
7530,5432
7530,5877
7530,6130
7530,6635
7530,6712
7530,7037
7530,7460
7530,7565
7531,147
7531,481
7531,510
7531,561
7531,690
7531,746
7531,943
7531,1223
7531,1509
7531,1622
7531,1646
7531,1683
7531,2259
7531,2499
7531,2548
7531,2786
7531,2843
7531,2853
7531,3211
7531,3452
7531,3733
7531,3904
7531,4047
7531,4191
7531,4244
7531,4252
7531,4310
7531,4423
7531,4564
7531,4663
7531,5230
7531,5345
7531,5357
7531,5737
7531,5928
7531,5974
7531,6106
7531,6311
7531,6488
7531,6625
7531,6924
7531,7016
7531,7024
7531,7110
7531,7383
7531,7489
7531,7598
7532,193
7532,244
7532,347
7532,734
7532,1043
7532,1440
7532,2282
7532,2702
7532,3121
7532,3303
7532,3497
7532,3829
7532,3953
7532,4332
7532,4677
7532,4850
7532,4997
7532,5434
7532,5578
7532,5656
7532,5701
7532,5970
7532,6025
7532,6107
7532,6169
7532,6612
7532,7049
7532,7064
7532,7316
7533,68
7533,104
7533,281
7533,348
7533,354
7533,416
7533,451
7533,452
7533,547
7533,594
7533,624
7533,635
7533,792
7533,823
7533,1025
7533,1147
7533,1154
7533,1168
7533,1201
7533,1208
7533,1231
7533,1265
7533,1366
7533,1384
7533,1542
7533,1605
7533,1779
7533,1837
7533,1968
7533,1971
7533,2020
7533,2276
7533,2278
7533,2403
7533,2578
7533,2580
7533,2642
7533,2692
7533,2696
7533,2716
7533,2841
7533,2846
7533,2919
7533,2937
7533,2954
7533,2956
7533,3254
7533,3286
7533,3301
7533,3402
7533,3522
7533,3943
7533,4036
7533,4119
7533,4132
7533,4139
7533,4166
7533,4444
7533,4481
7533,4547
7533,4550
7533,4568
7533,4927
7533,4977
7533,4998
7533,5021
7533,5055
7533,5149
7533,5196
7533,5233
7533,5246
7533,5590
7533,5695
7533,5712
7533,6158
7533,6375
7533,6455
7533,6659
7533,6833
7533,6863
7533,6883
7533,6932
7533,6938
7533,7028
7533,7148
7533,7301
7533,7350
7533,7567
7533,7625
7534,26
7534,134
7534,522
7534,592
7534,593
7534,1024
7534,1194
7534,1347
7534,1591
7534,2173
7534,2198
7534,2685
7534,2778
7534,2859
7534,2871
7534,3063
7534,3807
7534,4082
7534,4164
7534,4217
7534,4345
7534,4650
7534,4791
7534,4848
7534,5133
7534,5311
7534,5415
7534,5597
7534,5703
7534,5958
7534,6054
7534,6551
7534,6702
7534,6790
7534,6983
7534,7276
7534,7283
7534,7601
7535,89
7535,124
7535,226
7535,312
7535,359
7535,369
7535,482
7535,500
7535,593
7535,599
7535,711
7535,762
7535,772
7535,789
7535,795
7535,814
7535,836
7535,841
7535,903
7535,958
7535,1058
7535,1067
7535,1102
7535,1113
7535,1170
7535,1268
7535,1368
7535,1402
7535,1415
7535,1427
7535,1444
7535,1453
7535,1467
7535,1478
7535,1540
7535,1545
7535,1621
7535,1634
7535,1663
7535,1684
7535,1711
7535,1735
7535,1798
7535,1833
7535,1840
7535,1902
7535,1945
7535,1970
7535,2030
7535,2039
7535,2086
7535,2106
7535,2194
7535,2198
7535,2239
7535,2262
7535,2302
7535,2320
7535,2370
7535,2377
7535,2571
7535,2600
7535,2657
7535,2661
7535,2671
7535,2882
7535,2888
7535,2911
7535,2974
7535,2979
7535,3025
7535,3039
7535,3077
7535,3093
7535,3184
7535,3225
7535,3284
7535,3297
7535,3311
7535,3347
7535,3377
7535,3406
7535,3408
7535,3428
7535,3459
7535,3476
7535,3593
7535,3608
7535,3616
7535,3627
7535,3734
7535,3756
7535,3859
7535,3895
7535,3926
7535,3970
7535,4157
7535,4188
7535,4190
7535,4233
7535,4253
7535,4286
7535,4326
7535,4376
7535,4381
7535,4384
7535,4420
7535,4465
7535,4474
7535,4535
7535,4578
7535,4616
7535,4662
7535,4669
7535,4680
7535,4803
7535,4806
7535,4865
7535,4871
7535,4877
7535,4952
7535,5099
7535,5261
7535,5372
7535,5381
7535,5392
7535,5404
7535,5471
7535,5525
7535,5650
7535,5689
7535,5707
7535,5799
7535,5816
7535,5952
7535,5961
7535,6082
7535,6121
7535,6208
7535,6313
7535,6462
7535,6487
7535,6507
7535,6510
7535,6518
7535,6537
7535,6540
7535,6551
7535,6582
7535,6646
7535,6678
7535,6702
7535,6707
7535,6714
7535,6760
7535,6802
7535,6810
7535,6848
7535,6890
7535,7101
7535,7114
7535,7174
7535,7219
7535,7280
7535,7294
7535,7385
7535,7395
7535,7464
7535,7465
7535,7501
7535,7537
7535,7582
7535,7607
7536,258
7536,431
7536,593
7536,633
7536,766
7536,1206
7536,1472
7536,1513
7536,1663
7536,1798
7536,2198
7536,2738
7536,3051
7536,3185
7536,3748
7536,4156
7536,4347
7536,4402
7536,4578
7536,4669
7536,4805
7536,4870
7536,5372
7536,5979
7536,6077
7536,6414
7536,6673
7536,6702
7536,7204
7536,7280
7537,85
7537,260
7537,304
7537,475
7537,479
7537,735
7537,1067
7537,1293
7537,1663
7537,1784
7537,1798
7537,1959
7537,2013
7537,2106
7537,2198
7537,2571
7537,2671
7537,2888
7537,3152
7537,3188
7537,3408
7537,3456
7537,3693
7537,3958
7537,4086
7537,4326
7537,4376
7537,4384
7537,4578
7537,4806
7537,4864
7537,4952
7537,5084
7537,5707
7537,5756
7537,5881
7537,5955
7537,5987
7537,6265
7537,6313
7537,6537
7537,6551
7537,6892
7537,6906
7537,6933
7537,6936
7537,6971
7537,7071
7537,7180
7537,7464
7537,7487
7537,7535
7538,530
7538,1295
7538,1952
7538,1955
7538,2412
7538,2453
7538,3227
7538,3281
7538,3437
7538,3461
7538,3662
7538,3949
7538,4106
7538,4305
7538,4424
7538,4452
7538,4527
7538,4628
7538,4705
7538,5035
7538,5074
7538,5521
7538,5663
7538,5817
7538,5872
7538,6352
7538,6554
7538,6813
7538,6970
7538,7160
7538,7217
7538,7594
7539,593
7539,1634
7539,1712
7539,1796
7539,2198
7539,2406
7539,3748
7539,4164
7539,4376
7539,4806
7539,5070
7539,5132
7539,5139
7539,5234
7539,5404
7539,5707
7539,5881
7539,6551
7539,6702
7539,6774
7539,7464
7540,89
7540,593
7540,732
7540,1513
7540,1663
7540,1738
7540,1744
7540,1899
7540,2198
7540,2239
7540,2541
7540,3008
7540,3051
7540,4453
7540,5881
7540,5979
7540,6414
7540,6634
7540,6669
7540,6678
7540,6702
7540,6887
7541,554
7541,557
7541,580
7541,871
7541,965
7541,1079
7541,1656
7541,1771
7541,2240
7541,2654
7541,2756
7541,2757
7541,3064
7541,3391
7541,4112
7541,4208
7541,4280
7541,4354
7541,4426
7541,4673
7541,5686
7541,6163
7541,6623
7541,6653
7541,6657
7541,7504
7541,7565
7543,1255
7543,3374
7543,4994
7543,5910
7544,54
7544,177
7544,581
7544,932
7544,1021
7544,1237
7544,1449
7544,1675
7544,1728
7544,2204
7544,2318
7544,2439
7544,2528
7544,2538
7544,2605
7544,2949
7544,3087
7544,3201
7544,3361
7544,3412
7544,3423
7544,3572
7544,3719
7544,3939
7544,4197
7544,4237
7544,4399
7544,4497
7544,4534
7544,4618
7544,4861
7544,5124
7544,5163
7544,5279
7544,5439
7544,6138
7544,7405
7544,7491
7544,7500
7545,1123
7545,2968
7545,3137
7545,6122
7545,6463
7545,7379
7545,7620
7546,990
7546,1225
7546,1371
7546,1520
7546,1660
7546,2205
7546,2278
7546,3567
7546,4009
7546,4602
7546,4805
7546,5234
7546,5435
7546,5781
7546,6110
7546,6172
7546,6470
7546,6675
7546,6703
7546,7000
7548,769
7548,1239
7548,1377
7548,2000
7548,2068
7548,2239
7548,3277
7548,3329
7548,3557
7548,3573
7548,4482
7548,4507
7548,4522
7548,4555
7548,4725
7548,4908
7548,5707
7548,5839
7548,6274
7548,6437
7548,6589
7548,6868
7548,6946
7548,6967
7548,7579
7549,1202
7549,1356
7549,4690
7549,5767
7549,6869
7549,7123
7550,72
7550,443
7550,471
7550,536
7550,1060
7550,1270
7550,1353
7550,1627
7550,1777
7550,1896
7550,1961
7550,2179
7550,2213
7550,2546
7550,2795
7550,3013
7550,3183
7550,3566
7550,3577
7550,3591
7550,3602
7550,3698
7550,3763
7550,3966
7550,3969
7550,4390
7550,4805
7550,5101
7550,5194
7550,5321
7550,5433
7550,5461
7550,5506
7550,5593
7550,5654
7550,5947
7550,5953
7550,5997
7550,6079
7550,6105
7550,6119
7550,6251
7550,6563
7550,6572
7550,6726
7550,7096
7550,7455
7550,7556
7550,7596
7551,639
7551,1424
7551,1439
7551,1935
7551,2239
7551,3277
7551,3359
7551,3698
7551,3859
7551,3910
7551,4522
7551,5003
7551,5029
7551,5839
7551,7295
7551,7395
7552,2198
7552,6592
7553,776
7553,1058
7553,1414
7553,1546
7553,1575
7553,1862
7553,1875
7553,1990
7553,2410
7553,2772
7553,3203
7553,3384
7553,3538
7553,3545
7553,3817
7553,3895
7553,4261
7553,4376
7553,4670
7553,4805
7553,5251
7553,5485
7553,5840
7553,6492
7553,6553
7553,6690
7553,7164
7553,7481
7553,7582
7554,78
7554,647
7554,1664
7554,2022
7554,2369
7554,3288
7554,5300
7554,5681
7554,6273
7554,6865
7554,6918
7555,275
7555,328
7555,570
7555,787
7555,806
7555,828
7555,882
7555,909
7555,1696
7555,1759
7555,1766
7555,1849
7555,1969
7555,1983
7555,2090
7555,2134
7555,2147
7555,2189
7555,2260
7555,2324
7555,2622
7555,2717
7555,3597
7555,3663
7555,4038
7555,4312
7555,4467
7555,4504
7555,4548
7555,4666
7555,4704
7555,4739
7555,4751
7555,4960
7555,5245
7555,5448
7555,5602
7555,5706
7555,6143
7555,6164
7555,6212
7555,6772
7555,6793
7555,6842
7555,7060
7555,7255
7556,40
7556,143
7556,721
7556,881
7556,1820
7556,1904
7556,2113
7556,2118
7556,2299
7556,2405
7556,2455
7556,2611
7556,2648
7556,2809
7556,2959
7556,2999
7556,3275
7556,3320
7556,3339
7556,3503
7556,4046
7556,4301
7556,4490
7556,4735
7556,4940
7556,4987
7556,5211
7556,6086
7556,6369
7556,6452
7556,6588
7556,7330
7556,7384
7556,7550
7558,2
7558,846
7558,980
7558,2152
7558,3014
7558,3026
7558,4183
7558,4634
7558,4757
7558,7590
7559,256
7559,615
7559,3375
7559,5419
7559,6226
7560,28
7560,552
7560,593
7560,760
7560,835
7560,1383
7560,1518
7560,1744
7560,2198
7560,2205
7560,2239
7560,2287
7560,2793
7560,3049
7560,3051
7560,3070
7560,3469
7560,3548
7560,3581
7560,3697
7560,4116
7560,4198
7560,4376
7560,4479
7560,4576
7560,4805
7560,4967
7560,5070
7560,5155
7560,5234
7560,5412
7560,5982
7560,6064
7560,6078
7560,6172
7560,6219
7560,6464
7560,6630
7561,593
7561,2220
7561,4854
7561,5500
7561,5610
7561,5791
7561,7373
7562,1015
7562,1565
7562,1822
7562,1953
7562,2035
7562,2053
7562,2100
7562,2230
7562,2245
7562,2976
7562,3094
7562,3156
7562,3175
7562,3292
7562,4242
7562,4258
7562,4843
7562,4866
7562,5020
7562,5187
7562,5276
7562,5548
7562,5601
7562,5642
7562,5684
7562,6044
7562,6205
7562,6514
7562,6819
7562,7497
7562,7575
7562,7620
7563,2053
7563,2100
7563,5548
7563,7620
7564,703
7564,1252
7564,1950
7564,3611
7564,3765
7564,4276
7564,4976
7564,6251
7565,19
7565,219
7565,315
7565,342
7565,420
7565,554
7565,557
7565,580
7565,581
7565,737
7565,741
7565,758
7565,773
7565,794
7565,884
7565,915
7565,965
7565,968
7565,995
7565,1073
7565,1079
7565,1124
7565,1131
7565,1244
7565,1256
7565,1324
7565,1488
7565,1587
7565,1604
7565,1656
7565,1664
7565,1762
7565,1772
7565,1824
7565,1841
7565,1920
7565,1923
7565,2064
7565,2133
7565,2182
7565,2240
7565,2382
7565,2757
7565,2790
7565,3266
7565,3366
7565,3376
7565,3391
7565,3563
7565,3741
7565,3774
7565,3845
7565,3880
7565,3892
7565,3903
7565,3915
7565,3924
7565,3941
7565,3997
7565,4008
7565,4112
7565,4125
7565,4143
7565,4181
7565,4208
7565,4226
7565,4280
7565,4351
7565,4357
7565,4426
7565,4599
7565,4612
7565,4673
7565,4726
7565,4899
7565,4923
7565,4925
7565,4984
7565,5030
7565,5131
7565,5300
7565,5380
7565,5587
7565,5686
7565,5754
7565,6111
7565,6125
7565,6194
7565,6199
7565,6278
7565,6347
7565,6587
7565,6623
7565,6653
7565,6712
7565,7157
7565,7314
7565,7451
7565,7461
7565,7463
7565,7504
7565,7530
7565,7541
7566,136
7566,174
7566,442
7566,517
7566,541
7566,649
7566,661
7566,786
7566,928
7566,937
7566,1221
7566,1272
7566,1630
7566,1759
7566,1767
7566,1803
7566,1851
7566,2099
7566,2114
7566,2281
7566,2327
7566,2389
7566,2419
7566,2557
7566,2643
7566,3090
7566,3167
7566,3217
7566,3272
7566,3528
7566,3553
7566,3558
7566,3575
7566,3815
7566,4034
7566,4300
7566,4441
7566,4539
7566,4583
7566,4619
7566,4666
7566,4728
7566,4741
7566,5306
7566,5451
7566,5454
7566,5555
7566,5588
7566,5825
7566,6046
7566,6091
7566,6104
7566,6502
7566,6519
7566,6679
7566,6913
7566,6997
7566,7043
7566,7075
7566,7124
7566,7255
7566,7630
7566,7648
7567,354
7567,368
7567,451
7567,452
7567,547
7567,792
7567,929
7567,1071
7567,1147
7567,1201
7567,1265
7567,1366
7567,1387
7567,1398
7567,1542
7567,1605
7567,1837
7567,1968
7567,1971
7567,2242
7567,2276
7567,2278
7567,2351
7567,2403
7567,2459
7567,2501
7567,2578
7567,2580
7567,2696
7567,2846
7567,3200
7567,3228
7567,3254
7567,3286
7567,3390
7567,3428
7567,3505
7567,3522
7567,3694
7567,3863
7567,4036
7567,4119
7567,4481
7567,4927
7567,4929
7567,5021
7567,5149
7567,5196
7567,5766
7567,6011
7567,6158
7567,6455
7567,6833
7567,6863
7567,6883
7567,6949
7567,7002
7567,7301
7567,7358
7567,7533
7567,7625
7568,23
7568,33
7568,77
7568,85
7568,124
7568,258
7568,260
7568,272
7568,304
7568,369
7568,431
7568,435
7568,479
7568,482
7568,522
7568,593
7568,599
7568,659
7568,735
7568,795
7568,814
7568,841
7568,939
7568,945
7568,1058
7568,1067
7568,1214
7568,1226
7568,1421
7568,1431
7568,1453
7568,1456
7568,1545
7568,1614
7568,1784
7568,1798
7568,1805
7568,1847
7568,1907
7568,2013
7568,2115
7568,2198
7568,2307
7568,2313
7568,2381
7568,2410
7568,2521
7568,2575
7568,3051
7568,3093
7568,3138
7568,3184
7568,3237
7568,3347
7568,3363
7568,3370
7568,3377
7568,3403
7568,3459
7568,3608
7568,3748
7568,3895
7568,3926
7568,3947
7568,4074
7568,4157
7568,4243
7568,4286
7568,4303
7568,4376
7568,4384
7568,4465
7568,4484
7568,4535
7568,4616
7568,4642
7568,4658
7568,4669
7568,4806
7568,4870
7568,5015
7568,5132
7568,5139
7568,5160
7568,5201
7568,5278
7568,5385
7568,5404
7568,5468
7568,5756
7568,5799
7568,5816
7568,5881
7568,5955
7568,5966
7568,5979
7568,6076
7568,6319
7568,6414
7568,6449
7568,6484
7568,6492
7568,6597
7568,6658
7568,6673
7568,6702
7568,6887
7568,6968
7568,7010
7568,7070
7568,7071
7568,7085
7568,7170
7568,7181
7568,7294
7568,7353
7568,7369
7568,7464
7568,7487
7568,7607
7569,212
7569,260
7569,382
7569,526
7569,584
7569,683
7569,921
7569,942
7569,1287
7569,1293
7569,1335
7569,1521
7569,1624
7569,1716
7569,2059
7569,2215
7569,2525
7569,2579
7569,2673
7569,2703
7569,2903
7569,3083
7569,3506
7569,3559
7569,3781
7569,4037
7569,4067
7569,4153
7569,4282
7569,4384
7569,4584
7569,4917
7569,5571
7569,5798
7569,5851
7569,5998
7569,6026
7569,6029
7569,6348
7569,6412
7569,6427
7569,6713
7569,6909
7569,6920
7569,7006
7569,7131
7569,7269
7569,7401
7569,7422
7570,2362
7570,4655
7571,44
7571,281
7571,354
7571,452
7571,929
7571,1147
7571,1168
7571,1201
7571,1208
7571,1265
7571,1288
7571,1407
7571,1553
7571,1576
7571,1602
7571,1715
7571,1837
7571,2002
7571,2088
7571,2188
7571,2203
7571,2278
7571,2858
7571,3110
7571,3402
7571,3568
7571,3943
7571,4119
7571,4139
7571,4222
7571,4389
7571,4568
7571,4859
7571,4977
7571,4998
7571,5021
7571,5196
7571,5233
7571,5388
7571,5809
7571,6136
7571,6158
7571,6204
7571,6292
7571,6415
7571,6498
7571,6697
7571,6926
7571,7028
7571,7148
7571,7499
7572,23
7572,69
7572,152
7572,201
7572,220
7572,260
7572,266
7572,304
7572,321
7572,346
7572,455
7572,473
7572,479
7572,527
7572,540
7572,593
7572,722
7572,731
7572,754
7572,811
7572,813
7572,841
7572,869
7572,951
7572,1018
7572,1058
7572,1097
7572,1102
7572,1104
7572,1152
7572,1178
7572,1210
7572,1214
7572,1254
7572,1268
7572,1330
7572,1337
7572,1368
7572,1370
7572,1399
7572,1414
7572,1415
7572,1430
7572,1447
7572,1453
7572,1513
7572,1575
7572,1620
7572,1634
7572,1647
7572,1663
7572,1668
7572,1673
7572,1705
7572,1723
7572,1840
7572,1847
7572,1871
7572,1899
7572,1945
7572,1959
7572,1996
7572,1997
7572,2010
7572,2033
7572,2039
7572,2129
7572,2198
7572,2229
7572,2239
7572,2310
7572,2339
7572,2370
7572,2393
7572,2410
7572,2441
7572,2471
7572,2479
7572,2521
7572,2564
7572,2571
7572,2573
7572,2587
7572,2595
7572,2600
7572,2657
7572,2736
7572,2744
7572,2763
7572,2770
7572,2772
7572,2855
7572,2938
7572,2961
7572,2981
7572,2991
7572,3049
7572,3050
7572,3051
7572,3074
7572,3079
7572,3093
7572,3177
7572,3178
7572,3183
7572,3184
7572,3206
7572,3226
7572,3234
7572,3264
7572,3284
7572,3297
7572,3334
7572,3362
7572,3363
7572,3459
7572,3476
7572,3520
7572,3623
7572,3646
7572,3659
7572,3693
7572,3713
7572,3748
7572,3756
7572,3758
7572,3808
7572,3861
7572,3867
7572,3898
7572,3996
7572,4003
7572,4071
7572,4074
7572,4080
7572,4090
7572,4095
7572,4164
7572,4167
7572,4177
7572,4241
7572,4249
7572,4269
7572,4290
7572,4355
7572,4376
7572,4384
7572,4535
7572,4553
7572,4570
7572,4595
7572,4608
7572,4642
7572,4680
7572,4785
7572,4787
7572,4805
7572,4806
7572,4827
7572,4895
7572,4934
7572,5058
7572,5070
7572,5132
7572,5139
7572,5194
7572,5251
7572,5258
7572,5259
7572,5286
7572,5290
7572,5296
7572,5311
7572,5316
7572,5344
7572,5352
7572,5359
7572,5365
7572,5404
7572,5415
7572,5468
7572,5490
7572,5507
7572,5557
7572,5577
7572,5593
7572,5641
7572,5646
7572,5649
7572,5651
7572,5707
7572,5740
7572,5816
7572,5833
7572,5855
7572,5881
7572,5888
7572,5937
7572,5961
7572,6075
7572,6140
7572,6183
7572,6215
7572,6242
7572,6284
7572,6313
7572,6315
7572,6354
7572,6381
7572,6400
7572,6449
7572,6484
7572,6492
7572,6507
7572,6540
7572,6553
7572,6562
7572,6669
7572,6702
7572,6778
7572,6787
7572,6811
7572,6847
7572,6848
7572,6890
7572,6895
7572,6907
7572,6961
7572,6968
7572,6981
7572,6990
7572,7003
7572,7008
7572,7023
7572,7044
7572,7046
7572,7071
7572,7105
7572,7231
7572,7265
7572,7277
7572,7280
7572,7289
7572,7353
7572,7369
7572,7428
7572,7448
7572,7471
7572,7481
7572,7520
7573,28
7573,183
7573,358
7573,446
7573,552
7573,593
7573,770
7573,924
7573,947
7573,1058
7573,1744
7573,1929
7573,2198
7573,2239
7573,2406
7573,2553
7573,3049
7573,3578
7573,3623
7573,3704
7573,3713
7573,3817
7573,4376
7573,4422
7573,4570
7573,4805
7573,5048
7573,5070
7573,5234
7573,5251
7573,5415
7573,5649
7573,5982
7573,6354
7573,6449
7573,6638
7573,6672
7573,6702
7573,6847
7573,7003
7573,7266
7573,7477
7574,2923
7575,84
7575,135
7575,157
7575,507
7575,508
7575,531
7575,664
7575,1015
7575,1219
7575,1242
7575,1288
7575,1565
7575,1822
7575,1953
7575,2035
7575,2053
7575,2245
7575,2282
7575,2297
7575,2323
7575,2496
7575,2785
7575,2836
7575,2976
7575,3002
7575,3094
7575,3112
7575,3156
7575,3175
7575,3222
7575,3292
7575,3417
7575,3425
7575,3571
7575,3603
7575,3624
7575,3661
7575,3735
7575,3852
7575,3967
7575,4104
7575,4258
7575,4275
7575,4291
7575,4429
7575,4471
7575,4657
7575,4677
7575,4720
7575,4732
7575,4738
7575,4843
7575,4853
7575,4866
7575,4962
7575,4963
7575,4997
7575,5020
7575,5187
7575,5434
7575,5548
7575,5558
7575,5578
7575,5642
7575,5656
7575,5684
7575,5789
7575,5854
7575,5960
7575,6049
7575,6205
7575,6515
7575,6573
7575,6591
7575,6819
7575,6875
7575,7034
7575,7260
7575,7423
7575,7450
7575,7497
7575,7516
7575,7562
7575,7620
7575,7622
7576,462
7576,846
7576,980
7576,994
7576,1032
7576,1036
7576,1291
7576,1297
7576,1764
7576,2703
7576,3313
7576,3336
7576,3557
7576,3631
7576,3952
7576,4136
7576,4178
7576,4362
7576,4482
7576,4725
7576,5063
7576,5253
7576,5301
7576,5604
7576,5907
7576,5992
7576,6298
7576,6328
7576,6619
7576,6630
7576,6845
7576,7153
7576,7375
7576,7579
7577,169
7577,183
7577,455
7577,482
7577,593
7577,632
7577,722
7577,924
7577,1018
7577,1058
7577,1329
7577,1415
7577,1447
7577,1498
7577,1723
7577,1727
7577,1744
7577,1792
7577,1796
7577,1899
7577,1993
7577,2198
7577,2380
7577,2553
7577,2649
7577,3051
7577,3138
7577,3274
7577,3370
7577,3648
7577,3703
7577,3704
7577,3720
7577,4023
7577,4071
7577,4074
7577,4538
7577,4578
7577,4641
7577,4669
7577,4688
7577,4805
7577,4934
7577,5132
7577,5139
7577,5241
7577,5296
7577,5348
7577,5365
7577,5404
7577,5734
7577,5799
7577,5853
7577,5881
7577,5979
7577,6024
7577,6183
7577,6361
7577,6414
7577,6669
7577,6673
7577,6702
7577,7003
7577,7021
7577,7103
7577,7166
7577,7203
7577,7337
7577,7352
7577,7353
7577,7477
7577,7511
7577,7607
7578,345
7578,593
7578,1058
7578,1415
7578,2198
7578,2981
7578,3172
7578,4376
7578,5881
7578,6702
7578,7003
7578,7071
7579,86
7579,462
7579,544
7579,585
7579,621
7579,769
7579,1239
7579,1285
7579,1359
7579,1372
7579,1522
7579,1657
7579,1669
7579,1718
7579,1870
7579,1934
7579,2000
7579,2068
7579,2210
7579,2254
7579,2303
7579,2390
7579,2613
7579,2741
7579,2795
7579,3232
7579,3329
7579,3368
7579,3557
7579,3573
7579,3631
7579,3847
7579,3911
7579,3913
7579,4027
7579,4078
7579,4085
7579,4118
7579,4308
7579,4314
7579,4362
7579,4482
7579,4555
7579,4725
7579,4908
7579,5014
7579,5022
7579,5284
7579,5374
7579,5604
7579,5630
7579,5839
7579,5907
7579,5971
7579,6179
7579,6198
7579,6298
7579,6328
7579,6454
7579,6575
7579,6684
7579,6719
7579,6777
7579,6868
7579,6946
7579,7191
7579,7200
7579,7375
7579,7376
7579,7441
7579,7548
7579,7576
7579,7591
7579,7600
7580,23
7580,85
7580,103
7580,260
7580,795
7580,1113
7580,1284
7580,1293
7580,1453
7580,1624
7580,1798
7580,2106
7580,2143
7580,2198
7580,2215
7580,2239
7580,2620
7580,2770
7580,2911
7580,3183
7580,3225
7580,3311
7580,3408
7580,3559
7580,3607
7580,3895
7580,4080
7580,4086
7580,4303
7580,4376
7580,4384
7580,4806
7580,4952
7580,5296
7580,5641
7580,5707
7580,5730
7580,5816
7580,6551
7580,6618
7580,6760
7580,7067
7580,7296
7580,7464
7580,7465
7580,7612
7581,2708
7581,3111
7581,3508
7581,7528
7582,3
7582,85
7582,124
7582,138
7582,192
7582,220
7582,235
7582,240
7582,260
7582,304
7582,309
7582,341
7582,415
7582,473
7582,475
7582,593
7582,655
7582,677
7582,727
7582,731
7582,789
7582,810
7582,836
7582,841
7582,942
7582,958
7582,1011
7582,1058
7582,1113
7582,1152
7582,1178
7582,1210
7582,1254
7582,1268
7582,1330
7582,1368
7582,1370
7582,1399
7582,1415
7582,1430
7582,1453
7582,1485
7582,1526
7582,1545
7582,1575
7582,1621
7582,1634
7582,1665
7582,1705
7582,1708
7582,1738
7582,1747
7582,1840
7582,1860
7582,1862
7582,1880
7582,1908
7582,1918
7582,1959
7582,1997
7582,2033
7582,2039
7582,2106
7582,2115
7582,2120
7582,2129
7582,2198
7582,2229
7582,2370
7582,2406
7582,2410
7582,2441
7582,2521
7582,2541
7582,2571
7582,2573
7582,2586
7582,2600
7582,2618
7582,2657
7582,2725
7582,2736
7582,2745
7582,2765
7582,2772
7582,2808
7582,2881
7582,2882
7582,2961
7582,2974
7582,2981
7582,2991
7582,3025
7582,3160
7582,3177
7582,3178
7582,3183
7582,3226
7582,3234
7582,3245
7582,3252
7582,3284
7582,3362
7582,3370
7582,3377
7582,3394
7582,3456
7582,3459
7582,3502
7582,3538
7582,3659
7582,3672
7582,3748
7582,3758
7582,3808
7582,3958
7582,3996
7582,4080
7582,4090
7582,4091
7582,4096
7582,4128
7582,4147
7582,4164
7582,4167
7582,4184
7582,4257
7582,4376
7582,4384
7582,4466
7582,4535
7582,4556
7582,4570
7582,4608
7582,4616
7582,4642
7582,4658
7582,4806
7582,4830
7582,4836
7582,4845
7582,5037
7582,5058
7582,5194
7582,5224
7582,5251
7582,5258
7582,5259
7582,5286
7582,5296
7582,5351
7582,5381
7582,5404
7582,5463
7582,5468
7582,5471
7582,5490
7582,5507
7582,5612
7582,5623
7582,5626
7582,5641
7582,5649
7582,5707
7582,5714
7582,5732
7582,5740
7582,5816
7582,5840
7582,5855
7582,5859
7582,5955
7582,6047
7582,6075
7582,6208
7582,6242
7582,6265
7582,6296
7582,6313
7582,6335
7582,6400
7582,6413
7582,6484
7582,6537
7582,6551
7582,6553
7582,6576
7582,6597
7582,6701
7582,6705
7582,6707
7582,6714
7582,6723
7582,6778
7582,6811
7582,6877
7582,6906
7582,6933
7582,7003
7582,7010
7582,7044
7582,7046
7582,7071
7582,7085
7582,7103
7582,7105
7582,7147
7582,7163
7582,7280
7582,7289
7582,7296
7582,7320
7582,7353
7582,7369
7582,7428
7582,7465
7582,7535
7582,7553
7582,7597
7583,159
7583,429
7583,525
7583,548
7583,1674
7583,2997
7583,3709
7583,4136
7583,5422
7583,5763
7583,7087
7584,73
7584,308
7584,461
7584,501
7584,804
7584,1120
7584,1426
7584,1794
7584,1802
7584,1817
7584,1966
7584,1979
7584,2055
7584,2258
7584,3295
7584,3381
7584,3757
7584,3866
7584,3890
7584,3922
7584,4223
7584,4851
7584,5150
7584,5189
7584,5676
7584,5880
7584,5948
7584,6246
7585,1058
7585,1453
7585,1631
7585,1651
7585,1695
7585,1884
7585,3578
7585,4216
7585,5132
7585,5145
7585,5231
7585,6769
7585,6954
7586,239
7586,668
7586,791
7586,887
7586,894
7586,1043
7586,1072
7586,1219
7586,2308
7586,2742
7586,3429
7586,3642
7586,3792
7586,3813
7586,3852
7586,3975
7586,4193
7586,4260
7586,4332
7586,4445
7586,4646
7586,5024
7586,5065
7586,5232
7586,5239
7586,5298
7586,5616
7586,5624
7586,5725
7586,5812
7586,5826
7586,5861
7586,5946
7586,5970
7586,6049
7586,6147
7586,6656
7586,6698
7586,7237
7586,7438
7587,489
7587,495
7587,764
7587,766
7587,804
7587,847
7587,953
7587,1120
7587,1362
7587,1407
7587,1418
7587,1426
7587,1673
7587,1817
7587,1966
7587,1979
7587,2288
7587,2627
7587,2928
7587,2993
7587,3295
7587,3381
7587,3433
7587,3492
7587,3578
7587,3817
7587,4438
7587,4489
7587,4621
7587,4692
7587,4805
7587,4851
7587,4985
7587,5080
7587,5189
7587,5354
7587,5378
7587,5880
7587,6041
7587,6976
7587,6980
7587,7125
7587,7467
7588,250
7588,747
7588,1335
7588,2430
7588,2897
7588,3351
7588,3518
7588,3731
7588,3937
7588,4571
7588,5571
7588,5765
7588,7479
7589,40
7589,143
7589,287
7589,299
7589,456
7589,601
7589,881
7589,1185
7589,1280
7589,1379
7589,1409
7589,1725
7589,1962
7589,2113
7589,2569
7589,2586
7589,2626
7589,2738
7589,2795
7589,2801
7589,3224
7589,3339
7589,3888
7589,3966
7589,4029
7589,4294
7589,4373
7589,4940
7589,4987
7589,5022
7589,5081
7589,5263
7589,5504
7589,5674
7589,5864
7589,5993
7589,6588
7589,6852
7589,7032
7589,7225
7589,7330
7590,2
7590,846
7590,980
7590,1291
7590,1442
7590,1764
7590,2152
7590,2363
7590,3014
7590,4183
7590,4757
7590,4989
7590,5986
7590,6189
7590,6298
7590,6960
7590,7153
7590,7558
7591,621
7591,1132
7591,1217
7591,1359
7591,1870
7591,2162
7591,2254
7591,2390
7591,2613
7591,2741
7591,3141
7591,3329
7591,3842
7591,3847
7591,4078
7591,4234
7591,4308
7591,4482
7591,4507
7591,4555
7591,5014
7591,5172
7591,5253
7591,5284
7591,5374
7591,5604
7591,6274
7591,6836
7591,6946
7591,7200
7591,7579
7592,92
7592,411
7592,780
7592,1444
7592,1782
7592,1872
7592,1975
7592,2198
7592,2239
7592,2572
7592,2820
7592,3070
7592,3152
7592,3277
7592,3359
7592,3428
7592,3561
7592,4422
7592,4806
7592,4822
7592,5139
7592,5214
7592,5404
7592,5412
7592,5707
7592,6069
7592,6078
7592,6437
7592,6545
7592,6664
7592,6707
7592,6947
7592,7290
7592,7357
7592,7395
7593,593
7593,762
7593,1058
7593,1524
7593,2198
7593,2571
7593,3408
7593,3459
7593,3748
7593,3996
7593,4080
7593,4376
7593,4806
7593,4952
7593,5404
7593,5707
7593,5816
7593,6236
7593,6487
7593,7395
7593,7599
7593,7607
7594,101
7594,496
7594,1340
7594,1403
7594,1556
7594,1952
7594,2165
7594,2412
7594,2608
7594,2799
7594,3159
7594,3222
7594,3227
7594,3239
7594,3437
7594,3442
7594,3461
7594,3949
7594,4628
7594,4935
7594,5035
7594,5074
7594,5106
7594,5663
7594,5817
7594,5872
7594,6307
7594,6352
7594,6813
7594,6970
7594,7160
7594,7287
7594,7538
7595,414
7595,1559
7595,1839
7595,2100
7595,2616
7595,4242
7595,4736
7595,4837
7595,4856
7595,4866
7595,5822
7595,7516
7596,149
7596,485
7596,1076
7596,1078
7596,1347
7596,1353
7596,1429
7596,1457
7596,1596
7596,1610
7596,1904
7596,1905
7596,2565
7596,2663
7596,2871
7596,3179
7596,3310
7596,3339
7596,3698
7596,3763
7596,3969
7596,4033
7596,4103
7596,4173
7596,4386
7596,5661
7596,6119
7596,6269
7596,6331
7596,6450
7596,6572
7596,6726
7596,7365
7596,7406
7596,7526
7596,7550
7597,61
7597,77
7597,85
7597,290
7597,369
7597,542
7597,553
7597,593
7597,687
7597,813
7597,1102
7597,1113
7597,1249
7597,1349
7597,1350
7597,1415
7597,1453
7597,1621
7597,1708
7597,1711
7597,1746
7597,1798
7597,1942
7597,2013
7597,2106
7597,2198
7597,2370
7597,2911
7597,3093
7597,3183
7597,3370
7597,3408
7597,3502
7597,3538
7597,3782
7597,3808
7597,4164
7597,4184
7597,4185
7597,4376
7597,4384
7597,4578
7597,4608
7597,4952
7597,4983
7597,5015
7597,5132
7597,5296
7597,5404
7597,5626
7597,5641
7597,5707
7597,5782
7597,6137
7597,6253
7597,6303
7597,6468
7597,6673
7597,6702
7597,6760
7597,6985
7597,7003
7597,7036
7597,7071
7597,7103
7597,7296
7597,7464
7597,7582
7597,7607
7598,147
7598,221
7598,298
7598,398
7598,425
7598,444
7598,481
7598,510
7598,561
7598,578
7598,609
7598,618
7598,619
7598,653
7598,671
7598,685
7598,688
7598,690
7598,782
7598,901
7598,992
7598,1086
7598,1223
7598,1292
7598,1365
7598,1466
7598,1509
7598,1529
7598,1562
7598,1622
7598,1646
7598,1683
7598,1858
7598,1917
7598,2012
7598,2067
7598,2073
7598,2238
7598,2259
7598,2361
7598,2395
7598,2398
7598,2444
7598,2449
7598,2468
7598,2491
7598,2548
7598,2786
7598,2843
7598,2873
7598,2983
7598,3211
7598,3255
7598,3393
7598,3399
7598,3411
7598,3449
7598,3452
7598,3479
7598,3504
7598,3584
7598,3984
7598,4004
7598,4047
7598,4117
7598,4123
7598,4151
7598,4191
7598,4244
7598,4252
7598,4310
7598,4353
7598,4423
7598,4475
7598,4478
7598,4485
7598,4487
7598,4491
7598,4494
7598,4524
7598,4564
7598,4585
7598,4663
7598,4681
7598,4703
7598,4708
7598,4711
7598,4761
7598,4873
7598,4884
7598,4921
7598,4968
7598,5016
7598,5038
7598,5072
7598,5228
7598,5270
7598,5345
7598,5357
7598,5405
7598,5476
7598,5489
7598,5573
7598,5609
7598,5718
7598,5721
7598,5737
7598,5751
7598,5784
7598,5896
7598,5908
7598,5935
7598,5972
7598,6083
7598,6092
7598,6103
7598,6168
7598,6227
7598,6311
7598,6488
7598,6496
7598,6508
7598,6709
7598,6725
7598,6829
7598,7012
7598,7015
7598,7024
7598,7110
7598,7218
7598,7263
7598,7324
7598,7426
7598,7444
7598,7489
7598,7490
7598,7531
7599,42
7599,85
7599,103
7599,127
7599,149
7599,509
7599,762
7599,903
7599,1064
7599,1076
7599,1133
7599,1178
7599,1218
7599,1427
7599,1478
7599,1545
7599,1610
7599,1778
7599,1910
7599,1961
7599,2040
7599,2106
7599,2201
7599,2205
7599,2290
7599,2331
7599,2370
7599,2520
7599,2549
7599,2663
7599,2911
7599,3171
7599,3183
7599,3298
7599,3311
7599,3394
7599,3408
7599,3574
7599,3602
7599,3698
7599,3895
7599,3958
7599,4080
7599,4083
7599,4091
7599,4174
7599,4196
7599,4228
7599,4303
7599,4384
7599,4420
7599,4422
7599,4469
7599,4803
7599,4952
7599,5222
7599,5261
7599,5351
7599,5478
7599,5661
7599,5689
7599,5931
7599,6039
7599,6259
7599,6297
7599,6527
7599,6551
7599,6574
7599,6578
7599,6618
7599,6738
7599,6760
7599,7182
7599,7197
7599,7593
7599,7633
7600,707
7600,934
7600,1718
7600,2314
7600,3131
7600,3170
7600,3521
7600,3650
7600,3952
7600,4118
7600,4691
7600,5301
7600,6769
7600,6867
7600,7579
7601,26
7601,134
7601,419
7601,522
7601,658
7601,899
7601,1002
7601,1024
7601,1194
7601,1236
7601,1591
7601,2095
7601,2117
7601,2173
7601,2309
7601,2819
7601,3123
7601,3257
7601,3294
7601,3438
7601,3621
7601,3657
7601,4013
7601,4217
7601,4650
7601,4812
7601,4828
7601,4848
7601,5061
7601,5133
7601,5302
7601,5568
7601,5595
7601,5932
7601,6054
7601,6289
7601,6353
7601,6759
7601,6983
7601,7276
7601,7398
7601,7534
7602,40
7602,51
7602,107
7602,3013
7602,4031
7602,4745
7602,5321
7602,6105
7602,6119
7602,6733
7603,62
7603,185
7603,432
7603,583
7603,593
7603,599
7603,625
7603,718
7603,766
7603,771
7603,904
7603,1069
7603,1091
7603,1113
7603,1293
7603,1453
7603,1499
7603,2028
7603,2086
7603,2143
7603,2299
7603,2354
7603,2577
7603,2765
7603,2977
7603,2993
7603,3015
7603,3183
7603,3330
7603,3421
7603,3578
7603,3607
7603,3671
7603,3672
7603,3691
7603,3695
7603,3762
7603,3826
7603,3866
7603,3871
7603,3895
7603,3959
7603,4037
7603,4054
7603,4343
7603,4349
7603,4384
7603,4398
7603,4480
7603,5171
7603,5507
7603,5538
7603,5957
7603,5998
7603,6017
7603,6086
7603,6098
7603,6265
7603,6581
7603,6660
7603,6713
7603,6961
7603,7067
7603,7079
7603,7171
7603,7222
7603,7269
7603,7330
7603,7370
7603,7478
7603,7480
7603,7623
7604,1287
7604,2198
7604,2913
7604,4253
7604,4680
7604,5734
7604,6409
7604,6702
7605,1207
7605,1257
7605,1405
7605,2085
7605,2466
7605,3200
7605,3694
7605,4370
7605,7185
7605,7199
7605,7429
7606,53
7606,197
7606,503
7606,1049
7606,1515
7606,2347
7606,2433
7606,2492
7606,2840
7606,3046
7606,3219
7606,3642
7606,3823
7606,3972
7606,4646
7606,4736
7606,5239
7606,6514
7606,6698
7606,7063
7607,23
7607,26
7607,33
7607,69
7607,77
7607,89
7607,240
7607,243
7607,258
7607,260
7607,304
7607,366
7607,369
7607,374
7607,375
7607,431
7607,455
7607,469
7607,475
7607,482
7607,542
7607,593
7607,632
7607,774
7607,800
7607,811
7607,813
7607,836
7607,916
7607,951
7607,1018
7607,1067
7607,1097
7607,1170
7607,1218
7607,1399
7607,1415
7607,1421
7607,1431
7607,1447
7607,1453
7607,1456
7607,1467
7607,1479
7607,1492
7607,1513
7607,1545
7607,1569
7607,1663
7607,1684
7607,1711
7607,1723
7607,1727
7607,1735
7607,1738
7607,1744
7607,1796
7607,1798
7607,1840
7607,1874
7607,1899
7607,1970
7607,1993
7607,2030
7607,2039
7607,2086
7607,2106
7607,2183
7607,2198
7607,2239
7607,2262
7607,2290
7607,2307
7607,2340
7607,2380
7607,2441
7607,2479
7607,2540
7607,2541
7607,2553
7607,2571
7607,2575
7607,2600
7607,2637
7607,2661
7607,2725
7607,2755
7607,2772
7607,2855
7607,2882
7607,2921
7607,2974
7607,3008
7607,3039
7607,3051
7607,3074
7607,3081
7607,3184
7607,3185
7607,3221
7607,3226
7607,3234
7607,3237
7607,3257
7607,3347
7607,3362
7607,3370
7607,3373
7607,3377
7607,3438
7607,3445
7607,3593
7607,3648
7607,3683
7607,3703
7607,3704
7607,3748
7607,3756
7607,3768
7607,3859
7607,3897
7607,3898
7607,3926
7607,3958
7607,3970
7607,3987
7607,4012
7607,4023
7607,4074
7607,4091
7607,4157
7607,4161
7607,4184
7607,4188
7607,4241
7607,4243
7607,4253
7607,4290
7607,4313
7607,4355
7607,4358
7607,4376
7607,4384
7607,4402
7607,4415
7607,4420
7607,4453
7607,4463
7607,4465
7607,4510
7607,4535
7607,4546
7607,4556
7607,4578
7607,4590
7607,4594
7607,4608
7607,4641
7607,4669
7607,4688
7607,4734
7607,4806
7607,4934
7607,4946
7607,4952
7607,5008
7607,5015
7607,5039
7607,5070
7607,5139
7607,5278
7607,5330
7607,5344
7607,5365
7607,5372
7607,5381
7607,5385
7607,5463
7607,5471
7607,5495
7607,5538
7607,5623
7607,5646
7607,5707
7607,5714
7607,5740
7607,5756
7607,5797
7607,5799
7607,5816
7607,5840
7607,5853
7607,5859
7607,5881
7607,5945
7607,5979
7607,5982
7607,6039
7607,6075
7607,6077
7607,6082
7607,6183
7607,6208
7607,6284
7607,6291
7607,6313
7607,6315
7607,6335
7607,6381
7607,6397
7607,6414
7607,6449
7607,6462
7607,6484
7607,6492
7607,6497
7607,6507
7607,6510
7607,6551
7607,6597
7607,6634
7607,6669
7607,6673
7607,6678
7607,6692
7607,6707
7607,6738
7607,6802
7607,6810
7607,6850
7607,6882
7607,6887
7607,6892
7607,6906
7607,6930
7607,6968
7607,7010
7607,7021
7607,7071
7607,7085
7607,7103
7607,7105
7607,7170
7607,7231
7607,7280
7607,7294
7607,7320
7607,7337
7607,7339
7607,7352
7607,7353
7607,7395
7607,7428
7607,7440
7607,7464
7607,7477
7607,7535
7607,7568
7607,7577
7607,7593
7607,7597
7607,7610
7607,7617
7607,7619
7607,7628
7608,225
7608,352
7608,499
7608,526
7608,628
7608,808
7608,892
7608,911
7608,956
7608,994
7608,1084
7608,1196
7608,1291
7608,1448
7608,1761
7608,1810
7608,2026
7608,2092
7608,2111
7608,2215
7608,2279
7608,2402
7608,2536
7608,2567
7608,2655
7608,3078
7608,3457
7608,3506
7608,3725
7608,4067
7608,4069
7608,4115
7608,4140
7608,4206
7608,4609
7608,4957
7608,4990
7608,5170
7608,5739
7608,5798
7608,6036
7608,6408
7608,6547
7608,6569
7608,6630
7608,6909
7608,7047
7608,7077
7608,7307
7608,7322
7608,7512
7609,257
7609,1728
7609,4655
7609,6366
7610,89
7610,258
7610,267
7610,593
7610,1178
7610,1280
7610,1663
7610,1684
7610,1711
7610,1738
7610,1744
7610,1899
7610,1993
7610,2198
7610,2239
7610,2380
7610,3277
7610,3623
7610,3987
7610,4127
7610,4161
7610,4230
7610,4522
7610,4578
7610,4641
7610,4954
7610,5050
7610,5214
7610,5372
7610,5385
7610,5404
7610,5707
7610,5797
7610,5799
7610,5903
7610,5982
7610,6077
7610,6330
7610,6551
7610,6678
7610,6692
7610,6702
7610,6887
7610,6968
7610,7021
7610,7071
7610,7097
7610,7247
7610,7395
7610,7428
7610,7607
7611,31
7611,3967
7611,7095
7612,69
7612,85
7612,123
7612,137
7612,502
7612,766
7612,810
7612,904
7612,973
7612,1058
7612,1430
7612,1453
7612,1575
7612,1958
7612,2143
7612,2198
7612,2370
7612,2377
7612,2763
7612,2765
7612,3183
7612,3311
7612,3370
7612,3659
7612,3672
7612,3895
7612,3948
7612,4376
7612,4384
7612,4466
7612,5082
7612,5132
7612,5212
7612,5251
7612,5296
7612,5455
7612,5459
7612,5507
7612,5593
7612,5623
7612,5730
7612,5952
7612,5962
7612,6098
7612,6553
7612,6705
7612,6961
7612,6984
7612,7067
7612,7079
7612,7101
7612,7252
7612,7580
7613,53
7613,195
7613,872
7613,978
7613,1068
7613,1936
7613,2293
7613,2840
7613,3107
7613,3166
7613,3396
7613,3450
7613,3495
7613,3586
7613,3735
7613,3766
7613,3953
7613,4051
7613,4238
7613,4646
7613,5035
7613,5185
7613,5320
7613,6051
7613,6225
7613,6249
7613,6433
7613,6768
7613,6817
7613,7155
7614,698
7614,1531
7614,1648
7614,1734
7614,1977
7614,2250
7614,2822
7614,3316
7614,3805
7614,3825
7614,4375
7614,4960
7614,5540
7614,5753
7614,6099
7614,7014
7614,7086
7615,1772
7615,1845
7615,2654
7615,3741
7615,3924
7615,3997
7615,4143
7615,4208
7615,4280
7615,4673
7615,5153
7615,5300
7615,5444
7615,6138
7615,6653
7615,6874
7616,266
7616,1472
7616,1999
7616,2755
7616,5709
7617,61
7617,89
7617,593
7617,1249
7617,1711
7617,1738
7617,1746
7617,2198
7617,2239
7617,3277
7617,3502
7617,3623
7617,4421
7617,4578
7617,4806
7617,4983
7617,5740
7617,6468
7617,6551
7617,6702
7617,6707
7617,7607
7618,365
7618,662
7618,941
7618,988
7618,1251
7618,1450
7618,1939
7618,2077
7618,3244
7618,3437
7618,3872
7618,3884
7618,3953
7618,4209
7618,4646
7618,4689
7618,4810
7618,5043
7618,5057
7618,5185
7618,5337
7618,6433
7618,6523
7618,7081
7618,7237
7618,7641
7619,61
7619,89
7619,258
7619,366
7619,593
7619,1429
7619,1513
7619,1744
7619,1746
7619,1899
7619,2198
7619,2239
7619,2380
7619,2541
7619,2832
7619,3152
7619,3277
7619,3987
7619,4071
7619,4641
7619,4682
7619,5050
7619,5404
7619,5415
7619,5707
7619,5797
7619,5799
7619,5903
7619,6183
7619,6702
7619,6807
7619,6887
7619,6921
7619,7247
7619,7395
7619,7607
7620,12
7620,31
7620,84
7620,135
7620,141
7620,157
7620,168
7620,193
7620,205
7620,239
7620,241
7620,244
7620,280
7620,289
7620,347
7620,508
7620,511
7620,531
7620,588
7620,642
7620,651
7620,664
7620,681
7620,734
7620,738
7620,845
7620,880
7620,894
7620,895
7620,1015
7620,1039
7620,1043
7620,1049
7620,1051
7620,1072
7620,1138
7620,1150
7620,1164
7620,1242
7620,1288
7620,1419
7620,1440
7620,1500
7620,1543
7620,1554
7620,1565
7620,1588
7620,1691
7620,1788
7620,1822
7620,1869
7620,1892
7620,1988
7620,2051
7620,2100
7620,2165
7620,2184
7620,2190
7620,2245
7620,2260
7620,2282
7620,2297
7620,2433
7620,2482
7620,2496
7620,2539
7620,2560
7620,2723
7620,2748
7620,2759
7620,2799
7620,2815
7620,2824
7620,2825
7620,2836
7620,2872
7620,2876
7620,2930
7620,2968
7620,2976
7620,3002
7620,3094
7620,3112
7620,3156
7620,3175
7620,3191
7620,3227
7620,3248
7620,3292
7620,3303
7620,3360
7620,3417
7620,3429
7620,3571
7620,3603
7620,3647
7620,3661
7620,3735
7620,3852
7620,3953
7620,3967
7620,3972
7620,4000
7620,4104
7620,4169
7620,4239
7620,4258
7620,4260
7620,4275
7620,4291
7620,4332
7620,4361
7620,4429
7620,4431
7620,4445
7620,4446
7620,4471
7620,4587
7620,4625
7620,4646
7620,4677
7620,4850
7620,4852
7620,4907
7620,4963
7620,4997
7620,5020
7620,5059
7620,5086
7620,5134
7620,5225
7620,5238
7620,5298
7620,5326
7620,5331
7620,5411
7620,5434
7620,5462
7620,5473
7620,5519
7620,5533
7620,5548
7620,5558
7620,5560
7620,5578
7620,5580
7620,5582
7620,5647
7620,5684
7620,5720
7620,5789
7620,5838
7620,5854
7620,5861
7620,5960
7620,5983
7620,6025
7620,6031
7620,6044
7620,6049
7620,6072
7620,6087
7620,6120
7620,6122
7620,6150
7620,6169
7620,6324
7620,6429
7620,6432
7620,6463
7620,6469
7620,6472
7620,6514
7620,6515
7620,6573
7620,6577
7620,6583
7620,6591
7620,6612
7620,6642
7620,6682
7620,6698
7620,6755
7620,6768
7620,6776
7620,6814
7620,6875
7620,6979
7620,7026
7620,7034
7620,7049
7620,7051
7620,7178
7620,7194
7620,7205
7620,7224
7620,7232
7620,7260
7620,7261
7620,7292
7620,7316
7620,7386
7620,7423
7620,7447
7620,7450
7620,7475
7620,7485
7620,7497
7620,7516
7620,7545
7620,7562
7620,7563
7620,7575
7620,7622
7621,195
7621,496
7621,988
7621,993
7621,1134
7621,1340
7621,1556
7621,1750
7621,2121
7621,2412
7621,2646
7621,2662
7621,2799
7621,2803
7621,2833
7621,3086
7621,3343
7621,3467
7621,3630
7621,3674
7621,3729
7621,3869
7621,4232
7621,4628
7621,4633
7621,4665
7621,4738
7621,4867
7621,4906
7621,5633
7621,5817
7621,6245
7621,6460
7621,6473
7621,6549
7621,6813
7621,6838
7621,6910
7621,7224
7621,7334
7621,7412
7621,7427
7621,7442
7622,195
7622,242
7622,941
7622,1035
7622,1419
7622,2379
7622,2976
7622,3107
7622,3175
7622,3227
7622,3244
7622,3352
7622,3571
7622,3953
7622,4137
7622,4209
7622,4961
7622,5320
7622,5720
7622,6169
7622,7041
7622,7155
7622,7575
7622,7620
7623,73
7623,495
7623,551
7623,614
7623,867
7623,1013
7623,1069
7623,1091
7623,1418
7623,1682
7623,1802
7623,1999
7623,2028
7623,2143
7623,2205
7623,2375
7623,2993
7623,3330
7623,3421
7623,3607
7623,3871
7623,3895
7623,3920
7623,3959
7623,4037
7623,4343
7623,4384
7623,5080
7623,5098
7623,5132
7623,5171
7623,5652
7623,5998
7623,6017
7623,6832
7623,7067
7623,7171
7623,7222
7623,7269
7623,7330
7623,7370
7623,7603
7624,8
7624,71
7624,308
7624,397
7624,748
7624,829
7624,1225
7624,1291
7624,1607
7624,1794
7624,2028
7624,2055
7624,2258
7624,2355
7624,2522
7624,2529
7624,2993
7624,3404
7624,3492
7624,3513
7624,3702
7624,3821
7624,3887
7624,3959
7624,4368
7624,4493
7624,4634
7624,4692
7624,4890
7624,5589
7624,6724
7624,7149
7624,7222
7624,7370
7624,7452
7624,7478
7625,68
7625,281
7625,348
7625,354
7625,451
7625,452
7625,522
7625,547
7625,594
7625,624
7625,635
7625,792
7625,799
7625,823
7625,929
7625,1025
7625,1114
7625,1147
7625,1154
7625,1168
7625,1201
7625,1203
7625,1208
7625,1231
7625,1265
7625,1300
7625,1312
7625,1366
7625,1462
7625,1542
7625,1571
7625,1590
7625,1602
7625,1605
7625,1754
7625,1837
7625,1968
7625,1971
7625,2020
7625,2203
7625,2276
7625,2278
7625,2403
7625,2578
7625,2580
7625,2642
7625,2696
7625,2716
7625,2841
7625,2846
7625,2858
7625,2934
7625,3110
7625,3254
7625,3286
7625,3338
7625,3390
7625,3402
7625,3505
7625,3522
7625,3769
7625,3943
7625,4036
7625,4119
7625,4132
7625,4139
7625,4166
7625,4319
7625,4444
7625,4481
7625,4547
7625,4568
7625,4927
7625,4977
7625,4998
7625,5021
7625,5055
7625,5073
7625,5112
7625,5149
7625,5196
7625,5233
7625,5246
7625,5353
7625,5590
7625,5712
7625,5766
7625,6011
7625,6158
7625,6292
7625,6375
7625,6498
7625,6659
7625,6697
7625,6710
7625,6863
7625,6883
7625,6938
7625,6943
7625,6949
7625,7028
7625,7148
7625,7301
7625,7533
7625,7567
7626,1670
7626,3562
7627,1176
7627,2111
7627,2170
7627,2175
7627,4206
7627,4805
7627,5312
7627,5332
7627,7446
7628,61
7628,89
7628,92
7628,446
7628,593
7628,863
7628,903
7628,1006
7628,1067
7628,1104
7628,1444
7628,1492
7628,1540
7628,2106
7628,2198
7628,2239
7628,2370
7628,2549
7628,2571
7628,2614
7628,2620
7628,3183
7628,3408
7628,3428
7628,3608
7628,4184
7628,4203
7628,4230
7628,4366
7628,4384
7628,4682
7628,4737
7628,4768
7628,4871
7628,4952
7628,5222
7628,5404
7628,5412
7628,5689
7628,5707
7628,5740
7628,5799
7628,5952
7628,5975
7628,6434
7628,6437
7628,6551
7628,6578
7628,6646
7628,6702
7628,6704
7628,6707
7628,6802
7628,6810
7628,6890
7628,7114
7628,7395
7628,7501
7628,7607
7629,1830
7629,5383
7630,136
7630,174
7630,517
7630,541
7630,661
7630,928
7630,937
7630,1016
7630,1221
7630,1272
7630,1630
7630,1717
7630,1751
7630,1803
7630,1863
7630,2114
7630,2281
7630,2324
7630,2327
7630,2389
7630,2622
7630,3167
7630,3217
7630,3272
7630,3401
7630,3528
7630,3558
7630,3575
7630,3815
7630,4300
7630,4539
7630,4583
7630,4666
7630,4728
7630,5306
7630,5588
7630,5825
7630,6091
7630,6104
7630,6465
7630,6519
7630,6648
7630,6666
7630,6679
7630,6997
7630,7043
7630,7075
7630,7124
7630,7566
7630,7648
7631,131
7631,256
7631,615
7631,656
7631,695
7631,740
7631,1146
7631,1487
7631,1593
7631,1617
7631,1728
7631,1903
7631,2101
7631,2774
7631,3041
7631,3375
7631,3905
7631,3988
7631,4149
7631,4287
7631,4340
7631,4472
7631,4645
7631,4813
7631,4993
7631,5034
7631,5256
7631,5267
7631,5591
7631,6094
7631,6207
7631,6226
7631,6453
7631,6681
7631,7037
7631,7055
7631,7208
7631,7343
7631,7355
7632,495
7632,766
7632,1069
7632,2518
7632,2576
7632,3203
7632,3330
7632,3578
7632,3895
7632,4109
7632,4223
7632,4376
7632,4670
7632,5455
7632,5639
7632,6012
7632,7467
7633,970
7633,1472
7633,1610
7633,3171
7633,3183
7633,3394
7633,3501
7633,3602
7633,3698
7633,3712
7633,4080
7633,4952
7633,5461
7633,5661
7633,6269
7633,6572
7633,6737
7633,7195
7633,7330
7633,7503
7633,7599
7634,352
7634,526
7634,2529
7634,2536
7634,3510
7634,4273
7634,5556
7634,6909
7634,7047
7635,432
7635,495
7635,728
7635,766
7635,867
7635,975
7635,1013
7635,1339
7635,2198
7635,3513
7635,3518
7635,3695
7635,4054
7635,5179
7635,6029
7635,6098
7635,6118
7635,6565
7635,6770
7635,7067
7636,1482
7636,2982
7636,7172
7636,7476
7637,326
7637,643
7637,2231
7637,2488
7637,5062
7637,7354
7637,7454
7638,500
7638,760
7638,832
7638,967
7638,1042
7638,2461
7638,2484
7638,2847
7638,2972
7638,4376
7638,4541
7638,4805
7638,4957
7639,148
7639,160
7639,310
7639,676
7639,918
7639,1109
7639,1252
7639,1255
7639,1463
7639,1674
7639,2236
7639,2477
7639,3400
7639,3645
7639,3662
7639,3959
7639,4239
7639,4428
7639,4705
7639,5910
7639,6005
7639,6433
7639,6572
7639,7112
7640,5570
7641,43
7641,549
7641,676
7641,791
7641,918
7641,1048
7641,1109
7641,1175
7641,1255
7641,1295
7641,1480
7641,1710
7641,1955
7641,1985
7641,2014
7641,2236
7641,2718
7641,2872
7641,3168
7641,3281
7641,3645
7641,3792
7641,3828
7641,3934
7641,4002
7641,4239
7641,4361
7641,4424
7641,4428
7641,4449
7641,4521
7641,4628
7641,4671
7641,5185
7641,5221
7641,5617
7641,5638
7641,6031
7641,6433
7641,6501
7641,6735
7641,6994
7641,7112
7641,7190
7641,7287
7641,7292
7641,7482
7641,7618
7642,78
7642,459
7642,647
7642,842
7642,1742
7642,1781
7642,1865
7642,2022
7642,2139
7642,2369
7642,2737
7642,2842
7642,3350
7642,3416
7642,3940
7642,4052
7642,4099
7642,4175
7642,4298
7642,4425
7642,4675
7642,4721
7642,4911
7642,4981
7642,5005
7642,5113
7642,5242
7642,5319
7642,5416
7642,5431
7642,5681
7642,5831
7642,5871
7642,6132
7642,6218
7642,6220
7642,6239
7642,6559
7642,6853
7642,6865
7642,6918
7642,7249
7642,7431
7642,7484
7642,7515
7642,7645
7643,1036
7643,2978
7643,6263
7644,50
7644,2239
7644,2952
7644,3332
7644,3475
7644,3491
7644,5186
7645,78
7645,378
7645,427
7645,459
7645,842
7645,1332
7645,1742
7645,1781
7645,1865
7645,1937
7645,2022
7645,2369
7645,2472
7645,2842
7645,3119
7645,3288
7645,3350
7645,3416
7645,3652
7645,3797
7645,3940
7645,4052
7645,4099
7645,4175
7645,4298
7645,4425
7645,4515
7645,4675
7645,4901
7645,4911
7645,4981
7645,5005
7645,5113
7645,5319
7645,5416
7645,5431
7645,5681
7645,5831
7645,5871
7645,6132
7645,6218
7645,6220
7645,6239
7645,6559
7645,6853
7645,6858
7645,6865
7645,6918
7645,6919
7645,7306
7645,7431
7645,7484
7645,7515
7645,7642
7646,453
7646,569
7646,1706
7646,1743
7646,3570
7646,6275
7646,7368
7647,268
7647,577
7647,4646
7647,6304
7647,7034
7648,174
7648,937
7648,1272
7648,1630
7648,1709
7648,2114
7648,2312
7648,2389
7648,3167
7648,3528
7648,4300
7648,4441
7648,4539
7648,4666
7648,5090
7648,5588
7648,5668
7648,6046
7648,6091
7648,6465
7648,6679
7648,7043
7648,7118
7648,7255
7648,7566
7648,7630
7649,2239
7649,3295
7649,4196
